Ticker,Date,Open,High,Low,Close,Volume,Open Interest
AQPTY,20060531,9.16667,9.25000,8.86667,9.16667,6300,27.50000
AQPTY,20060601,9.00000,9.00000,8.95000,9.00000,7200,27.00000
AQPTY,20060602,9.41667,9.41667,9.13334,9.41667,13200,28.25000
AQPTY,20060605,9.41667,9.41667,9.41667,9.41667,2400,28.25000
AQPTY,20060606,9.03334,9.03334,9.03334,9.03334,600,27.10001
AQPTY,20060607,8.66667,9.03334,8.66667,8.66667,1800,26.00000
AQPTY,20060608,8.66667,8.66667,8.33334,8.66667,1800,26.00000
AQPTY,20060612,8.41667,8.41667,8.41667,8.41667,600,25.25000
AQPTY,20060613,7.61667,7.86667,7.50000,7.61667,24600,22.85001
AQPTY,20060615,7.71667,7.71667,7.71667,7.71667,1200,23.15000
AQPTY,20060619,8.41667,8.41667,8.05001,8.41667,1200,25.25000
AQPTY,20060621,8.26667,8.26667,8.00000,8.26667,1500,24.80000
AQPTY,20060623,9.25000,9.25000,9.25000,9.25000,600,27.75000
AQPTY,20060626,8.75000,8.75000,8.75000,8.75000,2400,26.25000
AQPTY,20060627,8.83334,8.83334,8.83334,8.83334,900,26.50000
AQPTY,20060629,9.83334,9.83334,9.83334,9.83334,300,29.50000
AQPTY,20060630,10.16667,10.16667,10.16667,10.16667,600,30.50000
AQPTY,20060703,10.28334,10.28334,10.15000,10.28334,1500,30.85001
AQPTY,20060705,9.83334,9.83334,9.83334,9.83334,6000,29.50000
AQPTY,20060706,9.58334,9.83334,9.58334,9.58334,1200,28.75000
AQPTY,20060707,10.16667,10.16667,10.16667,10.16667,1500,30.50000
AQPTY,20060712,9.93334,9.93334,9.93334,9.93334,1500,29.80000
AQPTY,20060718,9.75000,9.81667,9.75000,9.75000,1800,29.25000
AQPTY,20060719,10.00000,10.31667,9.66667,10.00000,8400,30.00000
AQPTY,20060720,10.55001,10.55001,9.86667,10.55001,26100,31.65000
AQPTY,20060721,10.20000,10.20000,10.20000,10.20000,600,30.60001
AQPTY,20060725,10.36667,10.36667,10.36667,10.36667,600,31.10001
AQPTY,20060726,10.48334,10.50000,10.48334,10.48334,2400,31.45001
AQPTY,20060727,11.58334,11.58334,11.58334,11.58334,600,34.75000
AQPTY,20060728,11.43334,11.50000,11.43334,11.43334,900,34.30000
AQPTY,20060731,11.28334,11.33334,11.28334,11.28334,1200,33.85000
AQPTY,20060801,11.25000,11.25000,11.25000,11.25000,1500,33.75000
AQPTY,20060802,11.16667,11.16667,11.16667,11.16667,600,33.50000
AQPTY,20060803,11.66667,11.68334,11.66667,11.66667,1800,35.00000
AQPTY,20060804,11.93334,12.33334,11.93334,11.93334,2100,35.80000
AQPTY,20060807,12.00000,12.16667,12.00000,12.00000,900,36.00000
AQPTY,20060808,12.00000,12.00000,12.00000,12.00000,900,36.00000
AQPTY,20060809,11.83334,11.83334,11.83334,11.83334,18000,35.50000
AQPTY,20060814,11.50000,11.50000,11.50000,11.50000,1200,34.50000
AQPTY,20060815,11.91667,11.91667,11.70000,11.91667,3000,35.75000
AQPTY,20060816,11.88334,11.88334,11.88334,11.88334,300,35.65001
AQPTY,20060817,11.70000,11.70000,11.70000,11.70000,300,35.10000
AQPTY,20060818,11.83334,11.83334,11.83334,11.83334,1800,35.50000
AQPTY,20060823,11.80001,11.91667,11.80001,11.80001,1500,35.40001
AQPTY,20060824,11.08334,11.58334,11.08334,11.08334,23700,33.25000
AQPTY,20060825,11.63334,11.63334,11.63334,11.63334,900,34.90001
AQPTY,20060829,11.51667,11.80001,11.51667,11.51667,18300,34.55000
AQPTY,20060830,11.83334,11.83334,11.83334,11.83334,1500,35.50000
AQPTY,20060831,11.80001,11.80001,11.75000,11.80001,1500,35.40001
AQPTY,20060905,11.88334,12.25000,11.88334,11.88334,23700,35.65001
AQPTY,20060906,12.08334,12.16667,12.08334,12.08334,1800,36.25000
AQPTY,20060908,11.75000,11.75000,11.75000,11.75000,3000,35.25000
AQPTY,20060911,11.10001,11.10001,11.10001,11.10001,6000,33.30000
AQPTY,20060912,10.76667,10.83334,10.76667,10.76667,2700,32.30000
AQPTY,20060913,10.70000,10.70000,10.66667,10.70000,1500,32.10000
AQPTY,20060914,10.83334,10.83334,10.50000,10.83334,1800,32.50000
AQPTY,20060915,10.41667,10.41667,10.25000,10.41667,2400,31.25000
AQPTY,20060918,10.38334,10.38334,10.00000,10.38334,1200,31.15000
AQPTY,20060919,10.66667,10.66667,10.58334,10.66667,1800,32.00000
AQPTY,20060920,10.83334,10.83334,10.83334,10.83334,1500,32.50000
AQPTY,20060921,10.40000,10.58334,10.40000,10.40000,3600,31.20001
AQPTY,20060922,10.66667,10.66667,10.58334,10.66667,1200,32.00000
AQPTY,20060925,10.30001,10.50000,10.30001,10.30001,3000,30.90000
AQPTY,20060926,10.46667,10.46667,10.41667,10.46667,7500,31.40000
AQPTY,20060927,10.58334,10.58334,10.43334,10.58334,4200,31.75000
AQPTY,20060928,10.71667,10.75000,10.33334,10.71667,8700,32.15001
AQPTY,20060929,10.76667,10.80001,10.53334,10.76667,2400,32.30000
AQPTY,20061003,10.51667,10.91667,10.51667,10.51667,3300,31.55000
AQPTY,20061004,10.78334,10.78334,10.78334,10.78334,1800,32.35000
AQPTY,20061005,10.83334,10.83334,10.83334,10.83334,1500,32.50000
AQPTY,20061006,11.16667,11.16667,10.85001,11.16667,17700,33.50000
AQPTY,20061009,10.63334,10.93334,10.63334,10.63334,900,31.90000
AQPTY,20061010,10.95000,10.95000,10.83334,10.95000,2100,32.85000
AQPTY,20061011,10.90000,10.90000,10.90000,10.90000,1200,32.70001
AQPTY,20061012,11.53334,11.53334,11.26667,11.53334,3000,34.60000
AQPTY,20061013,11.38334,11.38334,11.38334,11.38334,1800,34.15001
AQPTY,20061017,11.66667,11.66667,11.66667,11.66667,1800,35.00000
AQPTY,20061018,11.95000,11.95000,11.66667,11.95000,5400,35.85000
AQPTY,20061019,11.86667,11.86667,11.76667,11.86667,1500,35.60000
AQPTY,20061020,11.91667,11.91667,11.68334,11.91667,2400,35.75000
AQPTY,20061023,11.75000,12.08334,11.75000,11.75000,6300,35.25000
AQPTY,20061024,11.78334,12.15000,11.78334,11.78334,5700,35.35000
AQPTY,20061025,12.21667,12.21667,12.08334,12.21667,2400,36.65001
AQPTY,20061026,12.41667,12.41667,12.35001,12.41667,20100,37.25000
AQPTY,20061027,12.28334,12.30001,12.06667,12.28334,3300,36.85000
AQPTY,20061030,12.41667,12.41667,12.41667,12.41667,7200,37.25000
AQPTY,20061031,12.51667,12.51667,12.41667,12.51667,4200,37.55000
AQPTY,20061101,12.66667,12.71667,12.65000,12.66667,15000,38.00000
AQPTY,20061102,12.65000,12.65000,12.65000,12.65000,600,37.95001
AQPTY,20061103,12.81667,12.81667,12.71667,12.81667,7200,38.45001
AQPTY,20061106,13.50000,13.50000,12.76667,13.50000,18000,40.50000
AQPTY,20061107,13.96667,13.96667,13.53334,13.96667,10800,41.90001
AQPTY,20061108,13.53334,13.70000,13.50000,13.53334,10200,40.60000
AQPTY,20061109,13.23334,13.81667,13.15000,13.23334,24600,39.70001
AQPTY,20061110,13.80001,13.90000,13.80001,13.80001,5700,41.40001
AQPTY,20061113,13.66667,13.66667,13.53334,13.66667,3000,41.00000
AQPTY,20061114,13.58334,13.58334,13.58334,13.58334,6000,40.75000
AQPTY,20061115,13.96667,13.96667,13.96667,13.96667,600,41.90001
AQPTY,20061116,14.53334,14.53334,14.48334,14.53334,7200,43.60000
AQPTY,20061117,14.03334,14.11667,13.83334,14.03334,3000,42.10000
AQPTY,20061120,14.25000,14.25000,13.78334,14.25000,6300,42.75000
AQPTY,20061121,14.36667,14.78334,14.36667,14.36667,2100,43.10000
AQPTY,20061122,14.68334,14.96667,14.66667,14.68334,18300,44.05000
AQPTY,20061127,14.83334,14.83334,14.26667,14.83334,11700,44.50000
AQPTY,20061128,14.41667,14.41667,14.41667,14.41667,1800,43.25000
AQPTY,20061129,14.66667,14.66667,14.46667,14.66667,55500,44.00000
AQPTY,20061130,14.91667,14.91667,14.83334,14.91667,5700,44.75000
AQPTY,20061201,15.20000,15.20000,14.96667,15.20000,3900,45.60000
AQPTY,20061204,15.66667,15.66667,15.16667,15.66667,11400,47.00000
AQPTY,20061205,15.61667,15.61667,15.16667,15.61667,3300,46.85000
AQPTY,20061206,15.30001,15.30001,15.30001,15.30001,1500,45.90001
AQPTY,20061207,15.00000,15.50000,14.81667,15.00000,8100,45.00000
AQPTY,20061208,14.63334,14.66667,14.63334,14.63334,1200,43.90001
AQPTY,20061211,14.58334,14.71667,14.58334,14.58334,3600,43.75000
AQPTY,20061212,14.46667,14.46667,14.41667,14.46667,4500,43.40001
AQPTY,20061213,14.40000,14.60001,14.18334,14.40000,29700,43.20001
AQPTY,20061214,14.75000,14.83334,14.53334,14.75000,6300,44.25000
AQPTY,20061215,14.66667,14.91667,14.53334,14.66667,1500,44.00000
AQPTY,20061218,14.65000,14.88334,14.25000,14.65000,1200,43.95001
AQPTY,20061219,14.38334,14.38334,14.36667,14.38334,3000,43.15001
AQPTY,20061220,14.45000,14.45000,14.45000,14.45000,2700,43.35000
AQPTY,20061221,14.45000,14.60001,14.35001,14.45000,28800,43.35000
AQPTY,20061222,14.51667,14.51667,14.51667,14.51667,4500,43.55000
AQPTY,20061226,14.55001,14.55001,14.55001,14.55001,9600,43.65001
AQPTY,20061227,14.38334,14.38334,14.38334,14.38334,1200,43.15001
AQPTY,20061228,14.65000,14.65000,14.06667,14.65000,3900,43.95001
AQPTY,20061229,14.76667,14.91667,14.76667,14.76667,1800,44.30000
AQPTY,20070103,14.50000,15.08334,14.41667,14.50000,10200,43.50000
AQPTY,20070104,14.03334,14.63334,14.03334,14.03334,3000,42.10000
AQPTY,20070105,13.96667,14.01667,13.93334,13.96667,9000,41.90001
AQPTY,20070108,14.10001,14.10001,13.76667,14.10001,6900,42.30000
AQPTY,20070109,14.16667,14.16667,14.16667,14.16667,1800,42.50000
AQPTY,20070110,14.08334,14.08334,14.03334,14.08334,4200,42.25000
AQPTY,20070111,14.41667,14.41667,14.25000,14.41667,1800,43.25000
AQPTY,20070112,14.73334,14.73334,14.33334,14.73334,3600,44.20001
AQPTY,20070116,15.23334,15.95000,15.23334,15.23334,19800,45.70001
AQPTY,20070117,16.11667,16.23334,16.10667,16.11667,16800,48.35000
AQPTY,20070118,16.66667,16.66667,16.66667,16.66667,6900,50.00000
AQPTY,20070119,16.50000,17.08334,16.50000,16.50000,10800,49.50000
AQPTY,20070122,17.23334,17.25000,17.23334,17.23334,1800,51.70001
AQPTY,20070123,17.31667,17.31667,17.05000,17.31667,10800,51.95001
AQPTY,20070124,17.93334,17.93334,17.28334,17.93334,12600,53.80000
AQPTY,20070125,17.66667,17.66667,16.85667,17.66667,11100,53.00000
AQPTY,20070126,17.31667,17.31667,17.30000,17.31667,5400,51.95001
AQPTY,20070129,17.01667,17.08334,17.01667,17.01667,2100,51.05000
AQPTY,20070130,17.28334,17.28334,17.03334,17.28334,12000,51.85000
AQPTY,20070131,17.53334,17.53334,17.33334,17.53334,12600,52.60000
AQPTY,20070201,17.98334,17.98334,17.81667,17.98334,3600,53.95001
AQPTY,20070202,18.31667,18.31667,17.95001,18.31667,12000,54.95001
AQPTY,20070206,17.73334,18.51667,17.73334,17.73334,4200,53.20001
AQPTY,20070207,18.50000,18.60001,18.20001,18.50000,4200,55.50000
AQPTY,20070208,18.25000,18.33334,18.25000,18.25000,9300,54.75000
AQPTY,20070209,18.95001,19.21667,18.83334,18.95001,19200,56.85000
AQPTY,20070212,19.23334,19.23334,19.16667,19.23334,3900,57.70001
AQPTY,20070213,19.50000,19.50000,19.28334,19.50000,10800,58.50000
AQPTY,20070214,20.88334,20.88334,19.66667,20.88334,14400,62.65001
AQPTY,20070215,19.89334,20.25000,19.83334,19.89334,12600,59.68001
AQPTY,20070216,19.91667,20.00000,19.45001,19.91667,7200,59.75000
AQPTY,20070220,19.80000,19.90000,19.78334,19.80000,6600,59.40001
AQPTY,20070221,19.76667,19.88334,19.33334,19.76667,19200,59.30000
AQPTY,20070222,20.15000,20.15000,19.75000,20.15000,20100,60.45001
AQPTY,20070223,20.41667,20.41667,20.06667,20.41667,18900,61.25000
AQPTY,20070226,20.95001,20.95001,20.50000,20.95001,2100,62.85000
AQPTY,20070227,18.83334,19.78334,18.83334,18.83334,21300,56.50000
AQPTY,20070228,18.58334,18.66667,18.58334,18.58334,1800,55.75000
AQPTY,20070301,18.38334,18.41667,18.00000,18.38334,5400,55.15001
AQPTY,20070302,18.58334,18.58334,17.95001,18.58334,1500,55.75000
AQPTY,20070305,17.66667,17.80000,17.66667,17.66667,4500,53.00000
AQPTY,20070306,18.43334,18.51667,18.43334,18.43334,1800,55.30000
AQPTY,20070307,18.53334,18.53334,18.31667,18.53334,2400,55.60000
AQPTY,20070308,18.98334,19.00000,18.66667,18.98334,3300,56.95001
AQPTY,20070309,19.16667,19.16667,19.00000,19.16667,3000,57.50000
AQPTY,20070312,19.80000,19.86667,19.71667,19.80000,4200,59.40001
AQPTY,20070313,19.43334,19.51667,19.43334,19.43334,1200,58.30000
AQPTY,20070314,19.01667,19.25000,18.66667,19.01667,19200,57.05000
AQPTY,20070315,19.61667,19.75000,19.61667,19.61667,5400,58.85000
AQPTY,20070316,19.98334,19.98334,19.98334,19.98334,600,59.95001
AQPTY,20070319,20.88334,20.88334,20.80000,20.88334,1500,62.65001
AQPTY,20070320,21.50000,21.50000,21.28334,21.50000,9600,64.50000
AQPTY,20070321,22.00000,22.66667,21.96667,22.00000,12000,66.00000
AQPTY,20070322,22.96667,22.96667,22.73334,22.96667,8400,68.90001
AQPTY,20070323,22.96667,22.96667,22.73334,22.96667,8700,68.90001
AQPTY,20070326,22.50000,22.50000,22.50000,22.50000,1200,67.50000
AQPTY,20070327,22.25000,22.25000,22.21667,22.25000,2400,66.75000
AQPTY,20070328,21.65000,21.73334,21.50000,21.65000,3900,64.95000
AQPTY,20070329,22.18334,22.18334,22.18334,22.18334,3000,66.55001
AQPTY,20070330,21.75000,21.75000,21.51667,21.75000,12300,65.25000
AQPTY,20070402,21.98334,22.00000,21.98334,21.98334,5400,65.95000
AQPTY,20070403,22.16667,22.16667,22.00000,22.16667,4200,66.50000
AQPTY,20070404,22.06667,22.06667,22.06667,22.06667,1200,66.20000
AQPTY,20070405,21.70001,21.70001,21.68334,21.70001,2100,65.10000
AQPTY,20070409,21.73334,21.73334,21.73334,21.73334,600,65.20000
AQPTY,20070410,21.80000,21.80000,21.43334,21.80000,12600,65.40001
AQPTY,20070411,22.01667,22.08334,21.96667,22.01667,6600,66.05001
AQPTY,20070412,22.31667,22.31667,22.18334,22.31667,12300,66.95000
AQPTY,20070413,22.10001,22.41667,21.75000,22.10001,17700,66.30001
AQPTY,20070416,22.06667,22.06667,21.73334,22.06667,10800,66.20000
AQPTY,20070417,22.58334,22.58334,22.06667,22.58334,7200,67.75000
AQPTY,20070418,21.76667,21.80000,21.66667,21.76667,3900,65.30001
AQPTY,20070419,21.58334,21.58334,21.58334,21.58334,2400,64.75000
AQPTY,20070420,21.86667,21.86667,21.58334,21.86667,900,65.60000
AQPTY,20070423,21.66667,22.20001,21.66667,21.66667,5100,65.00000
AQPTY,20070424,21.96667,22.08334,21.96667,21.96667,1800,65.90001
AQPTY,20070425,22.31667,22.41667,22.28334,22.31667,2100,66.95000
AQPTY,20070427,21.15000,21.23334,21.15000,21.15000,900,63.45001
AQPTY,20070430,20.50000,20.50000,20.41667,20.50000,2700,61.50000
AQPTY,20070501,20.36667,20.38334,20.15000,20.36667,6600,61.10000
AQPTY,20070502,20.18334,20.26667,20.06667,20.18334,3000,60.55000
AQPTY,20070503,20.23334,20.23334,20.21667,20.23334,1800,60.70001
AQPTY,20070504,20.20001,20.23334,20.16667,20.20001,6300,60.60000
AQPTY,20070507,20.25000,20.65000,20.16667,20.25000,7200,60.75000
AQPTY,20070508,19.56667,19.56667,19.56667,19.56667,4800,58.70001
AQPTY,20070509,19.80000,19.80000,19.70001,19.80000,5400,59.40001
AQPTY,20070510,19.63334,20.05000,19.63334,19.63334,22800,58.90001
AQPTY,20070511,21.03334,21.03334,20.56667,21.03334,32400,63.10000
AQPTY,20070514,20.95001,21.10001,20.78334,20.95001,5400,62.85000
AQPTY,20070515,20.40000,20.51667,20.26667,20.40000,4500,61.20001
AQPTY,20070516,20.88334,21.06667,20.88334,20.88334,51300,62.65001
AQPTY,20070517,20.91667,20.96667,20.91667,20.91667,11400,62.75000
AQPTY,20070518,20.95001,20.95001,20.75000,20.95001,8700,62.85000
AQPTY,20070521,21.46667,21.46667,21.06667,21.46667,6000,64.40001
AQPTY,20070522,21.30000,21.35001,20.90000,21.30000,25800,63.90001
AQPTY,20070523,21.41667,21.43334,21.41667,21.41667,11400,64.25000
AQPTY,20070524,21.31667,21.31667,21.31667,21.31667,3900,63.95001
AQPTY,20070525,21.41667,21.48334,21.41667,21.41667,2400,64.25000
AQPTY,20070529,20.96667,20.96667,20.96667,20.96667,900,62.90001
AQPTY,20070530,20.25000,20.88334,20.25000,20.25000,1800,60.75000
AQPTY,20070531,21.31667,21.31667,21.31667,21.31667,1800,63.95001
AQPTY,20070601,21.16667,21.20001,20.88334,21.16667,4800,63.50000
AQPTY,20070604,20.68334,21.30000,20.68334,20.68334,5400,62.05000
AQPTY,20070605,20.25000,20.93334,20.25000,20.25000,4500,60.75000
AQPTY,20070606,19.75000,20.30000,19.75000,19.75000,13200,59.25000
AQPTY,20070607,18.71667,19.33334,18.66667,18.71667,10500,56.15001
AQPTY,20070611,19.21667,19.66667,19.21667,19.21667,3600,57.65001
AQPTY,20070613,20.25000,20.25000,20.25000,20.25000,600,60.75000
AQPTY,20070614,20.50000,20.50000,20.31667,20.50000,6300,61.50000
AQPTY,20070615,20.65000,20.65000,20.33334,20.65000,34200,61.95001
AQPTY,20070618,20.46667,20.98334,20.46667,20.46667,17400,61.40001
AQPTY,20070619,21.10001,21.10001,21.10001,21.10001,3600,63.30000
AQPTY,20070620,21.56667,21.58334,21.56667,21.56667,9900,64.70000
AQPTY,20070621,21.58334,21.58334,21.55000,21.58334,4200,64.75000
AQPTY,20070622,21.91667,22.05000,21.78334,21.91667,16200,65.75000
AQPTY,20070625,21.41667,21.70001,21.05000,21.41667,9900,64.25000
AQPTY,20070626,21.01667,21.23334,21.01667,21.01667,2700,63.05000
AQPTY,20070627,20.50000,20.50000,20.01667,20.50000,5700,61.50000
AQPTY,20070628,20.70001,20.70001,20.70001,20.70001,5700,62.10000
AQPTY,20070629,20.88334,21.05000,20.76667,20.88334,23400,62.65001
AQPTY,20070702,21.11667,21.66667,21.11667,21.11667,10500,63.35000
AQPTY,20070703,22.25000,22.25000,22.25000,22.25000,1800,66.75000
AQPTY,20070705,21.78334,21.78334,21.78334,21.78334,900,65.35000
AQPTY,20070706,22.08334,22.08334,22.00000,22.08334,4500,66.25000
AQPTY,20070709,22.98334,22.98334,22.71667,22.98334,10200,68.95000
AQPTY,20070710,22.66667,22.66667,22.66667,22.66667,3300,68.00000
AQPTY,20070711,22.46667,22.98334,22.46667,22.46667,8400,67.40001
AQPTY,20070712,23.33334,23.50000,23.00000,23.33334,5700,70.00000
AQPTY,20070713,23.66667,24.08334,23.66667,23.66667,5100,71.00000
AQPTY,20070716,24.18334,24.18334,24.18334,24.18334,3300,72.55001
AQPTY,20070717,23.91667,23.91667,23.43334,23.91667,6300,71.75000
AQPTY,20070718,23.60001,23.60001,23.33334,23.60001,1500,70.80001
AQPTY,20070719,22.75000,22.81667,22.31667,22.75000,10200,68.25000
AQPTY,20070720,22.33334,23.00000,22.10001,22.33334,7800,67.00000
AQPTY,20070723,21.50000,21.68334,21.50000,21.50000,8400,64.50000
AQPTY,20070724,20.96667,21.20001,20.83334,20.96667,48900,62.90001
AQPTY,20070725,20.68334,20.96667,20.68334,20.68334,12300,62.05000
AQPTY,20070726,20.58334,20.58334,20.13334,20.58334,12900,61.75000
AQPTY,20070727,19.21667,19.96667,19.00000,19.21667,4800,57.65001
AQPTY,20070730,19.60001,19.60001,19.00000,19.60001,4800,58.80000
AQPTY,20070731,19.98334,19.98334,19.51667,19.98334,9900,59.95001
AQPTY,20070801,20.25000,20.50000,19.86667,20.25000,16800,60.75000
AQPTY,20070802,19.43334,19.45001,19.41667,19.43334,3900,58.30000
AQPTY,20070803,18.41667,18.90000,18.41667,18.41667,9600,55.25000
AQPTY,20070806,17.83334,17.83334,17.56667,17.83334,9900,53.50000
AQPTY,20070807,18.58334,18.58334,17.76667,18.58334,25500,55.75000
AQPTY,20070808,19.66667,19.66667,19.33334,19.66667,8700,59.00000
AQPTY,20070809,19.20001,19.25000,18.98334,19.20001,12000,57.60000
AQPTY,20070810,18.95001,18.95001,18.00000,18.95001,28200,56.85000
AQPTY,20070813,19.30000,19.65000,19.18334,19.30000,11700,57.90001
AQPTY,20070814,18.66667,19.16667,18.66667,18.66667,13500,56.00000
AQPTY,20070815,18.21667,18.98334,18.21667,18.21667,23100,54.65001
AQPTY,20070816,17.71667,17.98334,17.33334,17.71667,5100,53.15001
AQPTY,20070817,18.66667,18.66667,17.78334,18.66667,4500,56.00000
AQPTY,20070820,18.63334,18.66667,18.63334,18.63334,1500,55.90001
AQPTY,20070821,17.80000,18.66667,17.80000,17.80000,5700,53.40001
AQPTY,20070822,19.13334,19.13334,19.00000,19.13334,3300,57.40001
AQPTY,20070823,19.51667,19.65000,19.26667,19.51667,23400,58.55000
AQPTY,20070824,19.73334,19.73334,19.50000,19.73334,2400,59.20001
AQPTY,20070827,20.50000,20.63334,19.91667,20.50000,9600,61.50000
AQPTY,20070828,18.58334,19.56667,18.58334,18.58334,17400,55.75000
AQPTY,20070829,19.51667,19.53334,19.51667,19.51667,2400,58.55000
AQPTY,20070830,19.73334,20.03334,19.66667,19.73334,7500,59.20001
AQPTY,20070831,20.45001,20.78334,20.41667,20.45001,4200,61.35000
AQPTY,20070904,21.35001,21.63334,20.93334,21.35001,11400,64.05001
AQPTY,20070905,21.41667,21.48334,21.33334,21.41667,40200,64.25000
AQPTY,20070906,22.33334,22.58334,22.16667,22.33334,19200,67.00000
AQPTY,20070907,21.41667,22.13334,21.25000,21.41667,18000,64.25000
AQPTY,20070910,21.55000,21.55000,21.55000,21.55000,2400,64.65001
AQPTY,20070911,22.05000,22.05000,21.96667,22.05000,1500,66.15001
AQPTY,20070912,21.66667,21.75000,21.66667,21.66667,4200,65.00000
AQPTY,20070913,21.66667,22.03334,21.66667,21.66667,3300,65.00000
AQPTY,20070914,21.66667,21.85001,21.48334,21.66667,11400,65.00000
AQPTY,20070917,21.66667,21.66667,21.35001,21.66667,7200,65.00000
AQPTY,20070918,22.18334,22.18334,21.33334,22.18334,38100,66.55001
AQPTY,20070919,22.91667,22.96667,22.18334,22.91667,6300,68.75000
AQPTY,20070920,22.23334,22.86667,22.23334,22.23334,25200,66.70000
AQPTY,20070921,23.58334,23.66667,23.21667,23.58334,15600,70.75000
AQPTY,20070924,25.21667,25.23334,24.66667,25.21667,11100,75.65001
AQPTY,20070925,24.20001,24.68334,22.98334,24.20001,15300,72.60000
AQPTY,20070926,25.30000,25.30000,25.00000,25.30000,7800,75.90001
AQPTY,20070927,23.66667,26.00000,23.66667,23.66667,17700,71.00000
AQPTY,20070928,23.68334,24.87001,23.68334,23.68334,9900,71.05001
AQPTY,20071001,23.91667,24.18334,23.81667,23.91667,15300,71.75000
AQPTY,20071002,22.53334,23.66667,22.08334,22.53334,14400,67.60000
AQPTY,20071003,22.75000,23.11667,22.75000,22.75000,4800,68.25000
AQPTY,20071004,23.08334,23.08334,22.33334,23.08334,16800,69.25000
AQPTY,20071005,22.56667,22.56667,22.15000,22.56667,10200,67.70000
AQPTY,20071009,21.93334,22.20001,21.83334,21.93334,33000,65.80001
AQPTY,20071010,22.76667,23.03334,22.38334,22.76667,3600,68.30001
AQPTY,20071011,24.66667,25.33334,24.66667,24.66667,13800,74.00000
AQPTY,20071012,25.23334,25.23334,24.91667,25.23334,21000,75.70000
AQPTY,20071015,24.16667,24.65000,23.91667,24.16667,26700,72.50000
AQPTY,20071016,23.73334,23.76667,23.06667,23.73334,5700,71.20000
AQPTY,20071018,24.91667,25.30000,24.78334,24.91667,45000,74.75000
AQPTY,20071019,24.80000,25.40000,24.33334,24.80000,6600,74.40001
AQPTY,20071022,24.28334,24.28334,23.93334,24.28334,2100,72.85000
AQPTY,20071023,25.03334,25.31667,24.95001,25.03334,11700,75.10000
AQPTY,20071024,23.33334,24.61667,23.33334,23.33334,22800,70.00000
AQPTY,20071025,24.65000,24.66667,24.33334,24.65000,6000,73.95000
AQPTY,20071026,21.70001,25.06667,21.70001,21.70001,7200,65.10000
AQPTY,20071029,26.23334,26.23334,25.60001,26.23334,7500,78.70000
AQPTY,20071030,25.46667,25.66667,25.46667,25.46667,4200,76.40001
AQPTY,20071031,25.83334,25.83334,25.56667,25.83334,5700,77.50000
AQPTY,20071101,25.48334,25.48334,25.48334,25.48334,1200,76.45000
AQPTY,20071102,25.15000,25.15000,24.70001,25.15000,3300,75.45000
AQPTY,20071105,24.26667,24.48334,23.93334,24.26667,12900,72.80001
AQPTY,20071106,27.66667,27.66667,25.00000,27.66667,2934,83.00000
AQPTY,20071107,26.28334,26.43334,26.28334,26.28334,7500,78.85000
AQPTY,20071108,25.38334,26.66667,25.38334,25.38334,10200,76.15001
AQPTY,20071109,24.86667,24.93334,24.00000,24.86667,1800,74.60000
AQPTY,20071112,22.33334,22.66667,22.33334,22.33334,1200,67.00000
AQPTY,20071114,23.15000,23.41667,23.15000,23.15000,3600,69.45000
AQPTY,20071115,22.95001,22.98334,22.95001,22.95001,1500,68.85000
AQPTY,20071116,23.36667,23.43334,23.36667,23.36667,2100,70.10000
AQPTY,20071119,20.01667,22.13334,20.01667,20.01667,15300,60.05000
AQPTY,20071120,21.03334,21.50000,21.03334,21.03334,6300,63.10000
AQPTY,20071121,20.41667,20.73334,20.41667,20.41667,8700,61.25000
AQPTY,20071123,21.91667,22.38334,21.91667,21.91667,5700,65.75000
AQPTY,20071126,22.66667,22.66667,22.65000,22.66667,900,68.00000
AQPTY,20071127,21.83334,22.46667,21.73334,21.83334,3600,65.50000
AQPTY,20071128,22.86667,22.86667,22.86667,22.86667,600,68.60000
AQPTY,20071129,24.11667,24.11667,23.03334,24.11667,5100,72.35000
AQPTY,20071130,7.65001,24.46667,7.65001,7.65001,2700,22.95001
AQPTY,20071203,23.60001,23.76667,23.10001,23.60001,58200,70.80001
AQPTY,20071204,22.18334,23.45001,22.18334,22.18334,2100,66.55001
AQPTY,20071205,22.70001,23.13334,22.70001,22.70001,3900,68.10000
AQPTY,20071206,23.31667,23.31667,22.70001,23.31667,3900,69.95000
AQPTY,20071207,26.66667,26.66667,24.43334,26.66667,5700,80.00000
AQPTY,20071210,24.76667,24.76667,23.50000,24.76667,5400,74.30001
AQPTY,20071211,25.40000,25.40000,24.85001,25.40000,1200,76.20000
AQPTY,20071212,26.00000,26.15000,25.60001,26.00000,1100,26.00000
AQPTY,20071214,23.05000,64.10000,22.00000,23.05000,12900,23.05000
AQPTY,20071217,20.85001,21.45001,20.75000,20.85001,7700,20.85001
AQPTY,20071218,22.05000,23.15000,22.05000,22.05000,6300,22.05000
AQPTY,20071219,21.85001,22.45001,21.85001,21.85001,7300,21.85001
AQPTY,20071220,21.30000,21.70001,21.30000,21.30000,5700,21.30000
AQPTY,20071221,23.40000,23.40000,21.80000,23.40000,3200,23.40000
AQPTY,20071224,22.05000,22.05000,20.90000,22.05000,4800,22.05000
AQPTY,20071226,21.50000,21.50000,20.60001,21.50000,25200,21.50000
AQPTY,20071227,22.85001,22.85001,21.95001,22.85001,4700,22.85001
AQPTY,20071228,22.70001,22.90000,22.60001,22.70001,3600,22.70001
AQPTY,20071231,23.15000,23.25000,21.75000,23.15000,5000,23.15000
AQPTY,20080102,23.00000,23.00000,22.30000,23.00000,3000,23.00000
AQPTY,20080103,23.55000,23.85001,23.55000,23.55000,4200,23.55000
AQPTY,20080104,22.90000,23.60001,22.90000,22.90000,19400,22.90000
AQPTY,20080107,23.15000,23.20001,22.60001,23.15000,6700,23.15000
AQPTY,20080108,24.00000,24.30000,24.00000,24.00000,4400,24.00000
AQPTY,20080109,24.00000,24.45001,23.60001,24.00000,5900,24.00000
AQPTY,20080110,25.00000,25.00000,24.20001,25.00000,8400,25.00000
AQPTY,20080114,25.15000,25.15000,24.70001,25.15000,4700,25.15000
AQPTY,20080115,22.95001,25.25000,22.95001,22.95001,9900,22.95001
AQPTY,20080116,23.50000,23.90000,22.25000,23.50000,17400,23.50000
AQPTY,20080117,22.05000,22.85001,22.05000,22.05000,5400,22.05000
AQPTY,20080118,21.15000,22.00000,21.15000,21.15000,17300,21.15000
AQPTY,20080122,20.25000,21.00000,18.95001,20.25000,5800,20.25000
AQPTY,20080123,21.50000,21.50000,19.45001,21.50000,8200,21.50000
AQPTY,20080124,21.50000,22.55000,21.00000,21.50000,11700,21.50000
AQPTY,20080125,22.40000,22.70001,21.55000,22.40000,5200,22.40000
AQPTY,20080128,22.15000,22.15000,20.55000,22.15000,5200,22.15000
AQPTY,20080130,24.75000,24.75000,23.50000,24.75000,2700,24.75000
AQPTY,20080131,24.35001,24.40000,23.20001,24.35001,5200,24.35001
AQPTY,20080201,26.60001,26.65000,25.90000,26.60001,4700,26.60001
AQPTY,20080204,29.75000,29.75000,28.15000,29.75000,18000,29.75000
AQPTY,20080205,27.75000,27.95001,27.30000,27.75000,12400,27.75000
AQPTY,20080206,27.55000,27.55000,26.80000,27.55000,12300,27.55000
AQPTY,20080207,27.40000,27.85001,27.10001,27.40000,11100,27.40000
AQPTY,20080208,27.20001,27.60001,27.10001,27.20001,6400,27.20001
AQPTY,20080211,27.15000,27.15000,26.70001,27.15000,2600,27.15000
AQPTY,20080213,27.70001,28.20001,27.25000,27.70001,8700,27.70001
AQPTY,20080214,31.90000,31.90000,30.10001,31.90000,8700,31.90000
AQPTY,20080215,30.70001,30.70001,29.90000,30.70001,4000,30.70001
AQPTY,20080219,30.75000,31.50000,30.45001,30.75000,4800,30.75000
AQPTY,20080220,34.00000,34.00000,32.15001,34.00000,10300,34.00000
AQPTY,20080221,34.20001,35.25000,34.05000,34.20001,1600,34.20001
AQPTY,20080222,32.15001,32.90001,31.00000,32.15001,7700,32.15001
AQPTY,20080225,30.40000,30.50000,29.60001,30.40000,15500,30.40000
AQPTY,20080226,30.80000,30.80000,29.50000,30.80000,11800,30.80000
AQPTY,20080227,30.05000,31.00000,30.05000,30.05000,5800,30.05000
AQPTY,20080228,31.25000,31.25000,30.57000,31.25000,6400,31.25000
AQPTY,20080229,30.50000,31.05000,30.10001,30.50000,4300,30.50000
AQPTY,20080303,30.75000,32.50000,30.75000,30.75000,4600,30.75000
AQPTY,20080304,30.50000,32.46000,30.45001,30.50000,6900,30.50000
AQPTY,20080305,32.71000,32.85000,32.46000,32.71000,6900,32.71000
AQPTY,20080306,32.10000,33.30000,32.10000,32.10000,10000,32.10000
AQPTY,20080307,31.40000,32.90001,30.60001,31.40000,10200,31.40000
AQPTY,20080310,26.50000,28.15000,25.65000,26.50000,8700,26.50000
AQPTY,20080311,28.35001,29.35001,28.00000,28.35001,16500,28.35001
AQPTY,20080312,30.40000,30.60001,29.80000,30.40000,13400,30.40000
AQPTY,20080313,29.25000,29.50000,28.40000,29.25000,22700,29.25000
AQPTY,20080314,29.75000,30.75000,29.70001,29.75000,4300,29.75000
AQPTY,20080317,26.10001,28.05000,26.05000,26.10001,5600,26.10001
AQPTY,20080318,28.05000,28.05000,27.00000,28.05000,23100,28.05000
AQPTY,20080319,26.15000,28.45001,25.70001,26.15000,25000,26.15000
AQPTY,20080320,25.45001,25.85001,24.70001,25.45001,21700,25.45001
AQPTY,20080324,26.00000,26.25000,24.00000,26.00000,34000,26.00000
AQPTY,20080325,26.75000,27.34001,26.50000,26.75000,8000,26.75000
AQPTY,20080326,29.00000,29.00000,28.35001,29.00000,3200,29.00000
AQPTY,20080327,29.80000,30.90000,29.80000,29.80000,1800,29.80000
AQPTY,20080328,30.15000,30.90000,29.65000,30.15000,7300,30.15000
AQPTY,20080331,29.50000,30.15000,29.50000,29.50000,7000,29.50000
AQPTY,20080401,28.70001,29.15000,28.00000,28.70001,6500,28.70001
AQPTY,20080402,29.60001,29.60001,29.10001,29.60001,3700,29.60001
AQPTY,20080403,29.95001,30.40000,29.95001,29.95001,12800,29.95001
AQPTY,20080404,30.80000,30.80000,30.45001,30.80000,4300,30.80000
AQPTY,20080407,30.95001,31.55000,30.95001,30.95001,4600,30.95001
AQPTY,20080408,30.50000,31.15000,30.50000,30.50000,9300,30.50000
AQPTY,20080409,31.85001,32.46000,31.40000,31.85001,3600,31.85001
AQPTY,20080410,31.85001,31.90000,31.30000,31.85001,2800,31.85001
AQPTY,20080411,31.40000,31.45001,30.95001,31.40000,1900,31.40000
AQPTY,20080414,32.10000,32.65001,29.10001,32.10000,10000,32.10000
AQPTY,20080415,33.71000,33.71000,32.00000,33.71000,11800,33.71000
AQPTY,20080416,33.55000,33.60000,32.50000,33.55000,3100,33.55000
AQPTY,20080417,31.85001,32.05000,31.70001,31.85001,12500,31.85001
AQPTY,20080418,33.00000,33.00000,31.65000,33.00000,8500,33.00000
AQPTY,20080421,32.35000,32.35000,31.45001,32.35000,4800,32.35000
AQPTY,20080422,31.45001,31.80000,31.40000,31.45001,2600,31.45001
AQPTY,20080423,32.00000,32.00000,32.00000,32.00000,2200,32.00000
AQPTY,20080424,29.50000,31.10001,29.50000,29.50000,6700,29.50000
AQPTY,20080425,28.40000,30.25000,28.40000,28.40000,11700,28.40000
AQPTY,20080428,30.75000,31.50000,30.75000,30.75000,17500,30.75000
AQPTY,20080429,31.00000,31.00000,30.65000,31.00000,1800,31.00000
AQPTY,20080430,31.30000,31.30000,31.20001,31.30000,3300,31.30000
AQPTY,20080501,31.05000,31.85001,30.75000,31.05000,2500,31.05000
AQPTY,20080502,32.75000,32.75000,31.70001,32.75000,2800,32.75000
AQPTY,20080506,33.25000,33.25000,32.50000,33.25000,1300,33.25000
AQPTY,20080507,32.65001,32.71000,32.00000,32.65001,1300,32.65001
AQPTY,20080508,33.45001,33.45001,32.70001,33.45001,9400,33.45001
AQPTY,20080509,32.95001,32.95001,32.15001,32.95001,5000,32.95001
AQPTY,20080512,32.85000,32.90001,32.00000,32.85000,1700,32.85000
AQPTY,20080513,31.31000,31.90000,31.10001,31.31000,3100,31.31000
AQPTY,20080514,31.00000,31.00000,30.60001,31.00000,2900,31.00000
AQPTY,20080515,32.75000,32.75000,32.20001,32.75000,6000,32.75000
AQPTY,20080516,33.40001,33.40001,32.70001,33.40001,3700,33.40001
AQPTY,20080519,36.00000,36.00000,33.40001,36.00000,9100,36.00000
AQPTY,20080520,34.10000,34.10000,32.59001,34.10000,4900,34.10000
AQPTY,20080521,34.46000,34.95001,33.95001,34.46000,4100,34.46000
AQPTY,20080522,34.95001,35.10000,34.71000,34.95001,2100,34.95001
AQPTY,20080523,33.35000,33.71000,32.70001,33.35000,4200,33.35000
AQPTY,20080527,34.60000,34.60000,33.96000,34.60000,1500,34.60000
AQPTY,20080528,35.40001,35.40001,34.60000,35.40001,1400,35.40001
AQPTY,20080529,34.85000,34.85000,34.40001,34.85000,1200,34.85000
AQPTY,20080530,33.45001,33.45001,33.00000,33.45001,5400,33.45001
AQPTY,20080602,32.35000,32.35000,31.50000,32.35000,3500,32.35000
AQPTY,20080603,32.75000,32.80000,32.15001,32.75000,3100,32.75000
AQPTY,20080604,33.35000,33.70001,32.65001,33.35000,5100,33.35000
AQPTY,20080606,31.35001,31.70001,31.35001,31.35001,2000,31.35001
AQPTY,20080609,31.10001,31.35001,30.95001,31.10001,2600,31.10001
AQPTY,20080610,30.20001,30.70001,30.10001,30.20001,5400,30.20001
AQPTY,20080611,30.30000,30.30000,29.95001,30.30000,2100,30.30000
AQPTY,20080612,31.20001,31.20001,30.20001,31.20001,6700,31.20001
AQPTY,20080613,31.75000,31.75000,28.80000,31.75000,12800,31.75000
AQPTY,20080616,31.40000,31.40000,30.15000,31.40000,12300,31.40000
AQPTY,20080617,31.75000,32.40001,31.50000,31.75000,4200,31.75000
AQPTY,20080618,32.00000,32.00000,31.13000,32.00000,6900,32.00000
AQPTY,20080619,31.56000,32.25000,31.56000,31.56000,1400,31.56000
AQPTY,20080620,33.40001,33.89000,33.05000,33.40001,5000,33.40001
AQPTY,20080624,32.47001,33.14000,32.47001,32.47001,2400,32.47001
AQPTY,20080625,32.00000,32.47001,31.65000,32.00000,1200,32.00000
AQPTY,20080626,32.21000,32.93001,32.21000,32.21000,700,32.21000
AQPTY,20080627,33.00000,33.08001,32.21000,33.00000,3400,33.00000
AQPTY,20080630,32.65001,33.39000,31.80000,32.65001,6000,32.65001
AQPTY,20080701,33.00000,33.00000,31.00000,33.00000,11500,33.00000
AQPTY,20080702,31.35001,31.92001,31.28001,31.35001,5100,31.35001
AQPTY,20080703,29.85001,30.69001,29.83000,29.85001,3600,29.85001
AQPTY,20080707,29.91000,29.91000,29.77001,29.91000,400,29.91000
AQPTY,20080708,27.19001,28.21000,27.19001,27.19001,3000,27.19001
AQPTY,20080709,28.00000,28.58000,28.00000,28.00000,400,28.00000
AQPTY,20080710,28.34001,28.34001,27.68001,28.34001,600,28.34001
AQPTY,20080711,28.70001,28.80000,28.42001,28.70001,2800,28.70001
AQPTY,20080714,27.80000,29.05000,27.80000,27.80000,1200,27.80000
AQPTY,20080715,28.65000,28.65000,27.70001,28.65000,1400,28.65000
AQPTY,20080716,26.45001,27.45001,26.45001,26.45001,2000,26.45001
AQPTY,20080717,26.00000,26.20001,25.00000,26.00000,3000,26.00000
AQPTY,20080718,24.25000,24.70001,24.00000,24.25000,1600,24.25000
AQPTY,20080721,25.40000,25.94001,25.40000,25.40000,1500,25.40000
AQPTY,20080722,24.75000,24.75000,24.35001,24.75000,2400,24.75000
AQPTY,20080723,23.65000,23.65000,22.25000,23.65000,1500,23.65000
AQPTY,20080724,21.45001,21.45001,20.75000,21.45001,1700,21.45001
AQPTY,20080725,21.55000,21.55000,20.97000,21.55000,7300,21.55000
AQPTY,20080728,21.70001,21.70001,21.20001,21.70001,2600,21.70001
AQPTY,20080729,21.55000,22.40000,21.30000,21.55000,35500,21.55000
AQPTY,20080730,20.80000,20.90000,20.00000,20.80000,95900,20.80000
AQPTY,20080731,19.85001,20.15000,19.50000,19.85001,7800,19.85001
AQPTY,20080801,17.90000,19.36001,17.90000,17.90000,12000,17.90000
AQPTY,20080804,15.95000,16.90000,15.40000,15.95000,8500,15.95000
AQPTY,20080805,15.00000,15.21001,14.75000,15.00000,26700,15.00000
AQPTY,20080806,18.10001,18.15000,16.70001,18.10001,3900,18.10001
AQPTY,20080807,17.80000,18.00000,17.39000,17.80000,2200,17.80000
AQPTY,20080808,16.30000,17.02001,16.20001,16.30000,5500,16.30000
AQPTY,20080811,17.00000,17.00000,16.55000,17.00000,6700,17.00000
AQPTY,20080812,16.10001,16.10001,15.40000,16.10001,8300,16.10001
AQPTY,20080813,16.80000,17.40000,16.50000,16.80000,9500,16.80000
AQPTY,20080814,18.45001,18.45001,17.61001,18.45001,3800,18.45001
AQPTY,20080815,17.20001,17.25000,16.70001,17.20001,5600,17.20001
AQPTY,20080818,17.50000,17.50000,17.20001,17.50000,1200,17.50000
AQPTY,20080819,16.20001,17.10001,16.20001,16.20001,23200,16.20001
AQPTY,20080820,17.70001,17.70001,16.95001,17.70001,8200,17.70001
AQPTY,20080821,18.40000,18.50000,17.75000,18.40000,2800,18.40000
AQPTY,20080822,18.35001,18.36001,17.85001,18.35001,1700,18.35001
AQPTY,20080825,18.80000,19.10001,17.95001,18.80000,2600,18.80000
AQPTY,20080826,17.56000,17.90000,17.39000,17.56000,2500,17.56000
AQPTY,20080827,19.15000,19.15000,18.25000,19.15000,5300,19.15000
AQPTY,20080828,18.40000,18.40000,18.10001,18.40000,13800,18.40000
AQPTY,20080829,18.00000,18.36001,17.95001,18.00000,45500,18.00000
AQPTY,20080902,16.25000,16.60001,16.25000,16.25000,1500,16.25000
AQPTY,20080903,15.70000,16.35001,15.50000,15.70000,10500,15.70000
AQPTY,20080904,15.45000,15.85001,14.85001,15.45000,12400,15.45000
AQPTY,20080905,14.10001,15.00000,14.10001,14.10001,4400,14.10001
AQPTY,20080908,14.50000,15.60001,14.50000,14.50000,5200,14.50000
AQPTY,20080909,13.00000,13.95000,13.00000,13.00000,8000,13.00000
AQPTY,20080910,12.60001,13.05001,12.60001,12.60001,5300,12.60001
AQPTY,20080911,13.55001,13.80001,13.35001,13.55001,3700,13.55001
AQPTY,20080912,15.35001,15.35001,14.15000,15.35001,9500,15.35001
AQPTY,20080915,14.30001,14.30001,13.65000,14.30001,1500,14.30001
AQPTY,20080916,12.75000,13.15000,12.25000,12.75000,7800,12.75000
AQPTY,20080917,12.30001,12.30001,11.65000,12.30001,24100,12.30001
AQPTY,20080918,11.35001,11.75000,11.30001,11.35001,4700,11.35001
AQPTY,20080919,12.60001,13.60001,12.50000,12.60001,6600,12.60001
AQPTY,20080922,13.65000,14.10001,13.25000,13.65000,5300,13.65000
AQPTY,20080923,12.25000,13.25000,12.15000,12.25000,5700,12.25000
AQPTY,20080924,12.80001,12.80001,12.20000,12.80001,5600,12.80001
AQPTY,20080925,12.20000,12.20000,11.80001,12.20000,5400,12.20000
AQPTY,20080926,10.75000,11.30001,10.75000,10.75000,4100,10.75000
AQPTY,20080929,9.20000,10.70000,9.20000,9.20000,10500,9.20000
AQPTY,20080930,10.15000,10.15000,9.65000,10.15000,4900,10.15000
AQPTY,20081001,9.50000,9.50000,8.70000,9.50000,13200,9.50000
AQPTY,20081002,8.40000,8.62000,8.00000,8.40000,2500,8.40000
AQPTY,20081003,7.50000,8.10001,7.50000,7.50000,7200,7.50000
AQPTY,20081006,5.50000,6.45000,5.50000,5.50000,34600,5.50000
AQPTY,20081007,6.40001,6.85000,5.95000,6.40001,17200,6.40001
AQPTY,20081008,6.05001,6.60000,5.55001,6.05001,15100,6.05001
AQPTY,20081009,5.55001,6.40001,5.55001,5.55001,12200,5.55001
AQPTY,20081010,5.75000,6.10000,4.60000,5.75000,18500,5.75000
AQPTY,20081013,5.75000,6.75000,5.70000,5.75000,16900,5.75000
AQPTY,20081014,6.00000,7.52000,6.00000,6.00000,14800,6.00000
AQPTY,20081015,4.75000,6.10000,4.75000,4.75000,7200,4.75000
AQPTY,20081016,4.90001,5.50000,4.40001,4.90001,5200,4.90001
AQPTY,20081017,4.20000,4.95000,4.05001,4.20000,18300,4.20000
AQPTY,20081020,4.65001,5.15001,4.45000,4.65001,28200,4.65001
AQPTY,20081021,4.70000,5.25000,4.65001,4.70000,1100,4.70000
AQPTY,20081022,4.05001,4.15001,3.75000,4.05001,14000,4.05001
AQPTY,20081023,3.50000,3.55000,3.05000,3.50000,12100,3.50000
AQPTY,20081024,2.90001,3.05000,2.55000,2.90001,4300,2.90001
AQPTY,20081027,2.50000,3.15001,2.50000,3.15001,6600,3.15001
AQPTY,20081028,2.70001,3.15001,2.55000,2.65001,6700,2.65001
AQPTY,20081029,3.20001,4.00000,3.20001,3.60000,16600,3.60000
AQPTY,20081030,4.20000,4.20000,3.95001,3.95001,7300,3.95001
AQPTY,20081031,3.95001,5.00000,3.90001,4.95000,11000,4.95000
AQPTY,20081103,4.35000,4.75000,4.13001,4.55001,26200,4.55001
AQPTY,20081104,4.40001,5.45000,4.40001,5.15001,20400,5.15001
AQPTY,20081105,4.70000,5.25000,4.55001,4.55001,3500,4.55001
AQPTY,20081106,4.68000,4.75000,4.10000,4.75000,21300,4.75000
AQPTY,20081107,4.20000,4.50000,4.20000,4.50000,400,4.50000
AQPTY,20081110,4.70000,5.05001,4.45000,4.65001,5200,4.65001
AQPTY,20081111,4.15001,4.50000,3.95001,4.05001,7800,4.05001
AQPTY,20081112,3.65001,4.05001,3.45001,3.45001,9000,3.45001
AQPTY,20081113,3.53000,3.95001,3.40001,3.85000,24500,3.85000
AQPTY,20081114,3.55000,4.10000,3.55000,3.70001,5300,3.70001
AQPTY,20081117,3.62000,3.80000,3.40001,3.45001,7400,3.45001
AQPTY,20081118,3.75000,3.75000,3.23001,3.45001,11000,3.45001
AQPTY,20081119,3.20001,3.40001,3.00000,3.20001,8400,3.20001
AQPTY,20081120,2.73001,2.75000,2.54000,2.55000,13300,2.55000
AQPTY,20081121,3.50000,3.50000,2.91001,2.95001,3800,2.95001
AQPTY,20081124,3.65001,4.55001,3.65001,4.00000,9500,4.00000
AQPTY,20081125,4.28001,4.28001,3.90001,4.11001,15400,4.11001
AQPTY,20081126,3.92001,4.23001,3.80000,3.80000,29600,3.80000
AQPTY,20081128,4.42001,4.70000,4.30001,4.30001,3200,4.30001
AQPTY,20081201,3.76000,3.98001,3.60000,3.64001,8900,3.64001
AQPTY,20081202,3.76000,3.76000,3.48001,3.60000,21200,3.60000
AQPTY,20081203,3.40001,3.80000,3.40001,3.80000,20500,3.80000
AQPTY,20081204,3.55000,3.80000,3.55000,3.65001,6000,3.65001
AQPTY,20081205,3.30000,3.87000,3.30000,3.80000,20300,3.80000
AQPTY,20081208,3.70001,4.50000,3.70001,4.05001,13000,4.05001
AQPTY,20081209,3.85000,4.38001,3.85000,4.24000,10800,4.24000
AQPTY,20081210,4.18000,4.62000,4.13001,4.35000,14400,4.35000
AQPTY,20081211,4.65001,4.94001,4.60000,4.60000,35100,4.60000
AQPTY,20081212,4.88001,4.95000,4.79000,4.95000,19700,4.95000
AQPTY,20081215,4.72000,4.72000,4.40001,4.40001,26900,4.40001
AQPTY,20081216,4.38001,4.45000,4.20000,4.30001,32100,4.30001
AQPTY,20081217,4.15001,4.39000,4.10000,4.15001,25900,4.15001
AQPTY,20081218,4.60000,5.05001,4.35000,4.35000,7900,4.35000
AQPTY,20081219,4.58000,4.72000,4.45000,4.45000,2200,4.45000
AQPTY,20081222,4.75000,5.00000,4.55001,5.00000,11300,5.00000
AQPTY,20081223,4.72000,4.88001,4.65001,4.68000,10000,4.68000
AQPTY,20081224,4.50000,4.80001,4.45000,4.45000,10300,4.45000
AQPTY,20081226,4.50000,4.98001,4.50000,4.72000,9000,4.72000
AQPTY,20081229,4.70000,4.90001,4.65001,4.67001,28400,4.67001
AQPTY,20081230,4.62000,5.10000,4.62000,5.10000,31400,5.10000
AQPTY,20081231,5.00000,5.25000,4.90001,5.25000,8300,5.25000
AQPTY,20090102,5.85000,6.25000,5.80001,6.25000,13100,6.25000
AQPTY,20090105,6.31000,6.50000,6.30001,6.45000,13300,6.45000
AQPTY,20090106,6.76001,6.95000,6.50000,6.95000,61000,6.95000
AQPTY,20090107,7.30001,7.30001,6.82001,6.90001,9000,6.90001
AQPTY,20090108,6.57001,6.93000,6.57001,6.90001,11700,6.90001
AQPTY,20090109,6.73001,6.73001,6.35000,6.50000,13200,6.50000
AQPTY,20090112,6.37000,6.37000,6.00000,6.08000,12400,6.08000
AQPTY,20090113,5.32001,5.44001,5.30001,5.30001,7800,5.30001
AQPTY,20090114,4.75000,4.76001,4.56000,4.76001,2000,4.76001
AQPTY,20090115,4.34001,4.60000,4.22000,4.60000,3100,4.60000
AQPTY,20090116,4.71001,4.92001,4.71001,4.85000,9300,4.85000
AQPTY,20090120,4.13001,4.38001,4.13001,4.26001,5000,4.26001
AQPTY,20090121,4.44001,4.45000,4.23001,4.40001,6600,4.40001
AQPTY,20090122,4.00000,4.50000,4.00000,4.50000,34100,4.50000
AQPTY,20090123,3.77000,4.41000,3.77000,4.23001,2300,4.23001
AQPTY,20090126,4.49000,5.06000,4.48001,4.93000,31900,4.93000
AQPTY,20090127,4.53001,4.75000,4.40001,4.75000,3000,4.75000
AQPTY,20090128,5.10000,5.10000,5.05001,5.05001,500,5.05001
AQPTY,20090129,5.25000,5.71001,5.25000,5.60000,5100,5.60000
AQPTY,20090130,4.85000,4.85000,4.41000,4.70000,12400,4.70000
AQPTY,20090202,4.30001,4.57001,4.30001,4.45000,8100,4.45000
AQPTY,20090203,4.70000,4.74000,4.26001,4.72000,11000,4.72000
AQPTY,20090204,5.07001,5.16000,4.85000,4.96001,33100,4.96001
AQPTY,20090205,5.06000,5.06000,5.00000,5.00000,3300,5.00000
AQPTY,20090206,5.21001,5.72000,5.21001,5.72000,4500,5.72000
AQPTY,20090209,5.90001,5.90001,5.66000,5.75000,15000,5.75000
AQPTY,20090210,5.50000,5.50000,5.05001,5.05001,74700,5.05001
AQPTY,20090211,5.40001,5.40001,5.27000,5.39000,11100,5.39000
AQPTY,20090212,5.18000,5.45000,5.18000,5.40001,1000,5.40001
AQPTY,20090213,5.61001,5.74000,5.55001,5.73001,6300,5.73001
AQPTY,20090217,5.35000,5.45000,5.35000,5.40001,5400,5.40001
AQPTY,20090218,5.38001,5.47000,5.14000,5.39000,7900,5.39000
AQPTY,20090219,5.34001,5.80001,5.34001,5.55001,8600,5.55001
AQPTY,20090220,5.25000,5.25000,5.00000,5.15001,13100,5.15001
AQPTY,20090223,4.79000,5.15001,4.60000,4.60000,19600,4.60000
AQPTY,20090224,4.10000,4.66000,4.10000,4.56000,9600,4.56000
AQPTY,20090225,4.44001,4.60000,4.01001,4.40001,25000,4.40001
AQPTY,20090226,4.56000,5.00000,4.56000,4.95000,2500,4.95000
AQPTY,20090227,4.58000,5.10000,4.58000,4.90001,42200,4.90001
AQPTY,20090302,4.25000,4.74000,4.01001,4.20000,14800,4.20000
AQPTY,20090303,4.26001,4.54000,4.24000,4.25000,13200,4.25000
AQPTY,20090304,4.48001,4.70000,4.48001,4.58000,9100,4.58000
AQPTY,20090305,4.29000,4.45000,4.29000,4.42001,8200,4.42001
AQPTY,20090306,4.31000,4.48001,4.31000,4.40001,10700,4.40001
AQPTY,20090309,4.14000,4.30001,4.14000,4.20000,54300,4.20000
AQPTY,20090310,4.44001,4.65001,4.20000,4.20000,31600,4.20000
AQPTY,20090311,4.21001,4.51001,4.21001,4.51001,85900,4.51001
AQPTY,20090312,4.28001,4.40001,4.28001,4.40001,6100,4.40001
AQPTY,20090313,4.45000,4.50000,4.44001,4.50000,16000,4.50000
AQPTY,20090316,4.54000,4.64000,4.50000,4.50000,73700,4.50000
AQPTY,20090317,4.45000,4.61001,4.45000,4.60000,13000,4.60000
AQPTY,20090318,4.35000,4.60000,4.35000,4.60000,4200,4.60000
AQPTY,20090319,4.64000,4.64000,4.53001,4.53001,3200,4.53001
AQPTY,20090320,4.88001,4.88001,4.55001,4.55001,1200,4.55001
AQPTY,20090323,4.81000,4.96001,4.81000,4.95000,23700,4.95000
AQPTY,20090324,5.00000,5.21001,5.00000,5.14000,10900,5.14000
AQPTY,20090325,5.05001,5.31000,5.05001,5.24000,26900,5.24000
AQPTY,20090326,5.93000,6.07001,5.69001,6.00000,24900,6.00000
AQPTY,20090327,6.05001,6.05001,5.75000,5.76001,7600,5.76001
AQPTY,20090330,5.62000,5.72000,5.61001,5.68000,9000,5.68000
AQPTY,20090331,5.81000,5.86001,5.80001,5.86001,2500,5.86001
AQPTY,20090401,5.85000,6.13001,5.85000,6.13001,7500,6.13001
AQPTY,20090402,6.74000,6.84001,6.70000,6.76001,31600,6.76001
AQPTY,20090403,7.15001,7.30001,7.04000,7.05001,20000,7.05001
AQPTY,20090406,6.60000,6.60000,6.60000,6.60000,400,6.60000
AQPTY,20090407,6.48001,6.65001,6.32001,6.35000,3700,6.35000
AQPTY,20090408,6.85000,6.87000,6.85000,6.87000,5300,6.87000
AQPTY,20090409,7.83000,8.15000,7.70000,7.70000,24200,7.70000
AQPTY,20090413,7.57001,8.20000,7.57001,8.20000,1000,8.20000
AQPTY,20090414,8.85001,8.85001,8.55001,8.55001,32500,8.55001
AQPTY,20090415,8.20000,8.34001,8.20000,8.25000,10500,8.25000
AQPTY,20090416,8.39001,8.42001,8.02001,8.02001,6800,8.02001
AQPTY,20090417,7.94001,8.25000,7.91000,8.25000,1700,8.25000
AQPTY,20090420,6.98001,7.30001,6.98001,7.30001,1500,7.30001
AQPTY,20090421,7.00000,7.77000,7.00000,7.46001,6700,7.46001
AQPTY,20090422,6.85000,7.90001,6.85000,7.57001,9700,7.57001
AQPTY,20090423,7.20000,8.12000,7.20000,7.75000,2400,7.75000
AQPTY,20090424,8.25000,8.25000,8.25000,8.25000,500,8.25000
AQPTY,20090428,8.05001,8.05001,7.75000,8.00000,600,8.00000
AQPTY,20090429,7.75000,7.86001,7.75000,7.86001,5500,7.86001
AQPTY,20090430,7.91000,7.91000,7.91000,7.91000,500,7.91000
AQPTY,20090504,8.40000,8.40000,8.40000,8.40000,500,8.40000
AQPTY,20090505,8.35001,8.35001,8.35001,8.35001,5900,8.35001
AQPTY,20090506,8.40000,8.40000,8.35001,8.36000,1800,8.36000
AQPTY,20090507,8.58000,8.58000,8.45000,8.45000,1200,8.45000
AQPTY,20090508,9.15000,9.15000,9.15000,9.15000,500,9.15000
AQPTY,20090511,9.15000,9.15000,9.05001,9.05001,5400,9.05001
AQPTY,20090512,9.31001,9.31001,9.23000,9.23000,300,9.23000
AQPTY,20090513,8.58000,8.58000,7.80001,7.80001,4400,7.80001
AQPTY,20090514,8.32000,8.32000,7.67001,8.30001,2200,8.30001
AQPTY,20090515,7.96001,7.96001,7.96001,7.96001,500,7.96001
AQPTY,20090518,7.55001,7.55001,7.55001,7.55001,500,7.55001
AQPTY,20090519,8.05001,8.05001,8.05001,8.05001,500,8.05001
AQPTY,20090520,8.82000,8.82000,8.82000,8.82000,2500,8.82000
AQPTY,20090521,8.63001,8.64001,8.58000,8.64001,3100,8.64001
AQPTY,20090522,9.05001,9.24000,9.00000,9.10001,11800,9.10001
AQPTY,20090526,9.07000,9.34001,9.06001,9.34001,28000,9.34001
AQPTY,20090527,9.20000,9.37000,9.20000,9.20000,10400,9.20000
AQPTY,20090529,9.56001,9.56001,9.56001,9.56001,5000,9.56001
AQPTY,20090601,10.05001,10.06001,10.05001,10.06001,900,10.06001
AQPTY,20090602,10.30001,10.44000,10.25000,10.25000,2100,10.25000
AQPTY,20090603,10.05001,10.05001,9.64001,9.64001,1200,9.64001
AQPTY,20090604,9.10001,9.55001,9.10001,9.16000,900,9.16000
AQPTY,20090605,9.56001,9.56001,9.22001,9.51001,700,9.51001
AQPTY,20090608,9.01001,9.02001,9.01001,9.02001,1400,9.02001
AQPTY,20090610,9.13001,9.13001,9.00000,9.00000,300,9.00000
AQPTY,20090611,9.36000,9.36000,9.30001,9.34001,700,9.34001
AQPTY,20090617,7.90001,8.19000,7.25000,8.19000,13000,8.19000
AQPTY,20090618,7.64000,7.64000,7.45000,7.45000,1000,7.45000
AQPTY,20090619,7.93000,7.93000,7.75000,7.75000,2000,7.75000
AQPTY,20090622,7.60000,7.60000,7.21001,7.21001,2000,7.21001
AQPTY,20090625,7.20000,7.75000,7.20000,7.52000,700,7.52000
AQPTY,20090626,7.82001,7.82001,7.76001,7.76001,2500,7.76001
AQPTY,20090629,7.83000,7.83000,7.83000,7.83000,200,7.83000
AQPTY,20090630,7.51001,7.54000,7.47000,7.54000,800,7.54000
AQPTY,20090702,7.05001,7.05001,6.69001,6.71001,4400,6.71001
AQPTY,20090706,6.15001,6.30001,6.15001,6.20000,1500,6.20000
AQPTY,20090707,6.35000,6.47000,6.35000,6.36001,3000,6.36001
AQPTY,20090708,6.25000,6.25000,6.00000,6.00000,2500,6.00000
AQPTY,20090709,6.15001,6.16000,6.15001,6.16000,1000,6.16000
AQPTY,20090710,5.85000,5.85000,5.81000,5.81000,3000,5.81000
AQPTY,20090715,6.94001,6.94001,6.92001,6.92001,900,6.92001
AQPTY,20090720,7.26001,7.32001,7.26001,7.32001,400,7.32001
AQPTY,20090721,7.36001,7.45000,7.36001,7.45000,700,7.45000
AQPTY,20090723,7.53001,7.61001,7.53001,7.61001,2200,7.61001
AQPTY,20090724,7.85000,7.86001,7.77000,7.79000,3100,7.79000
AQPTY,20090728,7.90001,7.90001,7.90001,7.90001,100,7.90001
AQPTY,20090729,7.79000,7.79000,7.61001,7.61001,1600,7.61001
AQPTY,20090730,8.36000,8.36000,8.34001,8.35001,2000,8.35001
AQPTY,20090731,8.26001,8.75000,8.26001,8.75000,300,8.75000
AQPTY,20090803,9.53000,9.53000,9.33000,9.35001,2600,9.35001
AQPTY,20090804,10.15000,10.15000,10.15000,10.15000,100,10.15000
AQPTY,20090805,9.00000,9.00000,9.00000,9.00000,200,9.00000
AQPTY,20090806,9.26001,9.44000,9.26001,9.44000,400,9.44000
AQPTY,20090807,9.08000,9.17001,9.08000,9.17001,400,9.17001
AQPTY,20090810,9.02001,9.02001,8.95000,8.95000,400,8.95000
AQPTY,20090811,8.63001,8.76001,8.63001,8.76001,1300,8.76001
AQPTY,20090814,9.40000,9.40000,9.40000,9.40000,600,9.40000
AQPTY,20090817,8.61000,8.61000,8.61000,8.61000,900,8.61000
AQPTY,20090818,8.67001,8.67001,8.65000,8.65000,500,8.65000
AQPTY,20090819,8.51001,8.51001,8.51001,8.51001,1500,8.51001
AQPTY,20090820,9.00000,9.00000,9.00000,9.00000,1600,9.00000
AQPTY,20090821,9.16000,9.16000,9.16000,9.16000,300,9.16000
AQPTY,20090831,8.49000,8.49000,8.49000,8.49000,1100,8.49000
AQPTY,20090901,8.61000,8.61000,8.40000,8.40000,2200,8.40000
AQPTY,20090902,8.28000,8.28000,8.28000,8.28000,1700,8.28000
AQPTY,20090903,8.75000,8.85001,8.75000,8.85001,2200,8.85001
AQPTY,20090904,9.02001,9.02001,9.02001,9.02001,800,9.02001
AQPTY,20090908,9.40000,9.51001,8.96001,9.51001,6200,9.51001
AQPTY,20090909,9.79000,9.79000,9.62000,9.65000,7000,9.65000
AQPTY,20090910,9.60001,9.65000,9.53000,9.60001,4200,9.60001
AQPTY,20090911,10.13001,10.28000,10.00000,10.00000,15800,10.00000
AQPTY,20090914,9.75000,9.75000,9.54000,9.54000,9100,9.54000
AQPTY,20090915,9.72001,9.72001,9.72001,9.72001,900,9.72001
AQPTY,20090916,9.88001,9.88001,9.88001,9.88001,400,9.88001
AQPTY,20090917,10.03000,10.32000,10.03000,10.32000,2700,10.32000
AQPTY,20090918,10.02001,10.21001,10.00000,10.20000,2100,10.20000
AQPTY,20090921,9.75000,9.97001,9.75000,9.97001,2000,9.97001
AQPTY,20090922,9.82000,9.97001,9.82000,9.97001,2000,9.97001
AQPTY,20090923,9.81001,9.81001,9.81001,9.81001,300,9.81001
AQPTY,20090925,8.98000,8.98000,8.98000,8.98000,400,8.98000
AQPTY,20090928,8.85001,8.85001,8.69000,8.81001,1400,8.81001
AQPTY,20090929,8.92001,9.08000,8.91000,8.91000,2200,8.91000
AQPTY,20090930,8.98000,9.05001,8.94000,8.96001,29200,8.96001
AQPTY,20091001,8.62000,8.62000,8.62000,8.62000,200,8.62000
AQPTY,20091002,8.26001,8.46001,8.26001,8.46001,8400,8.46001
AQPTY,20091005,8.36000,8.69000,8.36000,8.69000,19000,8.69000
AQPTY,20091006,8.60001,8.91000,8.60001,8.87000,12500,8.87000
AQPTY,20091007,9.08000,9.16000,9.08000,9.16000,1900,9.16000
AQPTY,20091008,9.64001,9.77001,9.50000,9.68001,5600,9.68001
AQPTY,20091009,9.42001,9.42001,9.27001,9.27001,2100,9.27001
AQPTY,20091012,9.28000,9.39001,9.20000,9.39001,8600,9.39001
AQPTY,20091013,9.39001,9.67001,9.39001,9.67001,2400,9.67001
AQPTY,20091014,9.78000,10.02001,9.78000,10.02001,3900,10.02001
AQPTY,20091016,9.41000,9.65000,9.41000,9.65000,1100,9.65000
AQPTY,20091019,9.66000,9.76001,9.66000,9.76001,1200,9.76001
AQPTY,20091020,9.83000,9.83000,9.83000,9.83000,500,9.83000
AQPTY,20091021,9.93001,9.94000,9.93001,9.94000,3500,9.94000
AQPTY,20091022,9.72001,9.72001,9.72001,9.72001,200,9.72001
AQPTY,20091026,9.80001,9.80001,9.80001,9.80001,200,9.80001
AQPTY,20091027,9.22001,9.23000,9.22001,9.23000,1700,9.23000
AQPTY,20091028,8.80001,8.80001,8.65000,8.65000,1200,8.65000
AQPTY,20091030,8.67001,8.67001,8.67001,8.67001,200,8.67001
AQPTY,20091102,8.68001,8.68001,8.68001,8.68001,2000,8.68001
AQPTY,20091103,8.64001,9.15000,8.64001,9.15000,2200,9.15000
AQPTY,20091105,9.08000,9.08000,9.08000,9.08000,200,9.08000
AQPTY,20091106,9.35001,9.35001,9.35001,9.35001,500,9.35001
AQPTY,20091110,9.40000,9.60001,9.40000,9.60001,1700,9.60001
AQPTY,20091111,10.00000,10.00000,9.84001,9.84001,2500,9.84001
AQPTY,20091113,10.06001,10.06001,10.06001,10.06001,1100,10.06001
AQPTY,20091116,10.50000,10.90000,10.48000,10.90000,7000,10.90000
AQPTY,20091117,10.46001,10.49000,10.43001,10.43001,1400,10.43001
AQPTY,20091118,11.50000,11.65000,11.43001,11.65000,13600,11.65000
AQPTY,20091119,10.84001,11.00000,10.84001,10.98000,2400,10.98000
AQPTY,20091120,10.93001,11.41000,10.93001,11.41000,700,11.41000
AQPTY,20091123,11.72001,12.20000,11.72001,12.15000,8900,12.15000
AQPTY,20091124,11.49000,11.49000,11.20000,11.24000,1400,11.24000
AQPTY,20091125,11.50000,11.51001,11.37000,11.51001,4200,11.51001
AQPTY,20091127,11.05001,11.24000,10.95000,11.24000,6600,11.24000
AQPTY,20091130,11.25000,11.87000,11.21001,11.87000,5100,11.87000
AQPTY,20091201,12.11000,12.15000,11.98000,11.98000,2600,11.98000
AQPTY,20091202,12.80001,12.80001,12.66000,12.75000,1900,12.75000
AQPTY,20091203,12.25000,12.25000,11.87000,11.87000,5700,11.87000
AQPTY,20091204,12.15000,12.15000,11.81001,11.81001,2700,11.81001
AQPTY,20091207,11.50000,11.53000,11.50000,11.53000,900,11.53000
AQPTY,20091208,11.06001,11.06001,11.06001,11.06001,1000,11.06001
AQPTY,20091209,10.91000,10.91000,10.91000,10.91000,200,10.91000
AQPTY,20091210,11.15000,11.15000,11.15000,11.15000,300,11.15000
AQPTY,20091211,11.17001,11.17001,11.17001,11.17001,1000,11.17001
AQPTY,20091214,11.30001,11.65000,11.30001,11.65000,2200,11.65000
AQPTY,20091215,11.69000,11.83000,11.69000,11.83000,700,11.83000
AQPTY,20091216,12.04000,12.15000,12.04000,12.15000,1000,12.15000
AQPTY,20091217,11.66000,11.66000,11.58000,11.58000,1500,11.58000
AQPTY,20091218,11.68001,11.68001,11.57000,11.57000,500,11.57000
AQPTY,20091221,11.63001,11.84001,11.63001,11.84001,300,11.84001
AQPTY,20091222,11.66000,11.66000,11.66000,11.66000,100,11.66000
AQPTY,20091223,12.09001,12.09001,12.08000,12.08000,300,12.08000
AQPTY,20091224,12.41000,12.41000,12.41000,12.41000,200,12.41000
AQPTY,20091228,12.44000,12.48000,12.44000,12.48000,2400,12.48000
AQPTY,20091229,12.89001,12.90000,12.89001,12.90000,500,12.90000
AQPTY,20091230,12.94000,12.94000,12.85001,12.85001,900,12.85001
AQPTY,20091231,12.49000,12.49000,12.10001,12.10001,700,12.10001
AQPTY,20100104,13.96001,13.96001,13.77001,13.83000,8700,13.83000
AQPTY,20100105,13.83000,13.91000,13.81001,13.91000,1300,13.91000
AQPTY,20100106,14.65000,14.65000,13.91000,14.38001,1500,14.38001
AQPTY,20100107,14.09001,14.09001,13.90000,13.90000,1800,13.90000
AQPTY,20100108,14.18001,14.46001,14.18001,14.28000,1600,14.28000
AQPTY,20100111,14.56001,14.56001,14.20000,14.20000,2200,14.20000
AQPTY,20100112,13.75000,13.99000,13.58000,13.99000,4200,13.99000
AQPTY,20100114,13.97001,14.19000,13.97001,14.19000,1300,14.19000
AQPTY,20100115,14.00000,14.00000,13.61000,13.61000,2700,13.61000
AQPTY,20100119,13.87000,13.87000,13.87000,13.87000,500,13.87000
AQPTY,20100120,13.30001,13.40000,12.94000,12.94000,900,12.94000
AQPTY,20100121,12.90000,12.90000,12.30001,12.30001,1000,12.30001
AQPTY,20100122,12.09001,12.71001,12.09001,12.70000,5200,12.70000
AQPTY,20100125,12.81001,12.97001,12.81001,12.95000,1600,12.95000
AQPTY,20100126,12.43001,12.55001,12.36000,12.55001,700,12.55001
AQPTY,20100127,12.40000,12.40000,12.40000,12.40000,200,12.40000
AQPTY,20100128,13.11000,13.11000,12.13001,12.40000,8700,12.40000
AQPTY,20100129,12.10001,12.10001,11.65000,11.66000,5700,11.66000
AQPTY,20100201,11.91000,12.65000,11.91000,12.65000,3200,12.65000
AQPTY,20100202,12.30001,13.10001,12.30001,12.85001,3300,12.85001
AQPTY,20100203,12.77001,12.80001,12.65000,12.65000,3500,12.65000
AQPTY,20100204,12.00000,12.21001,11.95000,11.95000,5100,11.95000
AQPTY,20100205,11.66000,11.66000,11.42001,11.54000,14900,11.54000
AQPTY,20100208,11.45000,11.45000,11.30001,11.41000,5400,11.41000
AQPTY,20100209,11.85001,12.12000,11.82000,12.12000,8800,12.12000
AQPTY,20100210,12.03000,12.03000,11.31001,11.31001,3800,11.31001
AQPTY,20100211,11.81001,12.04000,11.81001,12.04000,4400,12.04000
AQPTY,20100212,11.73000,11.90000,11.68001,11.90000,2500,11.90000
AQPTY,20100216,11.62000,11.91000,11.62000,11.90000,4500,11.90000
AQPTY,20100217,11.90000,11.90000,11.80001,11.80001,1100,11.80001
AQPTY,20100218,11.85001,11.85001,11.85001,11.85001,200,11.85001
AQPTY,20100222,11.62000,11.62000,11.50000,11.62000,700,11.62000
AQPTY,20100223,10.80001,11.03000,10.75000,10.75000,7700,10.75000
AQPTY,20100224,10.89001,10.98000,10.89001,10.98000,1100,10.98000
AQPTY,20100225,10.74000,10.90000,10.74000,10.90000,600,10.90000
AQPTY,20100226,11.02001,11.14001,11.02001,11.14001,400,11.14001
AQPTY,20100301,11.15000,11.20000,11.15000,11.15000,3000,11.15000
AQPTY,20100302,11.29000,11.29000,11.29000,11.29000,100,11.29000
AQPTY,20100303,12.00000,12.00000,12.00000,12.00000,200,12.00000
AQPTY,20100305,12.30001,12.30001,12.30001,12.30001,2200,12.30001
AQPTY,20100308,12.30001,12.30001,12.05001,12.05001,500,12.05001
AQPTY,20100309,11.87000,12.20000,11.78000,12.20000,1000,12.20000
AQPTY,20100312,11.88001,11.88001,11.88001,11.88001,1000,11.88001
AQPTY,20100315,11.44000,11.50000,11.44000,11.50000,500,11.50000
AQPTY,20100316,11.83000,11.99000,11.83000,11.99000,1100,11.99000
AQPTY,20100317,12.59001,12.59001,12.58000,12.58000,1100,12.58000
AQPTY,20100318,12.61000,12.73000,12.60001,12.60001,800,12.60001
AQPTY,20100319,12.62000,12.62000,12.62000,12.62000,500,12.62000
AQPTY,20100322,11.96001,12.30001,11.96001,12.30001,1100,12.30001
AQPTY,20100323,12.35001,12.68001,12.35001,12.68001,1300,12.68001
AQPTY,20100325,12.34001,12.34001,12.34001,12.34001,200,12.34001
AQPTY,20100326,12.05001,12.05001,12.05001,12.05001,800,12.05001
AQPTY,20100329,12.44000,12.44000,12.44000,12.44000,200,12.44000
AQPTY,20100330,12.65000,12.65000,12.65000,12.65000,500,12.65000
AQPTY,20100331,12.88001,12.95000,12.86000,12.94000,1500,12.94000
AQPTY,20100401,13.25000,13.29000,13.25000,13.29000,1200,13.29000
AQPTY,20100405,13.48000,13.48000,13.48000,13.48000,400,13.48000
AQPTY,20100406,13.81001,13.92001,13.81001,13.92001,1300,13.92001
AQPTY,20100407,13.43001,13.43001,13.43001,13.43001,500,13.43001
AQPTY,20100409,13.74000,13.74000,13.74000,13.74000,400,13.74000
AQPTY,20100412,13.70000,13.70000,13.70000,13.70000,300,13.70000
AQPTY,20100414,13.79000,14.10001,13.79000,14.10001,8700,14.10001
AQPTY,20100415,13.89001,14.09001,13.89001,14.09001,3400,14.09001
AQPTY,20100416,14.11000,14.11000,14.11000,14.11000,300,14.11000
AQPTY,20100419,13.44000,13.44000,13.44000,13.44000,1200,13.44000
AQPTY,20100420,13.29000,13.29000,13.29000,13.29000,200,13.29000
AQPTY,20100421,13.29000,13.29000,13.11000,13.11000,4400,13.11000
AQPTY,20100422,13.01001,13.09001,13.01001,13.09001,2000,13.09001
AQPTY,20100426,13.82000,13.82000,13.82000,13.82000,200,13.82000
AQPTY,20100427,13.82000,13.82000,13.55001,13.59001,700,13.59001
AQPTY,20100428,13.14001,13.14001,13.14001,13.14001,200,13.14001
AQPTY,20100504,12.73000,12.73000,11.96001,12.01001,2100,12.01001
AQPTY,20100505,11.88001,11.90000,11.58000,11.76001,2400,11.76001
AQPTY,20100506,11.93001,11.93001,10.69000,10.69000,1700,10.69000
AQPTY,20100507,10.92001,11.08000,10.83000,10.99000,2600,10.99000
AQPTY,20100510,12.00000,12.17001,11.83000,11.83000,3500,11.83000
AQPTY,20100511,11.85001,12.40000,11.85001,12.20000,2600,12.20000
AQPTY,20100512,12.15000,12.49000,12.15000,12.44000,5400,12.44000
AQPTY,20100513,12.48000,12.69000,12.40000,12.40000,3000,12.40000
AQPTY,20100514,12.00000,12.00000,12.00000,12.00000,900,12.00000
AQPTY,20100517,12.06001,12.06001,11.30001,11.55001,1600,11.55001
AQPTY,20100518,11.43001,11.43001,11.41000,11.41000,400,11.41000
AQPTY,20100520,9.79000,9.79000,9.21001,9.60001,6000,9.60001
AQPTY,20100521,9.81001,10.15000,9.81001,10.15000,2300,10.15000
AQPTY,20100524,10.62000,10.62000,10.62000,10.62000,700,10.62000
AQPTY,20100525,9.63001,9.76001,9.63001,9.76001,6100,9.76001
AQPTY,20100526,10.73000,10.73000,10.73000,10.73000,2700,10.73000
AQPTY,20100527,10.99000,11.15000,10.99000,11.00000,10500,11.00000
AQPTY,20100528,10.81001,11.10001,10.81001,11.10001,6400,11.10001
AQPTY,20100603,11.40000,11.40000,11.13001,11.13001,1000,11.13001
AQPTY,20100604,10.49000,10.90000,10.49000,10.90000,600,10.90000
AQPTY,20100607,10.17001,10.17001,10.17001,10.17001,300,10.17001
AQPTY,20100608,10.16000,10.16000,10.16000,10.16000,2000,10.16000
AQPTY,20100609,10.75000,10.77001,10.75000,10.77001,300,10.77001
AQPTY,20100610,10.54000,10.66000,10.35001,10.35001,900,10.35001
AQPTY,20100615,10.79000,10.79000,10.79000,10.79000,3200,10.79000
AQPTY,20100616,10.94000,10.97001,10.94000,10.97001,3400,10.97001
AQPTY,20100617,11.15000,11.25000,10.95000,11.05001,2500,11.05001
AQPTY,20100618,11.39001,11.39001,11.37000,11.37000,1500,11.37000
AQPTY,20100621,11.75000,11.75000,11.55001,11.55001,7600,11.55001
AQPTY,20100622,11.61000,11.61000,11.61000,11.61000,300,11.61000
AQPTY,20100623,11.69000,11.69000,11.69000,11.69000,100,11.69000
AQPTY,20100624,11.07000,11.07000,10.91000,10.91000,9500,10.91000
AQPTY,20100628,10.88001,10.88001,10.88001,10.88001,300,10.88001
AQPTY,20100629,10.50000,10.50000,10.34001,10.34001,600,10.34001
AQPTY,20100701,9.60001,9.60001,9.08000,9.08000,2900,9.08000
AQPTY,20100702,9.15000,9.15000,9.15000,9.15000,1900,9.15000
AQPTY,20100706,9.74000,9.74000,9.27001,9.27001,1700,9.27001
AQPTY,20100707,9.22001,9.22001,8.95000,8.95000,8300,8.95000
AQPTY,20100708,8.80001,8.89001,8.80001,8.89001,400,8.89001
AQPTY,20100709,9.63001,9.63001,9.63001,9.63001,300,9.63001
AQPTY,20100713,9.60001,9.60001,9.30001,9.30001,3300,9.30001
AQPTY,20100714,9.48000,9.62000,9.43001,9.62000,4500,9.62000
AQPTY,20100715,9.50000,9.50000,9.50000,9.50000,1500,9.50000
AQPTY,20100716,8.80001,8.80001,7.90001,7.90001,12600,7.90001
AQPTY,20100719,7.70000,7.70000,6.69001,6.97000,7600,6.97000
AQPTY,20100720,7.72000,7.78001,7.58000,7.75000,31800,7.75000
AQPTY,20100721,7.90001,7.90001,7.90001,7.90001,1000,7.90001
AQPTY,20100722,8.30001,8.55001,8.24000,8.55001,2000,8.55001
AQPTY,20100723,8.35001,8.35001,8.35001,8.35001,2300,8.35001
AQPTY,20100726,8.55001,8.55001,8.35001,8.35001,8000,8.35001
AQPTY,20100728,8.65000,8.65000,8.65000,8.65000,900,8.65000
AQPTY,20100729,8.85001,8.85001,8.69000,8.69000,600,8.69000
AQPTY,20100730,8.37000,8.37000,8.35001,8.35001,1700,8.35001
AQPTY,20100802,8.85001,8.86000,8.85001,8.86000,3300,8.86000
AQPTY,20100803,8.45000,8.60001,8.45000,8.55001,2000,8.55001
AQPTY,20100804,8.83000,8.83000,8.72001,8.75000,9400,8.75000
AQPTY,20100805,8.61000,8.75000,8.61000,8.61000,1600,8.61000
AQPTY,20100809,8.53000,8.53000,8.53000,8.53000,500,8.53000
AQPTY,20100810,8.06001,8.18001,8.05001,8.18001,9700,8.18001
AQPTY,20100811,8.07000,8.07000,8.07000,8.07000,1000,8.07000
AQPTY,20100812,7.88001,7.88001,7.87000,7.87000,1000,7.87000
AQPTY,20100813,7.78001,8.00000,7.78001,8.00000,2000,8.00000
AQPTY,20100816,8.00000,8.00000,7.99000,7.99000,1400,7.99000
AQPTY,20100817,8.30001,8.37000,8.30001,8.37000,900,8.37000
AQPTY,20100818,8.41000,8.41000,8.41000,8.41000,700,8.41000
AQPTY,20100819,8.18001,8.18001,8.18001,8.18001,500,8.18001
AQPTY,20100823,8.29000,8.29000,8.25000,8.25000,500,8.25000
AQPTY,20100824,8.42001,8.42001,8.42001,8.42001,300,8.42001
AQPTY,20100901,8.81001,8.95000,8.81001,8.94000,900,8.94000
AQPTY,20100902,9.40000,9.59001,9.40000,9.59001,4100,9.59001
AQPTY,20100903,9.53000,9.53000,9.53000,9.53000,300,9.53000
AQPTY,20100913,9.99000,9.99000,9.99000,9.99000,700,9.99000
AQPTY,20100916,9.81001,9.81001,9.81001,9.81001,100,9.81001
AQPTY,20100921,10.01001,10.01001,10.01001,10.01001,200,10.01001
AQPTY,20100924,10.40000,10.40000,10.40000,10.40000,700,10.40000
AQPTY,20100928,10.65000,10.70000,10.65000,10.70000,1800,10.70000
AQPTY,20100929,10.66000,10.66000,10.66000,10.66000,200,10.66000
AQPTY,20100930,10.81001,10.81001,10.81001,10.81001,200,10.81001
AQPTY,20101001,10.60001,10.60001,10.60001,10.60001,4500,10.60001
AQPTY,20101005,10.86000,10.86000,10.85001,10.85001,6100,10.85001
AQPTY,20101006,11.50000,11.50000,11.50000,11.50000,5000,11.50000
AQPTY,20101007,11.88001,11.88001,11.88001,11.88001,1000,11.88001
AQPTY,20101008,11.94000,11.94000,11.94000,11.94000,1500,11.94000
AQPTY,20101011,11.89001,11.89001,11.89001,11.89001,400,11.89001
AQPTY,20101012,11.40000,11.60001,11.35001,11.35001,5000,11.35001
AQPTY,20101013,12.16000,12.30001,12.16000,12.23000,2400,12.23000
AQPTY,20101014,12.61000,12.67001,12.60001,12.67001,1100,12.67001
AQPTY,20101015,12.39001,12.39001,12.39001,12.39001,200,12.39001
AQPTY,20101018,12.05001,12.10001,12.05001,12.10001,200,12.10001
AQPTY,20101019,11.39001,11.39001,11.39001,11.39001,1000,11.39001
AQPTY,20101021,11.93001,11.93001,11.42001,11.42001,5300,11.42001
AQPTY,20101025,11.70000,11.89001,11.61000,11.61000,1700,11.61000
AQPTY,20101026,11.79000,11.90000,11.79000,11.90000,5500,11.90000
AQPTY,20101027,11.79000,11.79000,11.79000,11.79000,300,11.79000
AQPTY,20101028,11.69000,11.69000,11.46001,11.46001,2100,11.46001
AQPTY,20101029,11.65000,11.65000,11.37000,11.38001,1300,11.38001
AQPTY,20101102,11.85001,11.85001,11.85001,11.85001,500,11.85001
AQPTY,20101104,12.35001,12.35001,12.35001,12.35001,500,12.35001
AQPTY,20101105,12.67001,12.82000,12.67001,12.82000,1400,12.82000
AQPTY,20101109,12.97001,12.97001,12.85001,12.85001,300,12.85001
AQPTY,20101110,12.36000,12.36000,12.36000,12.36000,300,12.36000
AQPTY,20101111,12.54000,12.54000,12.45000,12.45000,2400,12.45000
AQPTY,20101112,12.49000,12.49000,12.28000,12.28000,1200,12.28000
AQPTY,20101115,12.26001,12.26001,12.26001,12.26001,1000,12.26001
AQPTY,20101116,11.34001,11.34001,11.34001,11.34001,200,11.34001
AQPTY,20101117,11.13001,11.13001,11.13001,11.13001,2900,11.13001
AQPTY,20101119,10.92001,10.95000,10.92001,10.95000,2000,10.95000
AQPTY,20101122,10.41000,10.41000,10.35001,10.35001,3100,10.35001
AQPTY,20101123,10.20000,10.20000,9.89001,9.89001,2200,9.89001
AQPTY,20101124,9.95000,9.98000,9.95000,9.98000,700,9.98000
AQPTY,20101129,9.96001,9.96001,9.96001,9.96001,300,9.96001
AQPTY,20101130,9.99000,9.99000,9.99000,9.99000,100,9.99000
AQPTY,20101201,10.22001,10.46001,10.22001,10.46001,1200,10.46001
AQPTY,20101202,10.65000,10.65000,10.65000,10.65000,700,10.65000
AQPTY,20101203,10.94000,11.11000,10.94000,11.11000,1700,11.11000
AQPTY,20101206,11.11000,11.30001,11.11000,11.22001,1000,11.22001
AQPTY,20101207,11.60001,11.60001,11.41000,11.41000,1700,11.41000
AQPTY,20101209,11.11000,11.11000,11.11000,11.11000,1600,11.11000
AQPTY,20101210,10.94000,10.94000,10.90000,10.90000,2200,10.90000
AQPTY,20101213,10.86000,10.86000,10.83000,10.83000,2800,10.83000
AQPTY,20101214,10.99000,10.99000,10.94000,10.94000,2800,10.94000
AQPTY,20101215,10.79000,10.79000,10.79000,10.79000,1800,10.79000
AQPTY,20101216,10.53000,10.53000,10.45000,10.45000,400,10.45000
AQPTY,20101227,10.37000,10.37000,10.37000,10.37000,1400,10.37000
AQPTY,20101229,10.65000,10.75000,10.65000,10.75000,500,10.75000
AQPTY,20101230,10.88001,10.88001,10.88001,10.88001,200,10.88001
AQPTY,20110103,10.97001,10.97001,10.90000,10.90000,1600,10.90000
AQPTY,20110104,10.75000,10.75000,10.60001,10.60001,1900,10.60001
AQPTY,20110105,10.30001,10.30001,10.30001,10.30001,200,10.30001
AQPTY,20110106,10.37000,10.37000,10.26001,10.30001,2000,10.30001
AQPTY,20110111,10.52001,10.52001,10.52001,10.52001,2000,10.52001
AQPTY,20110112,10.87000,10.87000,10.87000,10.87000,200,10.87000
AQPTY,20110113,11.58000,11.58000,11.58000,11.58000,2000,11.58000
AQPTY,20110114,11.49000,11.49000,11.49000,11.49000,100,11.49000
AQPTY,20110118,11.55001,11.72001,11.55001,11.72001,300,11.72001
AQPTY,20110119,11.58000,11.58000,11.58000,11.58000,100,11.58000
AQPTY,20110121,11.17001,11.17001,11.17001,11.17001,1000,11.17001
AQPTY,20110124,11.44000,11.44000,11.44000,11.44000,300,11.44000
AQPTY,20110125,10.75000,10.75000,10.75000,10.75000,200,10.75000
AQPTY,20110126,11.03000,11.15000,11.03000,11.15000,3400,11.15000
AQPTY,20110128,11.30001,11.30001,11.00000,11.00000,300,11.00000
AQPTY,20110201,11.56001,11.56001,11.56001,11.56001,700,11.56001
AQPTY,20110202,11.93001,11.93001,11.93001,11.93001,200,11.93001
AQPTY,20110204,12.39001,12.65000,12.39001,12.65000,2300,12.65000
AQPTY,20110208,12.92001,12.93001,12.92001,12.93001,2000,12.93001
AQPTY,20110209,12.75000,12.75000,12.75000,12.75000,100,12.75000
AQPTY,20110210,12.75000,12.75000,12.75000,12.75000,1000,12.75000
AQPTY,20110211,13.26001,13.26001,13.26001,13.26001,200,13.26001
AQPTY,20110215,13.29000,13.29000,13.29000,13.29000,200,13.29000
AQPTY,20110216,13.13001,13.20000,13.13001,13.20000,500,13.20000
AQPTY,20110217,13.00000,13.05001,12.99000,13.05001,900,13.05001
AQPTY,20110222,12.72001,12.72001,12.72001,12.72001,500,12.72001
AQPTY,20110223,12.73000,12.75000,12.73000,12.75000,1000,12.75000
AQPTY,20110224,12.51001,12.51001,12.51001,12.51001,100,12.51001
AQPTY,20110228,13.14001,13.33000,13.14001,13.33000,700,13.33000
AQPTY,20110301,13.23000,13.23000,13.23000,13.23000,150,13.23000
