Ticker,Date,Open,High,Low,Close,Volume,Open Interest
ADP-200010,19570805,8.46720,8.57173,8.46720,8.46720,2153,20.25000
ADP-200010,19570806,8.51947,8.62400,8.46720,8.62400,2153,20.62500
ADP-200010,19570807,8.67627,8.78080,8.67627,8.78080,479,21.00000
ADP-200010,19570808,8.78080,8.83307,8.78080,8.83307,957,21.12500
ADP-200010,19570809,8.83307,8.93760,8.83307,8.88533,957,21.25000
ADP-200010,19570812,8.88533,8.93760,8.88533,8.93760,957,21.37500
ADP-200010,19570813,8.98987,9.35573,8.98987,9.35573,2631,22.37500
ADP-200010,19570814,9.25120,9.25120,9.14667,9.19893,718,22.00000
ADP-200010,19570815,9.19893,9.30347,9.19893,9.19893,718,22.00000
ADP-200010,19570816,9.14667,9.30347,9.14667,9.30347,479,22.25000
ADP-200010,19570819,9.25120,9.25120,9.25120,9.25120,2870,22.12500
ADP-200010,19570820,9.19893,9.25120,9.14667,9.25120,3110,22.12500
ADP-200010,19570821,9.30347,9.35573,9.09440,9.09440,2153,21.75000
ADP-200010,19570822,9.14667,9.14667,8.98987,8.98987,1675,21.50000
ADP-200010,19570823,9.04213,9.04213,8.67627,8.67627,4545,20.75000
ADP-200010,19570826,8.83307,8.88533,8.78080,8.88533,957,21.25000
ADP-200010,19570827,9.09440,9.09440,9.09440,9.09440,718,21.75000
ADP-200010,19570828,8.98987,8.98987,8.98987,8.98987,240,21.50000
ADP-200010,19570829,8.98987,8.98987,8.98987,8.98987,718,21.50000
ADP-200010,19570830,8.98987,8.98987,8.98987,8.98987,4066,21.50000
ADP-200010,19570903,9.04213,9.04213,8.93760,8.93760,718,21.37500
ADP-200010,19570904,8.93760,8.93760,8.88533,8.88533,479,21.25000
ADP-200010,19570905,8.78080,8.98987,8.78080,8.98987,1435,21.50000
ADP-200010,19570906,8.78080,8.78080,8.78080,8.78080,479,21.00000
ADP-200010,19570909,8.78080,8.78080,8.78080,8.78080,1675,21.00000
ADP-200010,19570910,8.78080,8.78080,8.67627,8.78080,1435,21.00000
ADP-200010,19570911,8.72853,8.72853,8.72853,8.72853,240,20.87500
ADP-200010,19570912,8.72853,8.72853,8.72853,8.72853,479,20.87500
ADP-200010,19570917,8.67627,8.67627,8.67627,8.67627,240,20.75000
ADP-200010,19570918,8.62400,8.67627,8.57173,8.67627,718,20.75000
ADP-200010,19570919,8.57173,8.57173,8.57173,8.57173,240,20.50000
ADP-200010,19570920,8.46720,8.46720,8.36267,8.36267,479,20.00000
ADP-200010,19570923,8.15360,8.15360,8.15360,8.15360,240,19.50000
ADP-200010,19570924,8.31040,8.31040,8.20587,8.20587,957,19.62500
ADP-200010,19570926,8.15360,8.15360,8.04907,8.04907,957,19.25000
ADP-200010,19570930,8.04907,8.04907,7.94453,7.94453,479,19.00000
ADP-200010,19571001,7.94453,7.94453,7.84000,7.84000,479,18.75000
ADP-200010,19571002,7.89227,7.89227,7.73547,7.73547,479,18.50000
ADP-200010,19571003,7.63093,7.63093,7.42187,7.42187,1196,17.75000
ADP-200010,19571004,7.52640,7.52640,7.52640,7.52640,240,18.00000
ADP-200010,19571007,7.42187,7.42187,7.42187,7.42187,479,17.75000
ADP-200010,19571008,7.42187,7.42187,7.10827,7.10827,1196,17.00000
ADP-200010,19571009,7.31733,7.31733,7.10827,7.10827,1914,17.00000
ADP-200010,19571010,7.05600,7.05600,6.74240,6.74240,718,16.12500
ADP-200010,19571011,7.00373,7.00373,6.74240,6.74240,1914,16.12500
ADP-200010,19571014,6.89920,6.89920,6.79467,6.79467,957,16.25000
ADP-200010,19571015,6.89920,7.05600,6.89920,7.05600,479,16.87500
ADP-200010,19571016,7.10827,7.10827,6.89920,6.95147,1435,16.62500
ADP-200010,19571017,6.89920,6.89920,6.58560,6.69013,1914,16.00000
ADP-200010,19571018,6.79467,6.79467,6.69013,6.69013,1196,16.00000
ADP-200010,19571021,6.63787,6.63787,6.63787,6.63787,479,15.87500
ADP-200010,19571022,6.63787,6.63787,6.58560,6.58560,957,15.75000
ADP-200010,19571023,6.58560,6.79467,6.53333,6.69013,3827,16.00000
ADP-200010,19571024,6.58560,6.79467,6.58560,6.74240,6697,16.12500
ADP-200010,19571025,6.69013,6.69013,6.69013,6.69013,8371,16.00000
ADP-200010,19571028,6.69013,6.69013,6.69013,6.69013,1435,16.00000
ADP-200010,19571029,6.74240,6.74240,6.58560,6.58560,4784,15.75000
ADP-200010,19571030,6.48107,6.48107,6.06293,6.27200,2631,15.00000
ADP-200010,19571031,6.11520,6.11520,6.06293,6.06293,479,14.50000
ADP-200010,19571101,5.95840,5.95840,5.85387,5.85387,1675,14.00000
ADP-200010,19571104,5.74933,5.74933,5.54027,5.59253,2870,13.37500
ADP-200010,19571106,5.43573,5.43573,5.22667,5.22667,2631,12.50000
ADP-200010,19571107,5.12213,5.12213,5.01760,5.12213,957,12.25000
ADP-200010,19571108,5.22667,5.38347,5.22667,5.38347,2153,12.87500
ADP-200010,19571111,5.54027,5.85387,5.54027,5.85387,1435,14.00000
ADP-200010,19571112,6.06293,6.06293,5.85387,5.85387,718,14.00000
ADP-200010,19571113,6.01067,6.01067,6.01067,6.01067,240,14.37500
ADP-200010,19571114,5.95840,5.95840,5.95840,5.95840,240,14.25000
ADP-200010,19571115,6.06293,6.21973,6.06293,6.21973,957,14.87500
ADP-200010,19571118,6.06293,6.06293,6.01067,6.01067,479,14.37500
ADP-200010,19571120,6.11520,6.11520,6.06293,6.06293,479,14.50000
ADP-200010,19571121,6.01067,6.06293,6.01067,6.06293,1196,14.50000
ADP-200010,19571122,6.06293,6.16747,6.06293,6.11520,1196,14.62500
ADP-200010,19571125,6.06293,6.06293,6.06293,6.06293,479,14.50000
ADP-200010,19571126,6.06293,6.63787,6.06293,6.48107,2392,15.50000
ADP-200010,19571127,6.27200,6.27200,6.27200,6.27200,718,15.00000
ADP-200010,19571129,6.27200,6.27200,6.27200,6.27200,240,15.00000
ADP-200010,19571202,6.27200,6.27200,6.11520,6.27200,2153,15.00000
ADP-200010,19571204,6.21973,6.21973,6.21973,6.21973,479,14.87500
ADP-200010,19571205,6.11520,6.27200,6.11520,6.27200,957,15.00000
ADP-200010,19571206,6.27200,6.37653,6.27200,6.37653,957,15.25000
ADP-200010,19571209,6.27200,6.27200,6.27200,6.27200,957,15.00000
ADP-200010,19571211,5.95840,5.95840,5.95840,5.95840,479,14.25000
ADP-200010,19571212,5.95840,5.95840,5.90613,5.90613,479,14.12500
ADP-200010,19571213,5.85387,5.85387,5.85387,5.85387,479,14.00000
ADP-200010,19571216,5.85387,5.90613,5.64480,5.64480,1914,13.50000
ADP-200010,19571217,5.64480,5.64480,5.43573,5.43573,718,13.00000
ADP-200010,19571218,5.38347,5.38347,5.27893,5.38347,1675,12.87500
ADP-200010,19571219,5.38347,5.43573,5.38347,5.43573,479,13.00000
ADP-200010,19571220,5.43573,5.43573,5.43573,5.43573,957,13.00000
ADP-200010,19571223,5.33120,5.33120,5.27893,5.27893,718,12.62500
ADP-200010,19571224,5.27893,5.27893,5.22667,5.22667,1435,12.50000
ADP-200010,19571226,5.22667,5.33120,5.22667,5.33120,957,12.75000
ADP-200010,19571227,5.33120,5.33120,5.33120,5.33120,240,12.75000
ADP-200010,19571230,5.22667,5.43573,5.22667,5.43573,1914,13.00000
ADP-200010,19571231,5.33120,5.85387,5.33120,5.74933,1435,13.75000
ADP-200010,19580102,5.74933,5.74933,5.74933,5.74933,479,13.75000
ADP-200010,19580103,5.90613,5.95840,5.90613,5.95840,479,14.25000
ADP-200010,19580106,6.11520,6.11520,6.11520,6.11520,240,14.62500
ADP-200010,19580107,6.27200,6.48107,6.27200,6.48107,718,15.50000
ADP-200010,19580108,6.58560,6.58560,6.58560,6.58560,240,15.75000
ADP-200010,19580109,6.48107,6.58560,6.48107,6.53333,957,15.62500
ADP-200010,19580110,6.48107,6.48107,6.48107,6.48107,240,15.50000
ADP-200010,19580113,6.48107,6.48107,6.37653,6.37653,1196,15.25000
ADP-200010,19580114,6.53333,6.53333,6.53333,6.53333,240,15.62500
ADP-200010,19580115,6.53333,6.53333,6.48107,6.48107,718,15.50000
ADP-200010,19580116,6.53333,6.58560,6.53333,6.58560,1914,15.75000
ADP-200010,19580120,6.58560,6.58560,6.53333,6.58560,1675,15.75000
ADP-200010,19580121,6.58560,6.63787,6.53333,6.63787,1435,15.87500
ADP-200010,19580123,6.48107,6.48107,6.48107,6.48107,479,15.50000
ADP-200010,19580127,6.37653,6.37653,6.27200,6.27200,957,15.00000
ADP-200010,19580130,6.32427,6.32427,6.32427,6.32427,240,15.12500
ADP-200010,19580131,6.27200,6.27200,6.27200,6.27200,240,15.00000
ADP-200010,19580203,6.37653,6.37653,6.27200,6.27200,957,15.00000
ADP-200010,19580204,6.32427,6.32427,6.32427,6.32427,240,15.12500
ADP-200010,19580205,6.32427,6.32427,6.27200,6.27200,479,15.00000
ADP-200010,19580207,6.21973,6.21973,6.21973,6.21973,1196,14.87500
ADP-200010,19580211,6.16747,6.16747,6.16747,6.16747,240,14.75000
ADP-200010,19580213,6.11520,6.11520,6.11520,6.11520,479,14.62500
ADP-200010,19580217,5.95840,5.95840,5.69707,5.69707,1435,13.62500
ADP-200010,19580218,5.80160,5.80160,5.80160,5.80160,479,13.87500
ADP-200010,19580219,5.80160,5.85387,5.80160,5.85387,479,14.00000
ADP-200010,19580220,5.85387,5.85387,5.64480,5.64480,957,13.50000
ADP-200010,19580221,5.54027,5.54027,5.54027,5.54027,240,13.25000
ADP-200010,19580224,5.54027,5.54027,5.43573,5.43573,1675,13.00000
ADP-200010,19580225,5.38347,5.43573,5.38347,5.43573,957,13.00000
ADP-200010,19580226,5.43573,5.43573,5.38347,5.38347,479,12.87500
ADP-200010,19580227,5.43573,5.43573,5.43573,5.43573,957,13.00000
ADP-200010,19580228,5.43573,5.43573,5.43573,5.43573,1675,13.00000
ADP-200010,19580303,5.43573,5.43573,5.43573,5.43573,1196,13.00000
ADP-200010,19580304,5.43573,5.43573,5.43573,5.43573,1196,13.00000
ADP-200010,19580305,5.43573,5.43573,5.43573,5.43573,718,13.00000
ADP-200010,19580306,5.43573,5.43573,5.43573,5.43573,957,13.00000
ADP-200010,19580307,5.43573,5.43573,5.43573,5.43573,1675,13.00000
ADP-200010,19580310,5.43573,5.43573,5.38347,5.43573,2392,13.00000
ADP-200010,19580311,5.43573,5.48800,5.38347,5.48800,2392,13.12500
ADP-200010,19580312,5.54445,5.65316,5.54445,5.65316,2070,13.00000
ADP-200010,19580313,5.65316,5.65316,5.59881,5.65316,1840,13.00000
ADP-200010,19580314,5.54445,5.54445,5.43573,5.43573,3680,12.50000
ADP-200010,19580317,5.38138,5.38138,5.21831,5.21831,1150,12.00000
ADP-200010,19580318,5.21831,5.21831,5.21831,5.21831,690,12.00000
ADP-200010,19580319,5.21831,5.21831,5.21831,5.21831,1150,12.00000
ADP-200010,19580320,5.21831,5.21831,5.16395,5.16395,920,11.87500
ADP-200010,19580321,5.10959,5.10959,5.05523,5.10959,2760,11.75000
ADP-200010,19580324,5.16395,5.16395,5.05523,5.10959,2300,11.75000
ADP-200010,19580325,5.00088,5.10959,5.00088,5.10959,2300,11.75000
ADP-200010,19580326,5.10959,5.10959,5.00088,5.00088,1380,11.50000
ADP-200010,19580327,5.00088,5.00088,5.00088,5.00088,2070,11.50000
ADP-200010,19580328,5.05523,5.05523,5.05523,5.05523,690,11.62500
ADP-200010,19580331,5.05523,5.05523,5.05523,5.05523,460,11.62500
ADP-200010,19580401,5.05523,5.05523,5.00088,5.00088,920,11.50000
ADP-200010,19580402,5.00088,5.05523,5.00088,5.05523,690,11.62500
ADP-200010,19580403,5.05523,5.05523,5.00088,5.05523,1380,11.62500
ADP-200010,19580407,5.05523,5.10959,5.05523,5.10959,690,11.75000
ADP-200010,19580408,5.05523,5.05523,5.05523,5.05523,920,11.62500
ADP-200010,19580409,5.00088,5.00088,5.00088,5.00088,1150,11.50000
ADP-200010,19580410,5.00088,5.00088,5.00088,5.00088,690,11.50000
ADP-200010,19580411,5.00088,5.00088,5.00088,5.00088,690,11.50000
ADP-200010,19580414,5.05523,5.05523,5.00088,5.00088,1610,11.50000
ADP-200010,19580415,5.00088,5.00088,5.00088,5.00088,460,11.50000
ADP-200010,19580416,5.00088,5.00088,5.00088,5.00088,690,11.50000
ADP-200010,19580417,4.89216,4.89216,4.89216,4.89216,460,11.25000
ADP-200010,19580418,4.94652,4.94652,4.89216,4.89216,690,11.25000
ADP-200010,19580421,4.94652,4.94652,4.89216,4.89216,690,11.25000
ADP-200010,19580422,4.89216,4.89216,4.83780,4.83780,3450,11.12500
ADP-200010,19580423,4.89216,4.89216,4.78345,4.78345,5520,11.00000
ADP-200010,19580424,4.78345,4.89216,4.78345,4.89216,920,11.25000
ADP-200010,19580425,4.89216,4.89216,4.83780,4.83780,1150,11.12500
ADP-200010,19580428,4.89216,4.89216,4.89216,4.89216,230,11.25000
ADP-200010,19580429,4.89216,4.89216,4.83780,4.83780,920,11.12500
ADP-200010,19580430,4.83780,4.94652,4.83780,4.94652,1380,11.37500
ADP-200010,19580501,4.94652,5.00088,4.94652,5.00088,920,11.50000
ADP-200010,19580502,4.89216,4.89216,4.89216,4.89216,2990,11.25000
ADP-200010,19580505,4.89216,4.89216,4.83780,4.89216,2300,11.25000
ADP-200010,19580506,4.89216,4.89216,4.83780,4.89216,1150,11.25000
ADP-200010,19580507,4.89216,4.89216,4.83780,4.89216,3220,11.25000
ADP-200010,19580508,4.89216,4.89216,4.83780,4.89216,1610,11.25000
ADP-200010,19580509,4.83780,4.89216,4.78345,4.83780,2760,11.12500
ADP-200010,19580512,4.89216,4.89216,4.83780,4.83780,2300,11.12500
ADP-200010,19580513,4.78345,4.78345,4.72909,4.72909,1610,10.87500
ADP-200010,19580514,4.67473,4.72909,4.62038,4.62038,3450,10.62500
ADP-200010,19580515,4.62038,4.67473,4.62038,4.62038,1380,10.62500
ADP-200010,19580516,4.67473,4.67473,4.62038,4.62038,5060,10.62500
ADP-200010,19580519,4.62038,4.62038,4.56602,4.56602,1840,10.50000
ADP-200010,19580520,4.56602,4.67473,4.56602,4.67473,2760,10.75000
ADP-200010,19580521,4.67473,4.89216,4.67473,4.89216,6439,11.25000
ADP-200010,19580522,4.94652,5.10959,4.94652,5.00088,6209,11.50000
ADP-200010,19580523,5.10959,5.16395,5.10959,5.16395,1840,11.87500
ADP-200010,19580526,5.21831,5.38138,5.21831,5.32702,6209,12.25000
ADP-200010,19580527,5.32702,5.32702,5.32702,5.32702,1840,12.25000
ADP-200010,19580528,5.32702,5.32702,5.10959,5.10959,2300,11.75000
ADP-200010,19580529,5.10959,5.10959,4.94652,5.00088,2990,11.50000
ADP-200010,19580602,4.94652,4.94652,4.83780,4.83780,1380,11.12500
ADP-200010,19580603,4.83780,4.89216,4.83780,4.89216,920,11.25000
ADP-200010,19580604,4.83780,4.89216,4.83780,4.89216,1150,11.25000
ADP-200010,19580605,4.83780,4.89216,4.83780,4.89216,460,11.25000
ADP-200010,19580606,4.89216,4.89216,4.83780,4.83780,690,11.12500
ADP-200010,19580609,4.83780,4.83780,4.78345,4.78345,1380,11.00000
ADP-200010,19580610,4.78345,4.78345,4.78345,4.78345,230,11.00000
ADP-200010,19580611,4.78345,4.78345,4.78345,4.78345,920,11.00000
ADP-200010,19580612,4.78345,4.78345,4.78345,4.78345,460,11.00000
ADP-200010,19580613,4.83780,4.83780,4.78345,4.78345,2760,11.00000
ADP-200010,19580616,4.72909,4.89216,4.72909,4.89216,2760,11.25000
ADP-200010,19580617,4.83780,5.00088,4.83780,5.00088,5290,11.50000
ADP-200010,19580618,5.00088,5.21831,5.00088,5.21831,5979,12.00000
ADP-200010,19580619,5.21831,5.32702,5.10959,5.10959,8279,11.75000
ADP-200010,19580620,5.00088,5.32702,5.00088,5.27266,7359,12.12500
ADP-200010,19580623,5.21831,5.21831,5.21831,5.21831,690,12.00000
ADP-200010,19580624,5.16395,5.16395,5.05523,5.05523,2990,11.62500
ADP-200010,19580626,5.10959,5.16395,5.10959,5.16395,460,11.87500
ADP-200010,19580627,5.16395,5.16395,5.16395,5.16395,460,11.87500
ADP-200010,19580630,5.10959,5.21831,5.10959,5.16395,920,11.87500
ADP-200010,19580701,5.16395,5.16395,5.10959,5.10959,920,11.75000
ADP-200010,19580702,5.10959,5.10959,5.10959,5.10959,690,11.75000
ADP-200010,19580703,5.10959,5.10959,5.10959,5.10959,690,11.75000
ADP-200010,19580707,5.05523,5.10959,5.00088,5.00088,2760,11.50000
ADP-200010,19580708,5.05523,5.05523,5.00088,5.05523,1610,11.62500
ADP-200010,19580709,5.05523,5.05523,5.00088,5.00088,920,11.50000
ADP-200010,19580710,5.00088,5.00088,5.00088,5.00088,230,11.50000
ADP-200010,19580711,5.00088,5.00088,5.00088,5.00088,1610,11.50000
ADP-200010,19580714,4.94652,4.94652,4.94652,4.94652,460,11.37500
ADP-200010,19580715,4.89216,4.89216,4.89216,4.89216,690,11.25000
ADP-200010,19580716,4.89216,4.89216,4.89216,4.89216,230,11.25000
ADP-200010,19580717,4.94652,4.94652,4.94652,4.94652,230,11.37500
ADP-200010,19580721,4.94652,5.00088,4.94652,5.00088,690,11.50000
ADP-200010,19580722,5.00088,5.00088,4.94652,5.00088,690,11.50000
ADP-200010,19580723,5.10959,5.10959,5.10959,5.10959,460,11.75000
ADP-200010,19580724,5.10959,5.21831,5.10959,5.21831,2530,12.00000
ADP-200010,19580725,5.27266,5.43573,5.27266,5.43573,8969,12.50000
ADP-200010,19580728,5.43573,5.54445,5.43573,5.54445,2990,12.75000
ADP-200010,19580729,5.54445,5.54445,5.49009,5.49009,3220,12.62500
ADP-200010,19580730,5.49009,5.49009,5.49009,5.49009,690,12.62500
ADP-200010,19580731,5.49009,5.49009,5.43573,5.43573,2070,12.50000
ADP-200010,19580801,5.43573,5.49009,5.43573,5.49009,1380,12.62500
ADP-200010,19580804,5.59881,5.65316,5.59881,5.65316,4370,13.00000
ADP-200010,19580805,5.49009,5.49009,5.43573,5.49009,4600,12.62500
ADP-200010,19580806,5.59881,5.59881,5.43573,5.43573,1610,12.50000
ADP-200010,19580807,5.43573,5.43573,5.43573,5.43573,460,12.50000
ADP-200010,19580808,5.49009,5.54445,5.49009,5.54445,2760,12.75000
ADP-200010,19580811,5.54445,5.54445,5.54445,5.54445,230,12.75000
ADP-200010,19580812,5.43573,5.43573,5.38138,5.43573,2990,12.50000
ADP-200010,19580813,5.32702,5.32702,5.27266,5.32702,1380,12.25000
ADP-200010,19580814,5.32702,5.43573,5.32702,5.43573,1380,12.50000
ADP-200010,19580815,5.38138,5.43573,5.38138,5.43573,1150,12.50000
ADP-200010,19580818,5.32702,5.32702,5.32702,5.32702,920,12.25000
ADP-200010,19580819,5.27266,5.38138,5.27266,5.27266,1380,12.12500
ADP-200010,19580821,5.32702,5.49009,5.32702,5.49009,3910,12.62500
ADP-200010,19580822,5.49009,5.49009,5.49009,5.49009,230,12.62500
ADP-200010,19580825,5.49009,5.49009,5.38138,5.38138,460,12.37500
ADP-200010,19580827,5.32702,5.38138,5.27266,5.27266,2070,12.12500
ADP-200010,19580828,5.27266,5.27266,5.27266,5.27266,1150,12.12500
ADP-200010,19580829,5.27266,5.27266,5.27266,5.27266,1840,12.12500
ADP-200010,19580902,5.27266,5.27266,5.21831,5.21831,2070,12.00000
ADP-200010,19580903,5.27266,5.27266,5.27266,5.27266,690,12.12500
ADP-200010,19580904,5.27266,5.27266,5.27266,5.27266,230,12.12500
ADP-200010,19580905,5.21831,5.27266,5.21831,5.27266,1380,12.12500
ADP-200010,19580908,5.32702,5.32702,5.21831,5.27266,2530,12.12500
ADP-200010,19580909,5.21831,5.32702,5.21831,5.32702,3450,12.25000
ADP-200010,19580910,5.27266,5.27266,5.27266,5.27266,460,12.12500
ADP-200010,19580911,5.21831,5.21831,5.21831,5.21831,690,12.00000
ADP-200010,19580912,5.21831,5.21831,5.21831,5.21831,460,12.00000
ADP-200010,19580915,5.27266,5.32702,5.27266,5.32702,460,12.25000
ADP-200010,19580916,5.32702,5.32702,5.27266,5.27266,2760,12.12500
ADP-200010,19580917,5.27266,5.38138,5.27266,5.38138,1380,12.37500
ADP-200010,19580918,5.38138,5.38138,5.27266,5.32702,6439,12.25000
ADP-200010,19580919,5.32702,5.32702,5.27266,5.32702,2300,12.25000
ADP-200010,19580922,5.32702,5.43573,5.32702,5.43573,2990,12.50000
ADP-200010,19580923,5.43573,5.70752,5.38138,5.65316,10809,13.00000
ADP-200010,19580924,5.65316,5.70752,5.65316,5.65316,2530,13.00000
ADP-200010,19580925,5.70752,5.70752,5.54445,5.54445,3680,12.75000
ADP-200010,19580926,5.38138,5.59881,5.38138,5.59881,3220,12.87500
ADP-200010,19580929,5.59881,5.59881,5.54445,5.54445,2300,12.75000
ADP-200010,19580930,5.59881,5.65316,5.59881,5.65316,2530,13.00000
ADP-200010,19581001,5.59881,5.65316,5.59881,5.59881,2300,12.87500
ADP-200010,19581002,5.49009,5.54445,5.49009,5.49009,1380,12.62500
ADP-200010,19581003,5.54445,5.70752,5.49009,5.65316,7359,13.00000
ADP-200010,19581006,5.65316,5.70752,5.65316,5.70752,3220,13.12500
ADP-200010,19581007,5.65316,5.65316,5.65316,5.65316,4830,13.00000
ADP-200010,19581008,5.65316,5.65316,5.59881,5.59881,1150,12.87500
ADP-200010,19581010,5.59881,5.59881,5.59881,5.59881,690,12.87500
ADP-200010,19581013,5.49009,5.59881,5.49009,5.49009,2300,12.62500
ADP-200010,19581014,5.43573,5.49009,5.38138,5.38138,2300,12.37500
ADP-200010,19581015,5.27266,5.38138,5.27266,5.38138,2530,12.37500
ADP-200010,19581016,5.27266,5.32702,5.27266,5.27266,920,12.12500
ADP-200010,19581017,5.32702,5.76188,5.32702,5.54445,18627,12.75000
ADP-200010,19581020,5.49009,5.59881,5.49009,5.54445,2760,12.75000
ADP-200010,19581021,5.59881,5.59881,5.54445,5.54445,920,12.75000
ADP-200010,19581022,5.54445,5.59881,5.54445,5.54445,1840,12.75000
ADP-200010,19581023,5.54445,5.54445,5.54445,5.54445,690,12.75000
ADP-200010,19581024,5.54445,5.54445,5.49009,5.49009,460,12.62500
ADP-200010,19581027,5.49009,5.49009,5.32702,5.32702,1380,12.25000
ADP-200010,19581028,5.27266,5.27266,5.21831,5.21831,2070,12.00000
ADP-200010,19581029,5.27266,5.27266,5.21831,5.27266,690,12.12500
ADP-200010,19581030,5.21831,5.32702,5.21831,5.32702,1380,12.25000
ADP-200010,19581031,5.32702,5.38138,5.27266,5.27266,690,12.12500
ADP-200010,19581103,5.27266,5.27266,5.21831,5.21831,1150,12.00000
ADP-200010,19581105,5.27266,5.32702,5.21831,5.32702,1380,12.25000
ADP-200010,19581106,5.27266,5.27266,5.27266,5.27266,230,12.12500
ADP-200010,19581107,5.32702,5.32702,5.27266,5.27266,920,12.12500
ADP-200010,19581110,5.27266,5.32702,5.27266,5.27266,920,12.12500
ADP-200010,19581111,5.32702,5.38138,5.32702,5.38138,690,12.37500
ADP-200010,19581112,5.27266,5.27266,5.21831,5.21831,2990,12.00000
ADP-200010,19581113,5.21831,5.21831,5.00088,5.05523,4140,11.62500
ADP-200010,19581114,5.16395,5.21831,5.16395,5.16395,1150,11.87500
ADP-200010,19581117,5.10959,5.21831,5.10959,5.16395,690,11.87500
ADP-200010,19581118,5.16395,5.16395,5.10959,5.10959,920,11.75000
ADP-200010,19581119,5.16395,5.16395,4.89216,4.89216,4830,11.25000
ADP-200010,19581120,4.89216,4.89216,4.56602,4.72909,7129,10.87500
ADP-200010,19581121,4.62038,4.67473,4.56602,4.56602,2760,10.50000
ADP-200010,19581124,4.67473,4.72909,4.62038,4.62038,2760,10.62500
ADP-200010,19581125,4.72909,4.89216,4.72909,4.89216,1610,11.25000
ADP-200010,19581126,4.89216,5.00088,4.89216,5.00088,920,11.50000
ADP-200010,19581128,5.00088,5.05523,4.89216,5.05523,3680,11.62500
ADP-200010,19581201,5.05523,5.05523,5.00088,5.05523,920,11.62500
ADP-200010,19581202,5.05523,5.05523,4.89216,4.89216,1840,11.25000
ADP-200010,19581203,4.83780,4.83780,4.83780,4.83780,1150,11.12500
ADP-200010,19581204,4.83780,4.89216,4.83780,4.89216,2530,11.25000
ADP-200010,19581205,4.83780,4.83780,4.83780,4.83780,1380,11.12500
ADP-200010,19581208,4.94652,5.00088,4.89216,4.89216,2070,11.25000
ADP-200010,19581209,4.89216,4.89216,4.83780,4.83780,1150,11.12500
ADP-200010,19581210,4.83780,4.83780,4.83780,4.83780,230,11.12500
ADP-200010,19581211,4.89216,4.89216,4.78345,4.78345,3220,11.00000
ADP-200010,19581212,4.78345,4.83780,4.78345,4.83780,2300,11.12500
ADP-200010,19581215,4.89216,4.94652,4.83780,4.83780,1610,11.12500
ADP-200010,19581216,4.78345,4.89216,4.78345,4.89216,2760,11.25000
ADP-200010,19581217,4.83780,4.89216,4.78345,4.83780,4600,11.12500
ADP-200010,19581218,4.89216,4.89216,4.62038,4.62038,12878,10.62500
ADP-200010,19581219,4.67473,4.72909,4.67473,4.67473,2070,10.75000
ADP-200010,19581222,4.67473,4.67473,4.56602,4.56602,5520,10.50000
ADP-200010,19581223,4.56602,4.56602,4.56602,4.56602,4370,10.50000
ADP-200010,19581224,4.62038,4.72909,4.62038,4.72909,1840,10.87500
ADP-200010,19581229,4.78345,4.83780,4.78345,4.83780,1380,11.12500
ADP-200010,19581230,4.89216,4.94652,4.89216,4.89216,3910,11.25000
ADP-200010,19581231,4.89216,5.10959,4.89216,5.10959,9889,11.75000
ADP-200010,19590102,5.10959,5.32702,5.10959,5.16395,7129,11.87500
ADP-200010,19590105,5.27266,5.32702,5.10959,5.32702,12188,12.25000
ADP-200010,19590106,5.38138,5.38138,5.32702,5.38138,3910,12.37500
ADP-200010,19590107,5.32702,5.32702,5.27266,5.27266,2990,12.12500
ADP-200010,19590108,5.27266,5.43573,5.27266,5.43573,2990,12.50000
ADP-200010,19590109,5.27266,5.43573,5.27266,5.38138,2990,12.37500
ADP-200010,19590112,5.43573,5.43573,5.32702,5.38138,2990,12.37500
ADP-200010,19590113,5.43573,5.43573,5.32702,5.32702,4830,12.25000
ADP-200010,19590114,5.38138,5.43573,5.38138,5.38138,1380,12.37500
ADP-200010,19590115,5.32702,5.38138,5.27266,5.27266,3680,12.12500
ADP-200010,19590116,5.27266,5.32702,5.16395,5.16395,2990,11.87500
ADP-200010,19590119,5.27266,5.32702,5.16395,5.16395,2070,11.87500
ADP-200010,19590120,5.21831,5.32702,5.21831,5.27266,1380,12.12500
ADP-200010,19590121,5.27266,5.27266,5.16395,5.16395,2530,11.87500
ADP-200010,19590122,5.21831,5.32702,5.21831,5.21831,2070,12.00000
ADP-200010,19590126,5.32702,5.32702,5.27266,5.32702,3910,12.25000
ADP-200010,19590127,5.21831,5.59881,5.21831,5.54445,11498,12.75000
ADP-200010,19590128,5.54445,5.65316,5.49009,5.54445,12418,12.75000
ADP-200010,19590129,5.65316,5.70752,5.65316,5.65316,10579,13.00000
ADP-200010,19590130,5.70752,5.87059,5.70752,5.81624,4140,13.37500
ADP-200010,19590202,5.92495,6.03366,5.92495,5.97931,7129,13.75000
ADP-200010,19590203,5.97931,6.08802,5.92495,6.08802,5060,14.00000
ADP-200010,19590204,6.19674,6.19674,5.97931,6.08802,2990,14.00000
ADP-200010,19590205,6.03366,6.03366,5.97931,5.97931,2070,13.75000
ADP-200010,19590206,5.87059,5.97931,5.87059,5.92495,2760,13.62500
ADP-200010,19590209,5.81624,5.81624,5.70752,5.76188,2300,13.25000
ADP-200010,19590210,5.65316,5.87059,5.65316,5.87059,4600,13.50000
ADP-200010,19590211,5.76188,5.87059,5.76188,5.87059,1610,13.50000
ADP-200010,19590212,5.76188,5.76188,5.65316,5.65316,2300,13.00000
ADP-200010,19590213,5.65316,5.65316,5.65316,5.65316,230,13.00000
ADP-200010,19590216,5.70752,5.70752,5.65316,5.65316,920,13.00000
ADP-200010,19590217,5.59881,5.59881,5.54445,5.54445,2300,12.75000
ADP-200010,19590218,5.38138,5.43573,5.32702,5.38138,4370,12.37500
ADP-200010,19590219,5.38138,5.43573,5.38138,5.43573,3680,12.50000
ADP-200010,19590220,5.43573,5.49009,5.38138,5.49009,2530,12.62500
ADP-200010,19590224,6.79467,6.79467,5.49009,5.54445,6209,12.75000
ADP-200010,19590225,5.59881,5.59881,5.59881,5.59881,3450,12.87500
ADP-200010,19590226,5.65316,5.87059,5.65316,5.76188,9199,13.25000
ADP-200010,19590227,5.81624,5.87059,5.76188,5.81624,2530,13.37500
ADP-200010,19590302,5.81624,5.87059,5.76188,5.76188,3910,13.25000
ADP-200010,19590303,5.81624,5.81624,5.65316,5.65316,2990,13.00000
ADP-200010,19590304,5.59881,5.65316,5.59881,5.65316,1380,13.00000
ADP-200010,19590305,5.70752,5.70752,5.54445,5.54445,1610,12.75000
ADP-200010,19590306,5.43573,5.49009,5.38138,5.43573,3680,12.50000
ADP-200010,19590309,5.54445,5.54445,5.49009,5.54445,2990,12.75000
ADP-200010,19590310,5.54445,5.54445,5.49009,5.49009,1380,12.62500
ADP-200010,19590311,5.43573,5.49009,5.43573,5.43573,1840,12.50000
ADP-200010,19590312,5.43573,5.43573,5.43573,5.43573,920,12.50000
ADP-200010,19590313,5.49009,5.49009,5.32702,5.32702,2530,12.25000
ADP-200010,19590316,5.43573,5.49009,5.38138,5.43573,2760,12.50000
ADP-200010,19590317,5.38138,5.43573,5.38138,5.43573,920,12.50000
ADP-200010,19590318,5.49009,5.54445,5.49009,5.49009,2760,12.62500
ADP-200010,19590319,5.54445,5.59881,5.49009,5.49009,3910,12.62500
ADP-200010,19590320,5.49009,5.49009,5.38138,5.49009,9429,12.62500
ADP-200010,19590323,5.43573,5.43573,5.38138,5.43573,2760,12.50000
ADP-200010,19590324,5.32702,5.43573,5.27266,5.27266,8509,12.12500
ADP-200010,19590325,5.38138,5.43573,5.32702,5.32702,1840,12.25000
ADP-200010,19590326,5.32702,5.32702,5.21831,5.21831,2530,12.00000
ADP-200010,19590330,5.32702,5.38138,5.32702,5.32702,1150,12.25000
ADP-200010,19590331,5.27266,5.38138,5.27266,5.38138,1380,12.37500
ADP-200010,19590401,5.32702,5.32702,5.27266,5.27266,1150,12.12500
ADP-200010,19590402,5.38138,5.38138,5.27266,5.38138,2070,12.37500
ADP-200010,19590403,5.27266,5.43573,5.27266,5.43573,2530,12.50000
ADP-200010,19590406,5.54445,5.54445,5.43573,5.43573,1840,12.50000
ADP-200010,19590407,5.43573,5.43573,5.32702,5.43573,1150,12.50000
ADP-200010,19590408,5.38138,5.38138,5.32702,5.38138,920,12.37500
ADP-200010,19590409,5.32702,5.32702,5.32702,5.32702,460,12.25000
ADP-200010,19590410,5.27266,5.38138,5.27266,5.27266,2760,12.12500
ADP-200010,19590413,5.32702,5.32702,5.21831,5.21831,1150,12.00000
ADP-200010,19590414,5.21831,5.21831,5.05523,5.16395,5520,11.87500
ADP-200010,19590415,5.10959,5.10959,5.00088,5.05523,4140,11.62500
ADP-200010,19590416,5.05523,5.10959,5.05523,5.10959,920,11.75000
ADP-200010,19590417,5.16395,5.16395,5.05523,5.10959,1150,11.75000
ADP-200010,19590420,5.10959,5.21831,5.10959,5.21831,1380,12.00000
ADP-200010,19590421,5.21831,5.21831,5.10959,5.16395,1150,11.87500
ADP-200010,19590423,5.16395,5.16395,5.05523,5.05523,1610,11.62500
ADP-200010,19590424,5.00088,5.10959,5.00088,5.10959,1380,11.75000
ADP-200010,19590427,5.00088,5.16395,5.00088,5.10959,2070,11.75000
ADP-200010,19590428,5.05523,5.05523,5.00088,5.00088,690,11.50000
ADP-200010,19590429,5.00088,5.00088,4.94652,4.94652,920,11.37500
ADP-200010,19590430,4.89216,4.89216,4.89216,4.89216,3220,11.25000
ADP-200010,19590501,4.89216,5.05523,4.89216,4.89216,2760,11.25000
ADP-200010,19590504,5.00088,5.05523,5.00088,5.05523,690,11.62500
ADP-200010,19590505,5.00088,5.00088,4.89216,4.89216,690,11.25000
ADP-200010,19590506,4.94652,4.94652,4.83780,4.83780,2070,11.12500
ADP-200010,19590507,4.83780,4.83780,4.67473,4.72909,2300,10.87500
ADP-200010,19590508,4.72909,4.89216,4.72909,4.89216,2070,11.25000
ADP-200010,19590511,4.89216,5.10959,4.83780,5.00088,5060,11.50000
ADP-200010,19590512,5.05523,5.05523,5.00088,5.00088,1610,11.50000
ADP-200010,19590513,4.94652,5.16395,4.94652,5.16395,2070,11.87500
ADP-200010,19590514,5.05523,5.54445,5.05523,5.54445,11498,12.75000
ADP-200010,19590515,5.59881,5.59881,5.21831,5.21831,3910,12.00000
ADP-200010,19590518,5.32702,5.43573,5.27266,5.27266,920,12.12500
ADP-200010,19590519,5.38138,5.38138,5.32702,5.32702,690,12.25000
ADP-200010,19590520,5.21831,5.21831,5.10959,5.21831,1610,12.00000
ADP-200010,19590521,5.16395,5.21831,5.10959,5.21831,920,12.00000
ADP-200010,19590522,5.27266,5.27266,5.27266,5.27266,920,12.12500
ADP-200010,19590525,5.21831,5.21831,5.10959,5.10959,2530,11.75000
ADP-200010,19590526,5.10959,5.10959,4.78345,4.89216,7819,11.25000
ADP-200010,19590527,4.89216,5.05523,4.89216,4.94652,3680,11.37500
ADP-200010,19590528,4.89216,4.94652,4.83780,4.89216,5520,11.25000
ADP-200010,19590529,4.94652,4.94652,4.94652,4.94652,230,11.37500
ADP-200010,19590601,4.83780,4.89216,4.83780,4.89216,460,11.25000
ADP-200010,19590602,4.89216,4.89216,4.83780,4.83780,1840,11.12500
ADP-200010,19590603,4.89216,5.00088,4.83780,4.83780,4140,11.12500
ADP-200010,19590604,4.78345,4.78345,4.78345,4.78345,2070,11.00000
ADP-200010,19590605,4.89216,4.89216,4.78345,4.78345,1150,11.00000
ADP-200010,19590608,4.78345,4.83780,4.72909,4.72909,3220,10.87500
ADP-200010,19590609,4.72909,4.72909,4.67473,4.67473,2300,10.75000
ADP-200010,19590610,4.78345,4.78345,4.72909,4.78345,1150,11.00000
ADP-200010,19590611,4.94652,4.94652,4.89216,4.89216,460,11.25000
ADP-200010,19590612,4.89216,4.89216,4.78345,4.78345,1840,11.00000
ADP-200010,19590615,4.78345,4.78345,4.72909,4.72909,920,10.87500
ADP-200010,19590616,4.67473,4.67473,4.67473,4.67473,460,10.75000
ADP-200010,19590617,4.72909,4.72909,4.62038,4.67473,2530,10.75000
ADP-200010,19590618,4.67473,4.89216,4.67473,4.89216,2530,11.25000
ADP-200010,19590619,4.78345,4.83780,4.78345,4.83780,2300,11.12500
ADP-200010,19590622,4.83780,4.83780,4.83780,4.83780,230,11.12500
ADP-200010,19590623,5.00088,5.16395,5.00088,5.16395,2760,11.87500
ADP-200010,19590624,5.21831,5.27266,5.21831,5.21831,4830,12.00000
ADP-200010,19590625,5.27266,5.27266,5.21831,5.27266,2070,12.12500
ADP-200010,19590626,5.27266,5.27266,5.05523,5.16395,1610,11.87500
ADP-200010,19590629,5.16395,5.16395,5.05523,5.05523,460,11.62500
ADP-200010,19590630,4.94652,4.94652,4.89216,4.89216,920,11.25000
ADP-200010,19590701,4.78345,4.89216,4.78345,4.89216,1610,11.25000
ADP-200010,19590702,5.00088,5.00088,4.83780,4.89216,690,11.25000
ADP-200010,19590706,5.00088,5.10959,5.00088,5.10959,3220,11.75000
ADP-200010,19590707,5.00088,5.21831,4.94652,5.21831,4140,12.00000
ADP-200010,19590708,5.21831,5.21831,5.05523,5.05523,2990,11.62500
ADP-200010,19590709,4.94652,5.16395,4.94652,5.05523,3220,11.62500
ADP-200010,19590710,5.05523,5.27266,5.05523,5.27266,3220,12.12500
ADP-200010,19590713,5.32702,5.38138,5.21831,5.27266,6669,12.12500
ADP-200010,19590714,5.32702,5.32702,5.21831,5.21831,2530,12.00000
ADP-200010,19590715,5.21831,5.38138,5.21831,5.38138,2760,12.37500
ADP-200010,19590716,5.38138,5.43573,5.27266,5.43573,2070,12.50000
ADP-200010,19590717,5.38138,5.38138,5.21831,5.21831,920,12.00000
ADP-200010,19590720,5.10959,5.16395,5.05523,5.05523,920,11.62500
ADP-200010,19590721,5.10959,5.16395,5.10959,5.16395,460,11.87500
ADP-200010,19590722,5.21831,5.32702,5.21831,5.21831,2070,12.00000
ADP-200010,19590723,5.27266,5.27266,5.16395,5.16395,1380,11.87500
ADP-200010,19590724,5.21831,5.21831,5.10959,5.10959,920,11.75000
ADP-200010,19590727,5.16395,5.21831,5.16395,5.16395,1150,11.87500
ADP-200010,19590728,5.10959,5.16395,5.10959,5.10959,920,11.75000
ADP-200010,19590729,5.16395,5.16395,5.00088,5.00088,1380,11.50000
ADP-200010,19590730,5.05523,5.05523,5.00088,5.00088,690,11.50000
ADP-200010,19590731,5.00088,5.00088,4.94652,5.00088,1380,11.50000
ADP-200010,19590803,4.94652,4.94652,4.83780,4.94652,920,11.37500
ADP-200010,19590804,4.89216,5.00088,4.89216,4.89216,4600,11.25000
ADP-200010,19590805,4.83780,4.94652,4.83780,4.94652,1380,11.37500
ADP-200010,19590806,5.00088,5.00088,5.00088,5.00088,230,11.50000
ADP-200010,19590807,4.89216,4.89216,4.83780,4.83780,920,11.12500
ADP-200010,19590810,4.83780,4.83780,4.83780,4.83780,460,11.12500
ADP-200010,19590811,4.83780,4.83780,4.83780,4.83780,1150,11.12500
ADP-200010,19590812,4.94652,5.00088,4.89216,5.00088,1840,11.50000
ADP-200010,19590813,5.00088,5.10959,4.94652,4.94652,2760,11.37500
ADP-200010,19590814,4.94652,4.94652,4.89216,4.89216,920,11.25000
ADP-200010,19590817,4.94652,4.94652,4.83780,4.83780,1150,11.12500
ADP-200010,19590818,4.83780,4.83780,4.78345,4.78345,2530,11.00000
ADP-200010,19590819,4.83780,4.83780,4.78345,4.78345,3450,11.00000
ADP-200010,19590820,4.83780,5.16395,4.83780,5.10959,6439,11.75000
ADP-200010,19590821,5.10959,5.10959,4.89216,4.89216,920,11.25000
ADP-200010,19590824,5.00088,5.00088,4.94652,4.94652,2530,11.37500
ADP-200010,19590825,5.05523,5.05523,5.05523,5.05523,1380,11.62500
ADP-200010,19590826,5.10959,5.21831,5.10959,5.21831,4600,12.00000
ADP-200010,19590827,5.21831,5.21831,5.16395,5.21831,1610,12.00000
ADP-200010,19590828,5.21831,5.27266,5.21831,5.27266,2760,12.12500
ADP-200010,19590831,5.16395,5.21831,5.10959,5.21831,920,12.00000
ADP-200010,19590901,5.10959,5.10959,5.00088,5.00088,920,11.50000
ADP-200010,19590902,5.00088,5.00088,5.00088,5.00088,2070,11.50000
ADP-200010,19590903,5.00088,5.00088,5.00088,5.00088,1150,11.50000
ADP-200010,19590904,5.00088,5.00088,5.00088,5.00088,230,11.50000
ADP-200010,19590908,5.00088,5.05523,5.00088,5.00088,1380,11.50000
ADP-200010,19590909,5.00088,5.00088,4.89216,4.89216,690,11.25000
ADP-200010,19590911,4.89216,5.05523,4.78345,5.05523,1380,11.62500
ADP-200010,19590914,4.89216,4.89216,4.83780,4.83780,1380,11.12500
ADP-200010,19590915,4.83780,4.83780,4.83780,4.83780,460,11.12500
ADP-200010,19590916,4.89216,4.89216,4.83780,4.83780,1840,11.12500
ADP-200010,19590917,4.78345,4.78345,4.78345,4.78345,1380,11.00000
ADP-200010,19590918,4.78345,4.83780,4.72909,4.72909,1150,10.87500
ADP-200010,19590921,4.56602,4.56602,4.23987,4.23987,3450,9.75000
ADP-200010,19590922,4.34859,4.34859,4.34859,4.34859,230,10.00000
ADP-200010,19590923,4.34859,4.45730,4.34859,4.45730,2070,10.25000
ADP-200010,19590924,4.34859,4.56602,4.34859,4.56602,7359,10.50000
ADP-200010,19590925,4.56602,4.56602,4.56602,4.56602,920,10.50000
ADP-200010,19590928,4.56602,4.62038,4.56602,4.62038,1150,10.62500
ADP-200010,19590929,4.56602,4.56602,4.51166,4.51166,920,10.37500
ADP-200010,19590930,4.56602,4.56602,4.40295,4.40295,1380,10.12500
ADP-200010,19591001,4.45730,4.45730,4.40295,4.40295,690,10.12500
ADP-200010,19591002,4.34859,4.34859,4.34859,4.34859,920,10.00000
ADP-200010,19591005,4.29423,4.40295,4.29423,4.40295,1150,10.12500
ADP-200010,19591006,4.34859,4.34859,4.34859,4.34859,690,10.00000
ADP-200010,19591007,4.34859,4.34859,4.34859,4.34859,230,10.00000
ADP-200010,19591008,4.34859,4.34859,4.34859,4.34859,230,10.00000
ADP-200010,19591009,4.34859,4.34859,4.34859,4.34859,1150,10.00000
ADP-200010,19591012,4.29423,4.29423,4.23987,4.23987,690,9.75000
ADP-200010,19591013,4.40295,4.40295,4.34859,4.40295,1840,10.12500
ADP-200010,19591014,4.40295,4.40295,4.34859,4.34859,2070,10.00000
ADP-200010,19591015,4.34859,4.34859,4.34859,4.34859,690,10.00000
ADP-200010,19591016,4.34859,4.34859,4.34859,4.34859,690,10.00000
ADP-200010,19591019,4.29423,4.34859,4.29423,4.34859,2070,10.00000
ADP-200010,19591020,4.29423,4.29423,4.29423,4.29423,460,9.87500
ADP-200010,19591021,4.23987,4.29423,4.23987,4.29423,920,9.87500
ADP-200010,19591022,4.23987,4.23987,4.23987,4.23987,1150,9.75000
ADP-200010,19591023,4.23987,4.23987,4.23987,4.23987,1150,9.75000
ADP-200010,19591026,4.23987,4.23987,4.07680,4.07680,2070,9.37500
ADP-200010,19591027,3.96809,4.07680,3.85937,3.85937,6669,8.87500
ADP-200010,19591028,3.91373,3.91373,3.85937,3.91373,1380,9.00000
ADP-200010,19591029,3.96809,4.29423,3.96809,4.18552,4140,9.62500
ADP-200010,19591030,4.23987,4.29423,4.18552,4.29423,1380,9.87500
ADP-200010,19591102,4.23987,4.29423,4.23987,4.29423,690,9.87500
ADP-200010,19591104,4.18552,4.18552,4.02244,4.02244,1150,9.25000
ADP-200010,19591105,4.07680,4.07680,3.96809,3.96809,690,9.12500
ADP-200010,19591106,4.07680,4.07680,4.07680,4.07680,920,9.37500
ADP-200010,19591109,4.18552,4.23987,4.13116,4.13116,1610,9.50000
ADP-200010,19591110,4.18552,4.18552,4.13116,4.13116,920,9.50000
ADP-200010,19591111,4.13116,4.29423,4.13116,4.23987,1380,9.75000
ADP-200010,19591112,4.34859,4.40295,4.18552,4.18552,3220,9.62500
ADP-200010,19591113,4.23987,4.23987,4.07680,4.07680,2760,9.37500
ADP-200010,19591116,4.02244,4.02244,4.02244,4.02244,690,9.25000
ADP-200010,19591117,4.07680,4.07680,4.02244,4.02244,1840,9.25000
ADP-200010,19591118,3.96809,4.13116,3.96809,4.02244,2760,9.25000
ADP-200010,19591119,3.96809,4.13116,3.96809,4.07680,690,9.37500
ADP-200010,19591120,4.13116,4.29423,4.13116,4.29423,1610,9.87500
ADP-200010,19591123,4.18552,4.18552,4.18552,4.18552,230,9.62500
ADP-200010,19591124,4.13116,4.23987,4.13116,4.23987,1380,9.75000
ADP-200010,19591125,4.29423,4.29423,4.29423,4.29423,460,9.87500
ADP-200010,19591127,4.29423,4.51166,4.29423,4.51166,2530,10.37500
ADP-200010,19591130,4.40295,4.67473,4.40295,4.51166,2990,10.37500
ADP-200010,19591201,4.40295,4.45730,4.23987,4.23987,1380,9.75000
ADP-200010,19591202,4.23987,4.23987,4.23987,4.23987,460,9.75000
ADP-200010,19591203,4.23987,4.34859,4.23987,4.34859,1610,10.00000
ADP-200010,19591204,4.45730,4.45730,4.40295,4.40295,2300,10.12500
ADP-200010,19591207,4.45730,4.45730,4.40295,4.40295,1150,10.12500
ADP-200010,19591208,4.45730,4.45730,4.40295,4.45730,1150,10.25000
ADP-200010,19591209,4.45730,4.51166,4.40295,4.45730,5060,10.25000
ADP-200010,19591210,4.45730,4.45730,4.34859,4.34859,4370,10.00000
ADP-200010,19591211,4.34859,4.34859,4.29423,4.34859,3220,10.00000
ADP-200010,19591214,4.29423,4.29423,4.23987,4.23987,920,9.75000
ADP-200010,19591215,4.23987,4.34859,4.23987,4.34859,2070,10.00000
ADP-200010,19591216,4.29423,4.29423,4.18552,4.18552,1380,9.62500
ADP-200010,19591217,4.29423,4.34859,4.18552,4.18552,5060,9.62500
ADP-200010,19591218,4.23987,4.23987,4.23987,4.23987,2300,9.75000
ADP-200010,19591221,4.18552,4.45730,4.18552,4.29423,4830,9.87500
ADP-200010,19591222,4.40295,4.51166,4.40295,4.51166,4140,10.37500
ADP-200010,19591223,4.45730,4.56602,4.45730,4.51166,2990,10.37500
ADP-200010,19591224,4.62038,4.62038,4.51166,4.51166,1840,10.37500
ADP-200010,19591228,4.45730,4.45730,4.34859,4.34859,3910,10.00000
ADP-200010,19591229,4.34859,4.40295,4.34859,4.40295,920,10.12500
ADP-200010,19591230,4.34859,4.34859,4.34859,4.34859,2300,10.00000
ADP-200010,19591231,4.40295,4.40295,4.34859,4.34859,2070,10.00000
ADP-200010,19600104,4.45730,4.56602,4.45730,4.51166,2530,10.37500
ADP-200010,19600105,4.62038,4.94652,4.62038,4.94652,7129,11.37500
ADP-200010,19600106,4.89216,4.89216,4.78345,4.89216,4830,11.25000
ADP-200010,19600107,4.83780,4.94652,4.83780,4.83780,3220,11.12500
ADP-200010,19600108,4.83780,4.83780,4.78345,4.83780,1150,11.12500
ADP-200010,19600111,4.94652,4.94652,4.72909,4.72909,2760,10.87500
ADP-200010,19600112,4.72909,4.72909,4.67473,4.67473,690,10.75000
ADP-200010,19600113,4.78345,4.78345,4.67473,4.78345,690,11.00000
ADP-200010,19600114,4.67473,4.78345,4.67473,4.78345,920,11.00000
ADP-200010,19600115,4.83780,4.89216,4.78345,4.89216,4140,11.25000
ADP-200010,19600118,4.89216,4.89216,4.72909,4.72909,2300,10.87500
ADP-200010,19600119,4.78345,4.89216,4.78345,4.89216,4600,11.25000
ADP-200010,19600120,4.83780,4.94652,4.83780,4.83780,1840,11.12500
ADP-200010,19600121,4.89216,4.89216,4.83780,4.83780,920,11.12500
ADP-200010,19600122,4.83780,4.89216,4.83780,4.89216,690,11.25000
ADP-200010,19600125,4.89216,4.94652,4.83780,4.94652,1150,11.37500
ADP-200010,19600126,4.94652,4.94652,4.83780,4.83780,2530,11.12500
ADP-200010,19600127,4.94652,4.94652,4.78345,4.78345,920,11.00000
ADP-200010,19600128,4.78345,4.78345,4.78345,4.78345,230,11.00000
ADP-200010,19600129,4.72909,4.72909,4.67473,4.67473,460,10.75000
ADP-200010,19600201,4.67473,4.67473,4.62038,4.62038,920,10.62500
ADP-200010,19600202,4.72909,4.78345,4.67473,4.67473,920,10.75000
ADP-200010,19600203,4.67473,4.67473,4.51166,4.56602,1610,10.50000
ADP-200010,19600205,4.45730,4.45730,4.40295,4.40295,690,10.12500
ADP-200010,19600208,4.40295,4.40295,4.40295,4.40295,460,10.12500
ADP-200010,19600209,4.34859,4.40295,4.34859,4.40295,460,10.12500
ADP-200010,19600210,4.34859,4.45730,4.34859,4.45730,2760,10.25000
ADP-200010,19600211,4.40295,4.40295,4.34859,4.34859,1150,10.00000
ADP-200010,19600212,4.34859,4.34859,4.34859,4.34859,230,10.00000
ADP-200010,19600215,4.34859,4.34859,4.23987,4.23987,690,9.75000
ADP-200010,19600216,4.23987,4.23987,4.23987,4.23987,690,9.75000
ADP-200010,19600217,4.23987,4.23987,4.13116,4.13116,3910,9.50000
ADP-200010,19600218,4.29423,4.45730,4.23987,4.23987,1840,9.75000
ADP-200010,19600219,4.34859,4.34859,4.34859,4.34859,230,10.00000
ADP-200010,19600223,4.29423,4.29423,4.18552,4.23987,1150,9.75000
ADP-200010,19600224,4.13116,4.13116,4.02244,4.02244,690,9.25000
ADP-200010,19600225,3.96809,3.96809,3.96809,3.96809,920,9.12500
ADP-200010,19600226,3.96809,3.96809,3.96809,3.96809,460,9.12500
ADP-200010,19600229,4.02244,4.07680,4.02244,4.07680,2300,9.37500
ADP-200010,19600302,4.07680,4.07680,4.02244,4.02244,690,9.25000
ADP-200010,19600303,4.02244,4.02244,3.96809,3.96809,690,9.12500
ADP-200010,19600304,3.96809,4.02244,3.96809,4.02244,1150,9.25000
ADP-200010,19600307,4.07680,4.07680,4.02244,4.02244,460,9.25000
ADP-200010,19600308,4.02244,4.02244,3.91373,3.91373,1150,9.00000
ADP-200010,19600309,3.91373,3.91373,3.91373,3.91373,1380,9.00000
ADP-200010,19600310,4.02244,4.07680,4.02244,4.02244,920,9.25000
ADP-200010,19600311,4.02244,4.13116,4.02244,4.13116,690,9.50000
ADP-200010,19600314,4.02244,4.02244,4.02244,4.02244,230,9.25000
ADP-200010,19600315,3.96809,3.96809,3.96809,3.96809,690,9.12500
ADP-200010,19600316,4.02244,4.02244,4.02244,4.02244,920,9.25000
ADP-200010,19600317,4.02244,4.02244,4.02244,4.02244,230,9.25000
ADP-200010,19600321,3.96809,3.96809,3.91373,3.96809,1610,9.12500
ADP-200010,19600322,3.91373,3.91373,3.91373,3.91373,2760,9.00000
ADP-200010,19600323,4.02244,4.02244,3.85937,3.91373,1610,9.00000
ADP-200010,19600324,3.85937,3.91373,3.85937,3.91373,1380,9.00000
ADP-200010,19600325,3.85937,3.91373,3.85937,3.91373,690,9.00000
ADP-200010,19600328,3.85937,3.91373,3.80502,3.91373,1380,9.00000
ADP-200010,19600329,3.85937,3.85937,3.85937,3.85937,230,8.87500
ADP-200010,19600330,3.80502,3.80502,3.80502,3.80502,690,8.75000
ADP-200010,19600331,3.75066,3.75066,3.75066,3.75066,230,8.62500
ADP-200010,19600401,3.75066,3.85937,3.69630,3.85937,1840,8.87500
ADP-200010,19600404,3.91373,3.91373,3.91373,3.91373,460,9.00000
ADP-200010,19600405,3.80502,3.80502,3.80502,3.80502,460,8.75000
ADP-200010,19600406,3.96809,3.96809,3.96809,3.96809,690,9.12500
ADP-200010,19600407,3.96809,3.96809,3.96809,3.96809,230,9.12500
ADP-200010,19600408,4.02244,4.02244,4.02244,4.02244,690,9.25000
ADP-200010,19600411,4.13116,4.13116,4.07680,4.07680,2300,9.37500
ADP-200010,19600412,3.96809,4.02244,3.80502,3.80502,2530,8.75000
ADP-200010,19600413,3.91373,4.02244,3.91373,4.02244,920,9.25000
ADP-200010,19600418,3.85937,3.85937,3.85937,3.85937,230,8.87500
ADP-200010,19600419,3.85937,3.85937,3.85937,3.85937,460,8.87500
ADP-200010,19600420,3.85937,3.85937,3.85937,3.85937,230,8.87500
ADP-200010,19600421,3.75066,3.75066,3.75066,3.75066,460,8.62500
ADP-200010,19600422,3.80502,3.91373,3.80502,3.91373,1150,9.00000
ADP-200010,19600425,3.80502,3.80502,3.69630,3.69630,920,8.50000
ADP-200010,19600426,3.85937,3.85937,3.85937,3.85937,230,8.87500
ADP-200010,19600427,3.80502,3.85937,3.75066,3.75066,920,8.62500
ADP-200010,19600428,3.75066,3.80502,3.69630,3.69630,690,8.50000
ADP-200010,19600502,3.75066,3.75066,3.75066,3.75066,230,8.62500
ADP-200010,19600503,3.75066,3.75066,3.75066,3.75066,2530,8.62500
ADP-200010,19600504,3.80502,3.80502,3.75066,3.75066,460,8.62500
ADP-200010,19600506,3.75066,3.75066,3.69630,3.69630,1150,8.50000
ADP-200010,19600509,3.69630,3.75066,3.69630,3.69630,1380,8.50000
ADP-200010,19600510,3.58759,3.58759,3.15273,3.15273,2530,7.25000
ADP-200010,19600511,3.26144,3.26144,3.20709,3.26144,1380,7.50000
ADP-200010,19600512,3.26144,3.47887,3.26144,3.47887,2760,8.00000
ADP-200010,19600513,3.47887,3.47887,3.47887,3.47887,690,8.00000
ADP-200010,19600516,3.64194,3.80502,3.64194,3.80502,1840,8.75000
ADP-200010,19600517,3.64194,3.64194,3.53323,3.53323,920,8.12500
ADP-200010,19600518,3.47887,3.47887,3.47887,3.47887,1150,8.00000
ADP-200010,19600520,3.53323,3.58759,3.47887,3.47887,920,8.00000
ADP-200010,19600523,3.37016,3.37016,3.37016,3.37016,230,7.75000
ADP-200010,19600524,3.53323,3.53323,3.53323,3.53323,230,8.12500
ADP-200010,19600525,3.47887,3.47887,3.47887,3.47887,1380,8.00000
ADP-200010,19600527,3.37016,3.37016,3.26144,3.26144,1150,7.50000
ADP-200010,19600531,3.26144,3.26144,3.15273,3.20709,2530,7.37500
ADP-200010,19600601,3.15273,3.20709,3.09837,3.20709,2760,7.37500
ADP-200010,19600602,3.20709,3.20709,3.09837,3.09837,2070,7.12500
ADP-200010,19600603,3.15273,3.37016,3.15273,3.26144,2300,7.50000
ADP-200010,19600606,3.37016,3.42451,3.26144,3.26144,1150,7.50000
ADP-200010,19600607,3.26144,3.26144,3.26144,3.26144,460,7.50000
ADP-200010,19600608,3.26144,3.26144,3.15273,3.15273,920,7.25000
ADP-200010,19600609,3.20709,3.31580,3.20709,3.31580,2070,7.62500
ADP-200010,19600610,3.42451,3.42451,3.42451,3.42451,230,7.87500
ADP-200010,19600614,3.31580,3.31580,3.31580,3.31580,1840,7.62500
ADP-200010,19600615,3.31580,3.31580,3.31580,3.31580,230,7.62500
ADP-200010,19600616,3.31580,3.53323,3.31580,3.53323,2530,8.12500
ADP-200010,19600617,3.47887,3.47887,3.37016,3.37016,690,7.75000
ADP-200010,19600620,3.47887,3.47887,3.47887,3.47887,920,8.00000
ADP-200010,19600621,3.47887,3.47887,3.47887,3.47887,460,8.00000
ADP-200010,19600623,3.47887,3.47887,3.31580,3.31580,1380,7.62500
ADP-200010,19600624,3.37016,3.37016,3.37016,3.37016,230,7.75000
ADP-200010,19600627,3.37016,3.37016,3.31580,3.31580,460,7.62500
ADP-200010,19600628,3.31580,3.31580,3.31580,3.31580,690,7.62500
ADP-200010,19600629,3.31580,3.31580,3.31580,3.31580,920,7.62500
ADP-200010,19600630,3.37016,3.37016,3.31580,3.31580,460,7.62500
ADP-200010,19600701,3.31580,3.42451,3.31580,3.42451,1150,7.87500
ADP-200010,19600705,3.47887,3.47887,3.47887,3.47887,230,8.00000
ADP-200010,19600706,3.47887,3.47887,3.47887,3.47887,230,8.00000
ADP-200010,19600707,3.42451,3.42451,3.42451,3.42451,230,7.87500
ADP-200010,19600708,3.37016,3.37016,3.37016,3.37016,230,7.75000
ADP-200010,19600711,3.31580,3.37016,3.26144,3.37016,1610,7.75000
ADP-200010,19600712,3.47887,3.47887,3.37016,3.37016,2300,7.75000
ADP-200010,19600713,3.37016,3.47887,3.31580,3.47887,2760,8.00000
ADP-200010,19600714,3.47887,3.47887,3.47887,3.47887,230,8.00000
ADP-200010,19600715,3.42451,3.42451,3.31580,3.42451,2300,7.87500
ADP-200010,19600719,3.42451,3.42451,3.37016,3.37016,1150,7.75000
ADP-200010,19600720,3.37016,3.37016,3.37016,3.37016,920,7.75000
ADP-200010,19600721,3.37016,3.37016,3.37016,3.37016,920,7.75000
ADP-200010,19600722,3.37016,3.37016,3.37016,3.37016,920,7.75000
ADP-200010,19600725,3.26144,3.26144,3.26144,3.26144,920,7.50000
ADP-200010,19600726,3.26144,3.26144,3.26144,3.26144,460,7.50000
ADP-200010,19600727,3.26144,3.26144,3.26144,3.26144,460,7.50000
ADP-200010,19600728,3.26144,3.26144,3.26144,3.26144,460,7.50000
ADP-200010,19600801,3.26144,3.26144,3.26144,3.26144,1380,7.50000
ADP-200010,19600802,3.26144,3.26144,3.26144,3.26144,2070,7.50000
ADP-200010,19600803,3.26144,3.26144,3.26144,3.26144,1840,7.50000
ADP-200010,19600804,3.26144,3.26144,3.26144,3.26144,4370,7.50000
ADP-200010,19600805,3.26144,3.26144,3.26144,3.26144,1150,7.50000
ADP-200010,19600808,3.26144,3.26144,3.26144,3.26144,230,7.50000
ADP-200010,19600809,3.37016,3.37016,3.37016,3.37016,1840,7.75000
ADP-200010,19600810,3.42451,3.42451,3.42451,3.42451,230,7.87500
ADP-200010,19600811,3.47887,3.69630,3.47887,3.58759,8509,8.25000
ADP-200010,19600812,3.69630,3.85937,3.69630,3.85937,11498,8.87500
ADP-200010,19600815,3.85937,3.85937,3.75066,3.75066,2530,8.62500
ADP-200010,19600816,3.75066,3.75066,3.75066,3.75066,230,8.62500
ADP-200010,19600817,3.75066,3.75066,3.64194,3.64194,460,8.37500
ADP-200010,19600818,3.58759,3.58759,3.58759,3.58759,1610,8.25000
ADP-200010,19600822,3.53323,3.53323,3.53323,3.53323,920,8.12500
ADP-200010,19600823,3.47887,3.47887,3.47887,3.47887,920,8.00000
ADP-200010,19600824,3.42451,3.47887,3.42451,3.47887,1150,8.00000
ADP-200010,19600825,3.47887,3.53323,3.47887,3.53323,460,8.12500
ADP-200010,19600826,3.47887,3.47887,3.47887,3.47887,460,8.00000
ADP-200010,19600829,3.47887,3.47887,3.42451,3.42451,1150,7.87500
ADP-200010,19600830,3.42451,3.42451,3.31580,3.31580,5520,7.62500
ADP-200010,19600831,3.42451,3.47887,3.42451,3.47887,1610,8.00000
ADP-200010,19600901,3.47887,3.47887,3.47887,3.47887,2300,8.00000
ADP-200010,19600902,3.53323,3.53323,3.53323,3.53323,230,8.12500
ADP-200010,19600906,3.53323,3.64194,3.53323,3.58759,3220,8.25000
ADP-200010,19600907,3.64194,3.75066,3.64194,3.69630,4140,8.50000
ADP-200010,19600908,3.75066,3.75066,3.58759,3.58759,1840,8.25000
ADP-200010,19600909,3.69630,3.69630,3.69630,3.69630,230,8.50000
ADP-200010,19600912,3.75066,3.75066,3.64194,3.64194,1380,8.37500
ADP-200010,19600913,3.69630,3.69630,3.64194,3.64194,920,8.37500
ADP-200010,19600914,3.58759,3.58759,3.53323,3.53323,690,8.12500
ADP-200010,19600915,3.53323,3.53323,3.47887,3.47887,920,8.00000
ADP-200010,19600916,3.58759,3.58759,3.58759,3.58759,230,8.25000
ADP-200010,19600919,3.47887,3.47887,3.47887,3.47887,460,8.00000
ADP-200010,19600920,3.47887,3.47887,3.47887,3.47887,460,8.00000
ADP-200010,19600921,3.42451,3.42451,3.42451,3.42451,460,7.87500
ADP-200010,19600922,3.42451,3.42451,3.42451,3.42451,460,7.87500
ADP-200010,19600923,3.42451,3.42451,3.37016,3.37016,1610,7.75000
ADP-200010,19600926,3.31580,3.31580,3.26144,3.26144,1380,7.50000
ADP-200010,19600927,3.26144,3.26144,3.20709,3.20709,1150,7.37500
ADP-200010,19600928,3.26144,3.26144,3.09837,3.09837,1840,7.12500
ADP-200010,19600929,3.09837,3.09837,3.04401,3.04401,2070,7.00000
ADP-200010,19600930,3.09837,3.15273,3.09837,3.15273,1610,7.25000
ADP-200010,19601003,3.15273,3.20709,3.15273,3.20709,920,7.37500
ADP-200010,19601004,3.20709,3.20709,3.20709,3.20709,460,7.37500
ADP-200010,19601005,3.09837,3.09837,3.09837,3.09837,690,7.12500
ADP-200010,19601006,3.09837,3.09837,3.09837,3.09837,690,7.12500
ADP-200010,19601007,3.15273,3.15273,3.09837,3.09837,920,7.12500
ADP-200010,19601010,3.15273,3.15273,3.15273,3.15273,460,7.25000
ADP-200010,19601011,3.09837,3.09837,3.04401,3.04401,460,7.00000
ADP-200010,19601012,3.04401,3.09837,3.04401,3.09837,1610,7.12500
ADP-200010,19601013,3.04401,3.04401,2.98966,2.98966,1380,6.87500
ADP-200010,19601014,3.04401,3.04401,3.04401,3.04401,1150,7.00000
ADP-200010,19601017,3.04401,3.04401,2.98966,2.98966,2070,6.87500
ADP-200010,19601018,3.04401,3.04401,3.04401,3.04401,690,7.00000
ADP-200010,19601019,3.09837,3.09837,3.04401,3.04401,690,7.00000
ADP-200010,19601020,2.98966,3.04401,2.98966,2.98966,1380,6.87500
ADP-200010,19601021,2.98966,3.04401,2.98966,3.04401,460,7.00000
ADP-200010,19601024,2.98966,2.98966,2.88094,2.93530,4830,6.75000
ADP-200010,19601025,2.93530,2.93530,2.93530,2.93530,1150,6.75000
ADP-200010,19601026,2.88094,2.93530,2.88094,2.93530,1840,6.75000
ADP-200010,19601027,2.93530,2.98966,2.93530,2.98966,9429,6.87500
ADP-200010,19601028,3.04401,3.04401,3.04401,3.04401,460,7.00000
ADP-200010,19601031,3.04401,3.04401,3.04401,3.04401,1380,7.00000
ADP-200010,19601101,3.04401,3.09837,3.04401,3.09837,460,7.12500
ADP-200010,19601102,3.09837,3.15273,3.04401,3.15273,2530,7.25000
ADP-200010,19601103,3.20709,3.26144,3.20709,3.26144,1840,7.50000
ADP-200010,19601104,3.20709,3.26144,3.20709,3.26144,1150,7.50000
ADP-200010,19601107,3.26144,3.26144,3.15273,3.20709,1610,7.37500
ADP-200010,19601109,3.20709,3.26144,3.20709,3.26144,2070,7.50000
ADP-200010,19601110,3.26144,3.37016,3.26144,3.37016,2990,7.75000
ADP-200010,19601111,3.47887,3.47887,3.47887,3.47887,1150,8.00000
ADP-200010,19601114,3.47887,3.69630,3.47887,3.69630,2530,8.50000
ADP-200010,19601115,3.69630,3.75066,3.69630,3.69630,3450,8.50000
ADP-200010,19601116,3.58759,3.58759,3.47887,3.47887,690,8.00000
ADP-200010,19601121,3.58759,3.58759,3.58759,3.58759,230,8.25000
ADP-200010,19601123,3.53323,3.53323,3.53323,3.53323,230,8.12500
ADP-200010,19601125,3.58759,3.58759,3.53323,3.53323,1610,8.12500
ADP-200010,19601128,3.53323,3.53323,3.53323,3.53323,690,8.12500
ADP-200010,19601129,3.53323,3.58759,3.53323,3.58759,2070,8.25000
ADP-200010,19601130,3.58759,3.58759,3.58759,3.58759,920,8.25000
ADP-200010,19601201,3.58759,3.58759,3.58759,3.58759,1380,8.25000
ADP-200010,19601202,3.58759,3.58759,3.58759,3.58759,920,8.25000
ADP-200010,19601205,3.53323,3.58759,3.53323,3.53323,1150,8.12500
ADP-200010,19601206,3.53323,3.53323,3.53323,3.53323,2300,8.12500
ADP-200010,19601207,3.53323,3.53323,3.53323,3.53323,2760,8.12500
ADP-200010,19601208,3.47887,3.47887,3.47887,3.47887,2990,8.00000
ADP-200010,19601209,3.53323,3.58759,3.53323,3.58759,920,8.25000
ADP-200010,19601212,3.53323,3.58759,3.53323,3.58759,690,8.25000
ADP-200010,19601213,3.53323,3.53323,3.53323,3.53323,920,8.12500
ADP-200010,19601214,3.53323,3.53323,3.53323,3.53323,1150,8.12500
ADP-200010,19601215,3.53323,3.58759,3.53323,3.53323,1840,8.12500
ADP-200010,19601216,3.47887,3.47887,3.47887,3.47887,2990,8.00000
ADP-200010,19601219,3.47887,3.47887,3.47887,3.47887,3220,8.00000
ADP-200010,19601220,3.47887,3.53323,3.47887,3.47887,2990,8.00000
ADP-200010,19601221,3.47887,3.58759,3.47887,3.58759,2760,8.25000
ADP-200010,19601222,3.47887,3.47887,3.47887,3.47887,920,8.00000
ADP-200010,19601223,3.58759,3.58759,3.53323,3.58759,1380,8.25000
ADP-200010,19601227,3.53323,3.58759,3.47887,3.53323,2530,8.12500
ADP-200010,19601228,3.47887,3.58759,3.47887,3.53323,3680,8.12500
ADP-200010,19601229,3.47887,3.53323,3.47887,3.53323,1610,8.12500
ADP-200010,19601230,3.53323,3.53323,3.42451,3.42451,1610,7.87500
ADP-200010,19610103,3.37016,3.37016,3.37016,3.37016,690,7.75000
ADP-200010,19610104,3.31580,3.31580,3.26144,3.26144,1840,7.50000
ADP-200010,19610105,3.26144,3.26144,3.20709,3.20709,920,7.37500
ADP-200010,19610106,3.26144,3.31580,3.26144,3.31580,1150,7.62500
ADP-200010,19610109,3.47887,3.53323,3.47887,3.53323,2530,8.12500
ADP-200010,19610110,3.53323,3.53323,3.47887,3.53323,920,8.12500
ADP-200010,19610111,3.47887,3.53323,3.47887,3.53323,460,8.12500
ADP-200010,19610112,3.42451,3.42451,3.42451,3.42451,690,7.87500
ADP-200010,19610113,3.47887,3.47887,3.47887,3.47887,230,8.00000
ADP-200010,19610116,3.53323,3.53323,3.47887,3.53323,1150,8.12500
ADP-200010,19610117,3.58759,3.64194,3.58759,3.58759,7589,8.25000
ADP-200010,19610118,3.58759,3.80502,3.58759,3.80502,1610,8.75000
ADP-200010,19610119,3.85937,4.07680,3.85937,4.07680,4830,9.37500
ADP-200010,19610120,4.07680,4.07680,3.96809,4.02244,1380,9.25000
ADP-200010,19610123,4.02244,4.07680,4.02244,4.02244,2530,9.25000
ADP-200010,19610124,4.02244,4.02244,3.96809,3.96809,690,9.12500
ADP-200010,19610125,3.91373,3.91373,3.80502,3.80502,690,8.75000
ADP-200010,19610126,3.85937,4.23987,3.85937,4.23987,6209,9.75000
ADP-200010,19610127,4.29423,4.34859,4.18552,4.23987,16788,9.75000
ADP-200010,19610130,4.23987,4.23987,4.13116,4.23987,8049,9.75000
ADP-200010,19610131,4.23987,4.29423,3.96809,3.96809,5290,9.12500
ADP-200010,19610201,4.02244,4.02244,3.80502,3.91373,6439,9.00000
ADP-200010,19610202,3.75066,3.80502,3.47887,3.80502,6209,8.75000
ADP-200010,19610203,3.64194,3.64194,3.64194,3.64194,460,8.37500
ADP-200010,19610206,3.80502,3.80502,3.58759,3.58759,920,8.25000
ADP-200010,19610207,3.58759,3.58759,3.58759,3.58759,1610,8.25000
ADP-200010,19610208,3.64194,3.64194,3.64194,3.64194,460,8.37500
ADP-200010,19610209,3.64194,3.64194,3.53323,3.53323,1150,8.12500
ADP-200010,19610210,3.53323,3.53323,3.53323,3.53323,230,8.12500
ADP-200010,19610213,3.53323,3.58759,3.53323,3.53323,1150,8.12500
ADP-200010,19610214,3.64194,3.64194,3.47887,3.47887,3220,8.00000
ADP-200010,19610215,3.47887,3.58759,3.47887,3.58759,2990,8.25000
ADP-200010,19610216,3.58759,3.58759,3.58759,3.58759,1840,8.25000
ADP-200010,19610220,3.53323,3.58759,3.47887,3.58759,1840,8.25000
ADP-200010,19610221,3.58759,3.58759,3.58759,3.58759,690,8.25000
ADP-200010,19610223,3.58759,3.69630,3.58759,3.69630,5749,8.50000
ADP-200010,19610224,3.58759,3.64194,3.47887,3.47887,12878,8.00000
ADP-200010,19610227,3.64194,3.64194,3.47887,3.53323,2530,8.12500
ADP-200010,19610228,3.53323,3.64194,3.53323,3.64194,3680,8.37500
ADP-200010,19610301,3.58759,3.58759,3.58759,3.58759,1380,8.25000
ADP-200010,19610302,3.58759,3.64194,3.58759,3.64194,1840,8.37500
ADP-200010,19610303,3.58759,3.69630,3.47887,3.69630,8509,8.50000
ADP-200010,19610306,3.69630,3.75066,3.64194,3.69630,4140,8.50000
ADP-200010,19610307,3.58759,3.64194,3.58759,3.64194,2070,8.37500
ADP-200010,19610308,3.58759,3.58759,3.47887,3.47887,3680,8.00000
ADP-200010,19610309,3.47887,3.47887,3.47887,3.47887,6899,8.00000
ADP-200010,19610310,3.47887,3.58759,3.42451,3.42451,5060,7.87500
ADP-200010,19610313,3.47887,3.58759,3.47887,3.47887,2300,8.00000
ADP-200010,19610314,3.53323,3.64194,3.53323,3.64194,3450,8.37500
ADP-200010,19610315,3.53323,3.58759,3.53323,3.58759,690,8.25000
ADP-200010,19610316,3.53323,3.53323,3.53323,3.53323,230,8.12500
ADP-200010,19610317,3.53323,3.58759,3.47887,3.58759,2760,8.25000
ADP-200010,19610320,3.58759,3.58759,3.47887,3.47887,4830,8.00000
ADP-200010,19610321,3.47887,3.58759,3.47887,3.58759,4140,8.25000
ADP-200010,19610322,3.58759,3.91373,3.58759,3.91373,14258,9.00000
ADP-200010,19610323,3.85937,3.85937,3.75066,3.80502,3910,8.75000
ADP-200010,19610324,3.85937,3.85937,3.75066,3.80502,1150,8.75000
ADP-200010,19610327,3.85937,3.91373,3.75066,3.85937,8509,8.87500
ADP-200010,19610328,3.91373,4.07680,3.91373,3.96809,7589,9.12500
ADP-200010,19610329,3.96809,4.13116,3.96809,4.13116,5979,9.50000
ADP-200010,19610330,4.13116,4.18552,4.13116,4.13116,8739,9.50000
ADP-200010,19610403,4.07680,4.13116,4.02244,4.02244,4600,9.25000
ADP-200010,19610404,3.91373,4.02244,3.85937,4.02244,27596,9.25000
ADP-200010,19610405,3.91373,3.91373,3.91373,3.91373,1380,9.00000
ADP-200010,19610406,3.91373,3.91373,3.80502,3.91373,1150,9.00000
ADP-200010,19610407,3.85937,3.85937,3.80502,3.80502,460,8.75000
ADP-200010,19610410,3.80502,3.80502,3.64194,3.64194,2530,8.37500
ADP-200010,19610411,3.69630,3.69630,3.69630,3.69630,460,8.50000
ADP-200010,19610412,3.69630,3.69630,3.58759,3.69630,920,8.50000
ADP-200010,19610413,3.64194,3.85937,3.64194,3.85937,3220,8.87500
ADP-200010,19610414,3.91373,3.91373,3.85937,3.85937,2070,8.87500
ADP-200010,19610417,3.80502,3.85937,3.58759,3.58759,6209,8.25000
ADP-200010,19610418,3.64194,3.64194,3.58759,3.58759,690,8.25000
ADP-200010,19610419,3.64194,3.64194,3.58759,3.58759,2530,8.25000
ADP-200010,19610420,3.53323,3.64194,3.47887,3.64194,3910,8.37500
ADP-200010,19610421,3.53323,3.64194,3.53323,3.64194,8969,8.37500
ADP-200010,19610424,3.53323,3.53323,3.53323,3.53323,1150,8.12500
ADP-200010,19610425,3.58759,3.64194,3.53323,3.64194,1610,8.37500
ADP-200010,19610426,3.64194,3.64194,3.58759,3.58759,1380,8.25000
ADP-200010,19610427,3.58759,3.64194,3.58759,3.64194,1380,8.37500
ADP-200010,19610428,3.58759,3.64194,3.58759,3.64194,3910,8.37500
ADP-200010,19610501,3.64194,3.69630,3.64194,3.64194,920,8.37500
ADP-200010,19610502,3.75066,3.85937,3.75066,3.85937,2760,8.87500
ADP-200010,19610503,3.85937,3.91373,3.75066,3.91373,4600,9.00000
ADP-200010,19610504,3.75066,3.91373,3.75066,3.91373,10119,9.00000
ADP-200010,19610505,3.96809,3.96809,3.91373,3.91373,2760,9.00000
ADP-200010,19610508,3.91373,3.91373,3.80502,3.80502,920,8.75000
ADP-200010,19610509,3.85937,3.91373,3.80502,3.85937,2300,8.87500
ADP-200010,19610510,3.91373,4.07680,3.85937,4.07680,7129,9.37500
ADP-200010,19610511,4.29423,4.51166,4.23987,4.34859,29665,10.00000
ADP-200010,19610512,4.34859,4.40295,4.18552,4.34859,11039,10.00000
ADP-200010,19610515,4.18552,4.34859,4.18552,4.34859,2990,10.00000
ADP-200010,19610516,4.29423,4.29423,4.23987,4.29423,2070,9.87500
ADP-200010,19610517,4.34859,4.34859,4.23987,4.23987,4370,9.75000
ADP-200010,19610518,4.23987,4.29423,4.13116,4.13116,2530,9.50000
ADP-200010,19610519,4.13116,4.23987,4.13116,4.23987,2070,9.75000
ADP-200010,19610522,4.23987,4.23987,3.91373,3.91373,4600,9.00000
ADP-200010,19610523,3.85937,4.02244,3.85937,3.91373,2990,9.00000
ADP-200010,19610524,3.91373,4.07680,3.91373,4.07680,1840,9.37500
ADP-200010,19610525,4.02244,4.13116,3.96809,4.13116,3220,9.50000
ADP-200010,19610526,4.13116,4.13116,4.02244,4.02244,1840,9.25000
ADP-200010,19610531,4.02244,4.18552,4.02244,4.18552,3220,9.62500
ADP-200010,19610601,4.13116,4.13116,4.07680,4.13116,1840,9.50000
ADP-200010,19610602,4.07680,4.13116,4.02244,4.13116,3220,9.50000
ADP-200010,19610605,4.02244,4.18552,3.96809,4.18552,3450,9.62500
ADP-200010,19610606,4.18552,4.23987,4.18552,4.23987,4830,9.75000
ADP-200010,19610607,4.13116,4.29423,4.13116,4.29423,5290,9.87500
ADP-200010,19610608,4.18552,4.45730,4.18552,4.34859,25986,10.00000
ADP-200010,19610609,4.29423,4.29423,4.23987,4.23987,2530,9.75000
ADP-200010,19610612,4.18552,4.18552,4.13116,4.13116,920,9.50000
ADP-200010,19610613,4.02244,4.13116,4.02244,4.13116,1150,9.50000
ADP-200010,19610614,4.13116,4.18552,4.13116,4.13116,1150,9.50000
ADP-200010,19610615,4.13116,4.18552,4.13116,4.13116,1840,9.50000
ADP-200010,19610616,4.07680,4.13116,4.07680,4.13116,1610,9.50000
ADP-200010,19610619,4.13116,4.23987,4.13116,4.23987,3220,9.75000
ADP-200010,19610620,4.18552,4.23987,4.13116,4.13116,1840,9.50000
ADP-200010,19610621,4.13116,4.13116,4.07680,4.07680,1610,9.37500
ADP-200010,19610622,4.07680,4.13116,4.07680,4.07680,2990,9.37500
ADP-200010,19610623,4.07680,4.13116,4.02244,4.02244,3680,9.25000
ADP-200010,19610626,4.02244,4.07680,4.02244,4.07680,4140,9.37500
ADP-200010,19610627,4.07680,4.07680,3.96809,3.96809,460,9.12500
ADP-200010,19610628,3.96809,4.07680,3.96809,4.07680,3450,9.37500
ADP-200010,19610629,4.02244,4.02244,3.96809,3.96809,1150,9.12500
ADP-200010,19610630,3.96809,4.02244,3.96809,4.02244,1840,9.25000
ADP-200010,19610703,4.02244,4.02244,4.02244,4.02244,460,9.25000
ADP-200010,19610705,4.02244,4.02244,4.02244,4.02244,4600,9.25000
ADP-200010,19610706,4.02244,4.07680,4.02244,4.07680,1380,9.37500
ADP-200010,19610707,4.02244,4.07680,3.96809,4.07680,2070,9.37500
ADP-200010,19610710,4.13116,4.13116,4.02244,4.02244,1840,9.25000
ADP-200010,19610711,4.07680,4.07680,4.02244,4.07680,1610,9.37500
ADP-200010,19610712,4.07680,4.07680,4.02244,4.02244,690,9.25000
ADP-200010,19610713,3.96809,3.96809,3.96809,3.96809,1380,9.12500
ADP-200010,19610714,3.96809,3.96809,3.96809,3.96809,920,9.12500
ADP-200010,19610717,3.96809,3.96809,3.91373,3.91373,2300,9.00000
ADP-200010,19610719,3.80502,3.80502,3.53323,3.75066,6669,8.62500
ADP-200010,19610720,3.69630,3.91373,3.69630,3.91373,2530,9.00000
ADP-200010,19610721,3.85937,3.85937,3.85937,3.85937,460,8.87500
ADP-200010,19610724,3.80502,3.80502,3.80502,3.80502,230,8.75000
ADP-200010,19610725,3.75066,3.80502,3.75066,3.80502,1380,8.75000
ADP-200010,19610726,3.85937,3.96809,3.85937,3.96809,1380,9.12500
ADP-200010,19610727,3.91373,4.02244,3.91373,4.02244,1840,9.25000
ADP-200010,19610728,4.02244,4.02244,4.02244,4.02244,2300,9.25000
ADP-200010,19610731,3.91373,4.02244,3.91373,4.02244,690,9.25000
ADP-200010,19610801,3.91373,3.91373,3.91373,3.91373,460,9.00000
ADP-200010,19610802,3.91373,3.91373,3.91373,3.91373,690,9.00000
ADP-200010,19610804,3.85937,3.85937,3.85937,3.85937,230,8.87500
ADP-200010,19610807,3.80502,3.80502,3.80502,3.80502,690,8.75000
ADP-200010,19610808,3.80502,3.80502,3.69630,3.69630,690,8.50000
ADP-200010,19610809,3.80502,3.80502,3.80502,3.80502,460,8.75000
ADP-200010,19610811,3.69630,3.69630,3.58759,3.58759,690,8.25000
ADP-200010,19610814,3.58759,3.58759,3.53323,3.53323,1150,8.12500
ADP-200010,19610815,3.53323,3.53323,3.53323,3.53323,230,8.12500
ADP-200010,19610816,3.58759,3.58759,3.53323,3.53323,690,8.12500
ADP-200010,19610817,3.53323,3.53323,3.47887,3.47887,2530,8.00000
ADP-200010,19610818,3.47887,3.58759,3.47887,3.58759,690,8.25000
ADP-200010,19610821,3.69630,3.69630,3.47887,3.47887,1840,8.00000
ADP-200010,19610822,3.53323,3.58759,3.53323,3.58759,460,8.25000
ADP-200010,19610823,3.47887,3.47887,3.47887,3.47887,690,8.00000
ADP-200010,19610824,3.53323,3.53323,3.47887,3.47887,690,8.00000
ADP-200010,19610825,3.47887,3.47887,3.47887,3.47887,460,8.00000
ADP-200010,19610829,3.42451,3.42451,3.42451,3.42451,920,7.87500
ADP-200010,19610830,3.47887,3.47887,3.47887,3.47887,1840,8.00000
ADP-200010,19610831,3.47887,3.47887,3.47887,3.47887,1380,8.00000
ADP-200010,19610901,3.47887,3.47887,3.47887,3.47887,920,8.00000
ADP-200010,19610905,3.53323,3.53323,3.53323,3.53323,230,8.12500
ADP-200010,19610906,3.47887,3.58759,3.47887,3.58759,690,8.25000
ADP-200010,19610907,3.53323,3.53323,3.47887,3.47887,460,8.00000
ADP-200010,19610908,3.47887,3.47887,3.47887,3.47887,1380,8.00000
ADP-200010,19610911,3.47887,3.47887,3.42451,3.42451,2070,7.87500
ADP-200010,19610913,3.42451,3.47887,3.31580,3.31580,3220,7.62500
ADP-200010,19610914,3.31580,3.31580,3.31580,3.31580,690,7.62500
ADP-200010,19610915,3.37016,3.37016,3.37016,3.37016,230,7.75000
ADP-200010,19610918,3.42451,3.42451,3.42451,3.42451,230,7.87500
ADP-200010,19610919,3.42451,3.53323,3.42451,3.53323,5520,8.12500
ADP-200010,19610920,3.42451,3.42451,3.42451,3.42451,690,7.87500
ADP-200010,19610921,3.42451,3.42451,3.37016,3.37016,920,7.75000
ADP-200010,19610925,3.37016,3.37016,3.37016,3.37016,230,7.75000
ADP-200010,19610927,3.42451,3.42451,3.42451,3.42451,460,7.87500
ADP-200010,19610928,3.37016,3.37016,3.31580,3.31580,1610,7.62500
ADP-200010,19610929,3.37016,3.37016,3.37016,3.37016,690,7.75000
ADP-200010,19611002,3.31580,3.31580,3.31580,3.31580,230,7.62500
ADP-200010,19611003,3.26144,3.26144,3.26144,3.26144,1840,7.50000
ADP-200010,19611004,3.31580,3.42451,3.31580,3.42451,1380,7.87500
ADP-200010,19611005,3.42451,3.42451,3.42451,3.42451,230,7.87500
ADP-200010,19611006,3.31580,3.31580,3.26144,3.26144,4370,7.50000
ADP-200010,19611009,3.26144,3.26144,3.26144,3.26144,460,7.50000
ADP-200010,19611010,3.26144,3.31580,3.20709,3.20709,2070,7.37500
ADP-200010,19611011,3.04401,3.15273,3.04401,3.09837,1610,7.12500
ADP-200010,19611012,3.15273,3.26144,3.15273,3.26144,460,7.50000
ADP-200010,19611013,3.15273,3.26144,3.15273,3.26144,2300,7.50000
ADP-200010,19611016,3.26144,3.26144,3.20709,3.20709,690,7.37500
ADP-200010,19611017,3.26144,3.42451,3.26144,3.31580,1380,7.62500
ADP-200010,19611018,3.42451,3.42451,3.31580,3.31580,2530,7.62500
ADP-200010,19611019,3.26144,3.26144,3.26144,3.26144,460,7.50000
ADP-200010,19611020,3.26144,3.31580,3.26144,3.31580,920,7.62500
ADP-200010,19611023,3.37016,3.37016,3.31580,3.31580,460,7.62500
ADP-200010,19611024,3.37016,3.37016,3.31580,3.31580,1380,7.62500
ADP-200010,19611025,3.26144,3.31580,3.26144,3.31580,1150,7.62500
ADP-200010,19611026,3.31580,3.37016,3.31580,3.37016,1380,7.75000
ADP-200010,19611027,3.31580,3.31580,3.31580,3.31580,690,7.62500
ADP-200010,19611030,3.26144,3.26144,3.26144,3.26144,1150,7.50000
ADP-200010,19611031,3.26144,3.37016,3.26144,3.37016,1150,7.75000
ADP-200010,19611101,3.26144,3.26144,3.26144,3.26144,1380,7.50000
ADP-200010,19611102,3.26144,3.26144,3.20709,3.20709,2070,7.37500
ADP-200010,19611103,3.15273,3.15273,3.15273,3.15273,230,7.25000
ADP-200010,19611106,3.26144,3.26144,3.15273,3.26144,1610,7.50000
ADP-200010,19611108,3.26144,3.26144,3.20709,3.26144,1150,7.50000
ADP-200010,19611109,3.26144,3.26144,3.20709,3.26144,920,7.50000
ADP-200010,19611113,3.31580,3.31580,3.26144,3.26144,2530,7.50000
ADP-200010,19611114,3.37016,3.37016,3.31580,3.31580,4140,7.62500
ADP-200010,19611115,3.42451,3.47887,3.37016,3.47887,1610,8.00000
ADP-200010,19611116,3.42451,3.47887,3.42451,3.42451,3450,7.87500
ADP-200010,19611117,3.47887,3.47887,3.42451,3.42451,1840,7.87500
ADP-200010,19611120,3.37016,3.42451,3.31580,3.37016,6439,7.75000
ADP-200010,19611121,3.31580,3.31580,3.31580,3.31580,460,7.62500
ADP-200010,19611122,3.31580,3.37016,3.31580,3.37016,690,7.75000
ADP-200010,19611124,3.31580,3.42451,3.31580,3.42451,2300,7.87500
ADP-200010,19611127,3.31580,3.31580,3.26144,3.26144,1610,7.50000
ADP-200010,19611128,3.26144,3.31580,3.26144,3.31580,2530,7.62500
ADP-200010,19611129,3.37016,3.37016,3.20709,3.37016,4600,7.75000
ADP-200010,19611130,3.31580,3.31580,3.31580,3.31580,460,7.62500
ADP-200010,19611201,3.26144,3.47887,3.26144,3.47887,5749,8.00000
ADP-200010,19611204,3.47887,3.47887,3.42451,3.42451,2070,7.87500
ADP-200010,19611205,3.47887,3.47887,3.42451,3.42451,690,7.87500
ADP-200010,19611206,3.47887,3.53323,3.47887,3.47887,6669,8.00000
ADP-200010,19611207,3.47887,3.47887,3.47887,3.47887,460,8.00000
ADP-200010,19611208,3.42451,3.47887,3.42451,3.47887,1150,8.00000
ADP-200010,19611211,3.42451,3.47887,3.42451,3.47887,4600,8.00000
ADP-200010,19611212,3.42451,3.42451,3.37016,3.42451,3450,7.87500
ADP-200010,19611213,3.42451,3.42451,3.37016,3.42451,2070,7.87500
ADP-200010,19611214,3.37016,3.37016,3.37016,3.37016,230,7.75000
ADP-200010,19611215,3.31580,3.31580,3.31580,3.31580,230,7.62500
ADP-200010,19611218,3.37016,3.42451,3.31580,3.42451,920,7.87500
ADP-200010,19611219,3.37016,3.37016,3.37016,3.37016,920,7.75000
ADP-200010,19611220,3.31580,3.42451,3.31580,3.42451,1610,7.87500
ADP-200010,19611221,3.47887,3.47887,3.42451,3.42451,2990,7.87500
ADP-200010,19611222,3.37016,3.37016,3.26144,3.37016,6439,7.75000
ADP-200010,19611226,3.37016,3.37016,3.20709,3.26144,3450,7.50000
ADP-200010,19611227,3.20709,3.20709,3.15273,3.20709,4830,7.37500
ADP-200010,19611228,3.20709,3.26144,3.15273,3.26144,4600,7.50000
ADP-200010,19611229,3.26144,3.37016,3.20709,3.26144,4600,7.50000
ADP-200010,19620102,3.26144,3.37016,3.26144,3.26144,1380,7.50000
ADP-200010,19620103,3.37016,3.37016,3.37016,3.37016,460,7.75000
ADP-200010,19620104,3.37016,3.37016,3.37016,3.37016,690,7.75000
ADP-200010,19620105,3.42451,3.53323,3.42451,3.53323,1150,8.12500
ADP-200010,19620108,3.42451,3.64194,3.42451,3.64194,4140,8.37500
ADP-200010,19620109,3.69630,3.91373,3.64194,3.91373,5520,9.00000
ADP-200010,19620110,3.91373,3.91373,3.80502,3.80502,1610,8.75000
ADP-200010,19620111,3.80502,3.91373,3.75066,3.91373,2760,9.00000
ADP-200010,19620112,3.85937,3.85937,3.80502,3.80502,690,8.75000
ADP-200010,19620115,3.85937,3.85937,3.75066,3.85937,1380,8.87500
ADP-200010,19620116,3.85937,3.85937,3.85937,3.85937,460,8.87500
ADP-200010,19620117,3.75066,3.85937,3.75066,3.80502,2300,8.75000
ADP-200010,19620118,3.80502,3.80502,3.80502,3.80502,230,8.75000
ADP-200010,19620119,3.80502,3.80502,3.80502,3.80502,1150,8.75000
ADP-200010,19620122,3.91373,3.96809,3.91373,3.96809,5749,9.12500
ADP-200010,19620123,3.91373,3.96809,3.91373,3.96809,1610,9.12500
ADP-200010,19620124,3.96809,3.96809,3.91373,3.91373,1840,9.00000
ADP-200010,19620125,3.96809,3.96809,3.91373,3.91373,1150,9.00000
ADP-200010,19620126,3.91373,3.91373,3.91373,3.91373,1150,9.00000
ADP-200010,19620129,3.96809,3.96809,3.69630,3.91373,4140,9.00000
ADP-200010,19620130,3.91373,3.91373,3.91373,3.91373,230,9.00000
ADP-200010,19620131,3.91373,3.91373,3.85937,3.85937,1150,8.87500
ADP-200010,19620201,3.85937,3.85937,3.85937,3.85937,460,8.87500
ADP-200010,19620202,3.85937,3.91373,3.85937,3.91373,1610,9.00000
ADP-200010,19620205,4.02244,4.02244,3.91373,3.91373,2990,9.00000
ADP-200010,19620206,3.91373,3.91373,3.91373,3.91373,690,9.00000
ADP-200010,19620207,3.85937,3.85937,3.85937,3.85937,230,8.87500
ADP-200010,19620209,3.91373,3.91373,3.85937,3.91373,690,9.00000
ADP-200010,19620212,3.91373,3.91373,3.91373,3.91373,230,9.00000
ADP-200010,19620213,3.91373,3.91373,3.85937,3.91373,1380,9.00000
ADP-200010,19620214,3.85937,3.85937,3.80502,3.80502,3680,8.75000
ADP-200010,19620215,3.80502,3.80502,3.80502,3.80502,690,8.75000
ADP-200010,19620216,3.80502,3.80502,3.80502,3.80502,690,8.75000
ADP-200010,19620219,3.85937,3.96809,3.80502,3.80502,11728,8.75000
ADP-200010,19620220,3.80502,3.80502,3.80502,3.80502,230,8.75000
ADP-200010,19620221,3.85937,3.85937,3.80502,3.85937,8509,8.87500
ADP-200010,19620223,3.80502,3.80502,3.80502,3.80502,920,8.75000
ADP-200010,19620226,3.80502,3.85937,3.47887,3.80502,9889,8.75000
ADP-200010,19620227,3.85937,3.91373,3.85937,3.91373,1150,9.00000
ADP-200010,19620228,3.91373,3.96809,3.91373,3.96809,1610,9.12500
ADP-200010,19620301,3.91373,3.91373,3.85937,3.85937,2070,8.87500
ADP-200010,19620302,3.91373,3.91373,3.91373,3.91373,1150,9.00000
ADP-200010,19620306,3.91373,3.96809,3.91373,3.96809,1610,9.12500
ADP-200010,19620307,3.85937,3.96809,3.85937,3.96809,1380,9.12500
ADP-200010,19620309,3.96809,3.96809,3.80502,3.80502,3450,8.75000
ADP-200010,19620312,3.69630,3.69630,3.69630,3.69630,690,8.50000
ADP-200010,19620313,3.75066,3.75066,3.75066,3.75066,690,8.62500
ADP-200010,19620314,3.80502,3.85937,3.80502,3.85937,2530,8.87500
ADP-200010,19620315,3.80502,3.91373,3.80502,3.91373,690,9.00000
ADP-200010,19620319,3.85937,3.85937,3.80502,3.80502,1380,8.75000
ADP-200010,19620320,3.85937,3.85937,3.85937,3.85937,1150,8.87500
ADP-200010,19620321,3.80502,3.80502,3.80502,3.80502,690,8.75000
ADP-200010,19620323,3.80502,3.85937,3.80502,3.80502,3910,8.75000
ADP-200010,19620326,3.75066,3.80502,3.75066,3.75066,1380,8.62500
ADP-200010,19620327,3.75066,3.75066,3.69630,3.69630,5749,8.50000
ADP-200010,19620328,3.69630,3.69630,3.64194,3.64194,1610,8.37500
ADP-200010,19620329,3.64194,3.64194,3.64194,3.64194,1610,8.37500
ADP-200010,19620330,3.58759,3.58759,3.58759,3.58759,230,8.25000
ADP-200010,19620402,3.75066,3.75066,3.69630,3.69630,2070,8.50000
ADP-200010,19620403,3.69630,3.69630,3.64194,3.64194,6439,8.37500
ADP-200010,19620404,3.69630,3.75066,3.69630,3.75066,2300,8.62500
ADP-200010,19620405,3.75066,3.75066,3.69630,3.69630,2300,8.50000
ADP-200010,19620406,3.69630,3.75066,3.69630,3.75066,1610,8.62500
ADP-200010,19620409,3.75066,3.75066,3.64194,3.64194,1380,8.37500
ADP-200010,19620410,3.69630,3.69630,3.64194,3.64194,2300,8.37500
ADP-200010,19620411,3.69630,3.80502,3.69630,3.75066,4600,8.62500
ADP-200010,19620412,3.80502,3.85937,3.80502,3.85937,2990,8.87500
ADP-200010,19620413,3.80502,3.80502,3.80502,3.80502,230,8.75000
ADP-200010,19620416,3.80502,3.80502,3.80502,3.80502,1380,8.75000
ADP-200010,19620417,3.69630,3.69630,3.69630,3.69630,230,8.50000
ADP-200010,19620418,3.69630,3.69630,3.69630,3.69630,230,8.50000
ADP-200010,19620419,3.69630,3.80502,3.64194,3.75066,3220,8.62500
ADP-200010,19620423,3.69630,3.85937,3.69630,3.85937,2990,8.87500
ADP-200010,19620424,3.80502,3.80502,3.69630,3.80502,1840,8.75000
ADP-200010,19620425,3.75066,3.75066,3.64194,3.64194,2530,8.37500
ADP-200010,19620426,3.69630,3.85937,3.69630,3.75066,4600,8.62500
ADP-200010,19620427,3.75066,3.80502,3.58759,3.58759,3910,8.25000
ADP-200010,19620430,3.58759,3.58759,3.47887,3.47887,2300,8.00000
ADP-200010,19620501,3.47887,3.47887,3.31580,3.42451,2760,7.87500
ADP-200010,19620502,3.53323,3.53323,3.53323,3.53323,460,8.12500
ADP-200010,19620503,3.53323,3.53323,3.53323,3.53323,230,8.12500
ADP-200010,19620504,3.47887,3.53323,3.47887,3.47887,1610,8.00000
ADP-200010,19620508,3.47887,3.47887,3.42451,3.42451,1380,7.87500
ADP-200010,19620509,3.47887,3.47887,3.42451,3.47887,690,8.00000
ADP-200010,19620510,3.42451,3.42451,3.26144,3.26144,3910,7.50000
ADP-200010,19620511,3.42451,3.42451,3.31580,3.31580,920,7.62500
ADP-200010,19620514,3.37016,3.42451,3.31580,3.42451,3680,7.87500
ADP-200010,19620515,3.53323,3.53323,3.47887,3.47887,1610,8.00000
ADP-200010,19620516,3.47887,3.47887,3.47887,3.47887,1150,8.00000
ADP-200010,19620517,3.47887,3.47887,3.42451,3.42451,920,7.87500
ADP-200010,19620518,3.42451,3.42451,3.31580,3.31580,1840,7.62500
ADP-200010,19620522,3.37016,3.37016,3.26144,3.26144,460,7.50000
ADP-200010,19620523,3.31580,3.31580,3.26144,3.26144,3220,7.50000
ADP-200010,19620524,3.20709,3.20709,3.15273,3.15273,4830,7.25000
ADP-200010,19620525,3.09837,3.09837,2.98966,2.98966,1380,6.87500
ADP-200010,19620528,3.15273,3.20709,3.04401,3.04401,11039,7.00000
ADP-200010,19620529,2.93530,3.15273,2.93530,3.15273,9659,7.25000
ADP-200010,19620531,3.04401,3.04401,2.93530,2.93530,2070,6.75000
ADP-200010,19620601,2.93530,3.15273,2.93530,2.98966,5979,6.87500
ADP-200010,19620604,3.15273,3.15273,2.98966,2.98966,2070,6.87500
ADP-200010,19620605,3.04401,3.04401,2.88094,2.98966,3220,6.87500
ADP-200010,19620606,2.93530,2.93530,2.93530,2.93530,1150,6.75000
ADP-200010,19620607,2.93530,2.93530,2.93530,2.93530,230,6.75000
ADP-200010,19620608,2.93530,2.98966,2.93530,2.93530,1840,6.75000
ADP-200010,19620611,3.04401,3.20709,3.04401,3.09837,1380,7.12500
ADP-200010,19620612,3.20709,3.26144,2.93530,2.93530,2070,6.75000
ADP-200010,19620613,3.04401,3.04401,2.93530,2.93530,690,6.75000
ADP-200010,19620614,3.04401,3.04401,3.04401,3.04401,230,7.00000
ADP-200010,19620615,2.93530,2.93530,2.93530,2.93530,3680,6.75000
ADP-200010,19620619,2.98966,2.98966,2.93530,2.93530,1380,6.75000
ADP-200010,19620620,2.98966,3.04401,2.98966,2.98966,690,6.87500
ADP-200010,19620621,2.88094,2.88094,2.82658,2.82658,3910,6.50000
ADP-200010,19620622,2.71787,2.82658,2.71787,2.82658,2300,6.50000
ADP-200010,19620625,2.66351,2.66351,2.66351,2.66351,690,6.12500
ADP-200010,19620626,2.66351,2.66351,2.66351,2.66351,690,6.12500
ADP-200010,19620628,2.66351,2.71787,2.66351,2.71787,690,6.25000
ADP-200010,19620629,2.77223,2.82658,2.77223,2.82658,1150,6.50000
ADP-200010,19620702,2.82658,2.98966,2.82658,2.98966,1610,6.87500
ADP-200010,19620703,3.04401,3.04401,3.04401,3.04401,2990,7.00000
ADP-200010,19620705,3.15273,3.15273,3.15273,3.15273,460,7.25000
ADP-200010,19620706,3.04401,3.15273,2.98966,3.04401,4600,7.00000
ADP-200010,19620710,3.15273,3.15273,2.98966,2.98966,2300,6.87500
ADP-200010,19620711,2.98966,3.04401,2.98966,3.04401,1380,7.00000
ADP-200010,19620712,3.09837,3.09837,3.04401,3.04401,920,7.00000
ADP-200010,19620713,3.04401,3.04401,3.04401,3.04401,4140,7.00000
ADP-200010,19620716,3.09837,3.09837,3.04401,3.04401,2760,7.00000
ADP-200010,19620717,2.98966,3.04401,2.98966,3.04401,1610,7.00000
ADP-200010,19620719,3.04401,3.04401,3.04401,3.04401,1610,7.00000
ADP-200010,19620720,3.04401,3.09837,3.04401,3.09837,2990,7.12500
ADP-200010,19620723,3.15273,3.15273,3.09837,3.09837,690,7.12500
ADP-200010,19620724,3.09837,3.09837,3.09837,3.09837,920,7.12500
ADP-200010,19620725,3.09837,3.09837,3.09837,3.09837,1380,7.12500
ADP-200010,19620726,3.15273,3.15273,3.09837,3.09837,2070,7.12500
ADP-200010,19620730,3.15273,3.15273,3.15273,3.15273,1610,7.25000
ADP-200010,19620731,3.20709,3.20709,3.20709,3.20709,690,7.37500
ADP-200010,19620801,3.20709,3.26144,3.20709,3.26144,3220,7.50000
ADP-200010,19620803,3.15273,3.15273,3.15273,3.15273,460,7.25000
ADP-200010,19620806,3.20709,3.20709,3.15273,3.15273,460,7.25000
ADP-200010,19620807,3.20709,3.20709,3.15273,3.15273,2070,7.25000
ADP-200010,19620808,3.15273,3.15273,3.15273,3.15273,230,7.25000
ADP-200010,19620810,3.26144,3.26144,3.20709,3.20709,2760,7.37500
ADP-200010,19620813,3.20709,3.20709,3.20709,3.20709,230,7.37500
ADP-200010,19620815,3.26144,3.26144,3.20709,3.20709,690,7.37500
ADP-200010,19620816,3.31580,3.31580,3.31580,3.31580,230,7.62500
ADP-200010,19620817,3.31580,3.37016,3.31580,3.37016,920,7.75000
ADP-200010,19620820,3.37016,3.47887,3.37016,3.47887,1380,8.00000
ADP-200010,19620821,3.42451,3.47887,3.42451,3.47887,1610,8.00000
ADP-200010,19620822,3.42451,3.53323,3.42451,3.53323,3910,8.12500
ADP-200010,19620823,3.58759,3.58759,3.47887,3.47887,1380,8.00000
ADP-200010,19620824,3.47887,3.47887,3.47887,3.47887,230,8.00000
ADP-200010,19620827,3.58759,3.58759,3.53323,3.53323,690,8.12500
ADP-200010,19620828,3.53323,3.53323,3.53323,3.53323,1380,8.12500
ADP-200010,19620829,3.53323,3.53323,3.53323,3.53323,230,8.12500
ADP-200010,19620830,3.53323,3.53323,3.53323,3.53323,690,8.12500
ADP-200010,19620831,3.58759,3.58759,3.58759,3.58759,1610,8.25000
ADP-200010,19620904,3.58759,3.58759,3.53323,3.53323,3680,8.12500
ADP-200010,19620905,3.53323,3.53323,3.47887,3.47887,1380,8.00000
ADP-200010,19620906,3.47887,3.47887,3.47887,3.47887,920,8.00000
ADP-200010,19620907,3.47887,3.47887,3.47887,3.47887,3220,8.00000
ADP-200010,19620910,3.47887,3.47887,3.47887,3.47887,1840,8.00000
ADP-200010,19620911,3.47887,3.47887,3.42451,3.42451,2300,7.87500
ADP-200010,19620912,3.47887,3.47887,3.42451,3.42451,1150,7.87500
ADP-200010,19620913,3.37016,3.37016,3.37016,3.37016,230,7.75000
ADP-200010,19620914,3.42451,3.47887,3.42451,3.47887,3220,8.00000
ADP-200010,19620917,3.42451,3.47887,3.42451,3.47887,2300,8.00000
ADP-200010,19620918,3.42451,3.47887,3.42451,3.47887,2070,8.00000
ADP-200010,19620919,3.47887,3.47887,3.47887,3.47887,1150,8.00000
ADP-200010,19620920,3.42451,3.42451,3.42451,3.42451,1610,7.87500
ADP-200010,19620921,3.42451,3.47887,3.42451,3.47887,690,8.00000
ADP-200010,19620924,3.37016,3.37016,3.37016,3.37016,1380,7.75000
ADP-200010,19620925,3.37016,3.37016,3.37016,3.37016,3910,7.75000
ADP-200010,19620926,3.37016,3.42451,3.26144,3.37016,1610,7.75000
ADP-200010,19620927,3.20709,3.26144,3.20709,3.26144,3220,7.50000
ADP-200010,19620928,3.20709,3.20709,3.20709,3.20709,2300,7.37500
ADP-200010,19621001,3.20709,3.20709,3.20709,3.20709,2070,7.37500
ADP-200010,19621002,3.26144,3.31580,3.26144,3.31580,1610,7.62500
ADP-200010,19621003,3.26144,3.31580,3.26144,3.31580,1380,7.62500
ADP-200010,19621004,3.31580,3.31580,3.31580,3.31580,460,7.62500
ADP-200010,19621005,3.31580,3.31580,3.31580,3.31580,230,7.62500
ADP-200010,19621008,3.26144,3.26144,3.26144,3.26144,460,7.50000
ADP-200010,19621009,3.26144,3.26144,3.26144,3.26144,2300,7.50000
ADP-200010,19621010,3.26144,3.26144,3.26144,3.26144,2760,7.50000
ADP-200010,19621011,3.26144,3.26144,3.26144,3.26144,460,7.50000
ADP-200010,19621012,3.26144,3.26144,3.26144,3.26144,690,7.50000
ADP-200010,19621015,3.31580,3.31580,3.26144,3.26144,460,7.50000
ADP-200010,19621016,3.26144,3.26144,3.26144,3.26144,460,7.50000
ADP-200010,19621017,3.26144,3.26144,3.26144,3.26144,230,7.50000
ADP-200010,19621018,3.26144,3.26144,3.26144,3.26144,460,7.50000
ADP-200010,19621019,3.26144,3.26144,3.20709,3.20709,1380,7.37500
ADP-200010,19621022,3.20709,3.26144,3.20709,3.26144,1380,7.50000
ADP-200010,19621023,3.26144,3.26144,3.15273,3.15273,10809,7.25000
ADP-200010,19621024,3.09837,3.09837,3.04401,3.04401,3220,7.00000
ADP-200010,19621025,3.15273,3.20709,3.15273,3.20709,7589,7.37500
ADP-200010,19621026,3.15273,3.15273,3.09837,3.09837,1150,7.12500
ADP-200010,19621029,3.09837,3.09837,3.09837,3.09837,460,7.12500
ADP-200010,19621031,3.04401,3.04401,2.93530,2.93530,1840,6.75000
ADP-200010,19621101,2.93530,2.93530,2.93530,2.93530,230,6.75000
ADP-200010,19621102,2.98966,3.04401,2.98966,3.04401,3910,7.00000
ADP-200010,19621105,3.09837,3.09837,3.04401,3.04401,20697,7.00000
ADP-200010,19621107,3.04401,3.04401,3.04401,3.04401,460,7.00000
ADP-200010,19621108,3.09837,3.09837,3.09837,3.09837,2530,7.12500
ADP-200010,19621109,3.04401,3.04401,2.98966,2.98966,2300,6.87500
ADP-200010,19621112,3.04401,3.09837,3.04401,3.09837,1380,7.12500
ADP-200010,19621113,2.93530,2.98966,2.93530,2.98966,1610,6.87500
ADP-200010,19621114,2.93530,3.20709,2.93530,3.20709,7129,7.37500
ADP-200010,19621116,3.20709,3.20709,3.20709,3.20709,230,7.37500
ADP-200010,19621119,3.09837,3.09837,3.09837,3.09837,460,7.12500
ADP-200010,19621120,3.04401,3.09837,3.04401,3.09837,1380,7.12500
ADP-200010,19621121,2.98966,2.98966,2.98966,2.98966,460,6.87500
ADP-200010,19621126,2.93530,3.04401,2.93530,3.04401,1840,7.00000
ADP-200010,19621127,2.98966,2.98966,2.98966,2.98966,460,6.87500
ADP-200010,19621128,3.04401,3.04401,3.04401,3.04401,1150,7.00000
ADP-200010,19621129,3.04401,3.04401,3.04401,3.04401,230,7.00000
ADP-200010,19621203,2.98966,2.98966,2.98966,2.98966,690,6.87500
ADP-200010,19621204,2.93530,2.98966,2.93530,2.98966,1380,6.87500
ADP-200010,19621205,2.98966,2.98966,2.98966,2.98966,690,6.87500
ADP-200010,19621206,3.04401,3.04401,2.98966,2.98966,1610,6.87500
ADP-200010,19621207,2.98966,2.98966,2.98966,2.98966,230,6.87500
ADP-200010,19621210,3.04401,3.04401,2.98966,2.98966,5290,6.87500
ADP-200010,19621211,3.04401,3.04401,3.04401,3.04401,2300,7.00000
ADP-200010,19621212,3.04401,3.15273,2.98966,3.09837,2760,7.12500
ADP-200010,19621213,3.15273,3.15273,3.15273,3.15273,1610,7.25000
ADP-200010,19621214,3.15273,3.15273,3.04401,3.04401,4600,7.00000
ADP-200010,19621217,3.04401,3.09837,3.04401,3.09837,2070,7.12500
ADP-200010,19621218,3.15273,3.15273,3.09837,3.09837,1380,7.12500
ADP-200010,19621219,3.04401,3.15273,3.04401,3.15273,17707,7.25000
ADP-200010,19621220,3.09837,3.15273,3.09837,3.15273,2760,7.25000
ADP-200010,19621221,3.20709,3.20709,3.20709,3.20709,1610,7.37500
ADP-200010,19621224,3.26144,3.26144,3.20709,3.20709,1380,7.37500
ADP-200010,19621226,3.20709,3.26144,3.15273,3.20709,2530,7.37500
ADP-200010,19621227,3.15273,3.20709,3.09837,3.15273,2530,7.25000
ADP-200010,19621228,3.15273,3.15273,3.04401,3.04401,3450,7.00000
ADP-200010,19621231,3.20709,3.20709,3.04401,3.04401,4600,7.00000
ADP-200010,19630102,3.15273,3.20709,3.15273,3.20709,460,7.37500
ADP-200010,19630103,3.09837,3.20709,3.09837,3.20709,2070,7.37500
ADP-200010,19630104,3.47887,3.64194,3.37016,3.58759,6669,8.25000
ADP-200010,19630107,3.53323,3.58759,3.53323,3.58759,7129,8.25000
ADP-200010,19630108,3.53323,3.53323,3.47887,3.47887,1150,8.00000
ADP-200010,19630109,3.53323,3.53323,3.47887,3.47887,1610,8.00000
ADP-200010,19630110,3.58759,3.58759,3.47887,3.47887,5979,8.00000
ADP-200010,19630111,3.42451,3.47887,3.37016,3.42451,1610,7.87500
ADP-200010,19630114,3.42451,3.42451,3.42451,3.42451,460,7.87500
ADP-200010,19630115,3.42451,3.42451,3.37016,3.37016,2070,7.75000
ADP-200010,19630116,3.37016,3.37016,3.37016,3.37016,1380,7.75000
ADP-200010,19630117,3.26144,3.26144,3.26144,3.26144,230,7.50000
ADP-200010,19630118,3.26144,3.26144,3.26144,3.26144,1840,7.50000
ADP-200010,19630121,3.15273,3.31580,3.15273,3.31580,2530,7.62500
ADP-200010,19630122,3.31580,3.37016,3.31580,3.37016,2070,7.75000
ADP-200010,19630123,3.37016,3.47887,3.37016,3.47887,3220,8.00000
ADP-200010,19630124,3.42451,3.42451,3.42451,3.42451,230,7.87500
ADP-200010,19630125,3.47887,3.53323,3.47887,3.53323,1840,8.12500
ADP-200010,19630128,3.47887,3.47887,3.47887,3.47887,920,8.00000
ADP-200010,19630129,3.37016,3.42451,3.31580,3.37016,1150,7.75000
ADP-200010,19630130,3.31580,3.31580,3.26144,3.26144,460,7.50000
ADP-200010,19630201,3.37016,3.37016,3.37016,3.37016,230,7.75000
ADP-200010,19630204,3.37016,3.37016,3.37016,3.37016,230,7.75000
ADP-200010,19630205,3.37016,3.37016,3.37016,3.37016,230,7.75000
ADP-200010,19630206,3.26144,3.26144,3.26144,3.26144,230,7.50000
ADP-200010,19630207,3.26144,3.26144,3.26144,3.26144,230,7.50000
ADP-200010,19630208,3.26144,3.26144,3.20709,3.20709,460,7.37500
ADP-200010,19630211,3.26144,3.26144,3.26144,3.26144,690,7.50000
ADP-200010,19630212,3.31580,3.31580,3.26144,3.26144,920,7.50000
ADP-200010,19630213,3.15273,3.20709,3.15273,3.20709,1610,7.37500
ADP-200010,19630214,3.15273,3.20709,3.15273,3.20709,1840,7.37500
ADP-200010,19630215,3.15273,3.15273,3.04401,3.04401,1380,7.00000
ADP-200010,19630218,3.15273,3.15273,3.09837,3.09837,690,7.12500
ADP-200010,19630219,3.15273,3.15273,3.15273,3.15273,460,7.25000
ADP-200010,19630220,3.26144,3.26144,3.20709,3.20709,1380,7.37500
ADP-200010,19630221,3.26144,3.31580,3.26144,3.31580,1380,7.62500
ADP-200010,19630225,3.37016,3.42451,3.37016,3.42451,1840,7.87500
ADP-200010,19630226,3.47887,3.53323,3.47887,3.53323,2990,8.12500
ADP-200010,19630227,3.58759,3.58759,3.47887,3.47887,3680,8.00000
ADP-200010,19630228,3.37016,3.47887,3.37016,3.47887,1150,8.00000
ADP-200010,19630301,3.26144,3.47887,3.26144,3.47887,4140,8.00000
ADP-200010,19630304,3.37016,3.37016,3.37016,3.37016,460,7.75000
ADP-200010,19630305,3.47887,3.58759,3.47887,3.58759,6209,8.25000
ADP-200010,19630306,3.53323,3.64194,3.53323,3.64194,2990,8.37500
ADP-200010,19630307,3.69630,3.80502,3.69630,3.80502,4370,8.75000
ADP-200010,19630308,3.58759,3.91373,3.58759,3.91373,38174,9.00000
ADP-200010,19630311,3.96809,4.07680,3.85937,3.91373,17477,9.00000
ADP-200010,19630312,3.85937,3.91373,3.80502,3.85937,8049,8.87500
ADP-200010,19630313,3.91373,3.91373,3.80502,3.80502,12648,8.75000
ADP-200010,19630314,3.80502,3.80502,3.69630,3.69630,1380,8.50000
ADP-200010,19630315,3.69630,3.69630,3.64194,3.64194,1380,8.37500
ADP-200010,19630318,3.64194,3.64194,3.64194,3.64194,1150,8.37500
ADP-200010,19630319,3.58759,3.64194,3.53323,3.58759,2760,8.25000
ADP-200010,19630320,3.69630,3.69630,3.69630,3.69630,690,8.50000
ADP-200010,19630321,3.69630,3.69630,3.58759,3.58759,1150,8.25000
ADP-200010,19630322,3.58759,3.58759,3.58759,3.58759,230,8.25000
ADP-200010,19630325,3.64194,3.64194,3.64194,3.64194,460,8.37500
ADP-200010,19630326,3.75066,3.75066,3.75066,3.75066,920,8.62500
ADP-200010,19630327,3.69630,3.69630,3.69630,3.69630,1150,8.50000
ADP-200010,19630328,3.58759,3.58759,3.53323,3.53323,1150,8.12500
ADP-200010,19630401,3.58759,3.64194,3.58759,3.64194,460,8.37500
ADP-200010,19630402,3.64194,3.64194,3.64194,3.64194,230,8.37500
ADP-200010,19630403,3.58759,3.58759,3.53323,3.53323,2300,8.12500
ADP-200010,19630404,3.64194,3.64194,3.58759,3.58759,2530,8.25000
ADP-200010,19630405,3.58759,3.69630,3.53323,3.64194,5520,8.37500
ADP-200010,19630408,3.64194,3.85937,3.64194,3.85937,6439,8.87500
ADP-200010,19630409,3.80502,3.80502,3.80502,3.80502,460,8.75000
ADP-200010,19630410,3.80502,3.80502,3.69630,3.69630,690,8.50000
ADP-200010,19630411,3.69630,3.85937,3.69630,3.85937,3450,8.87500
ADP-200010,19630415,3.80502,3.80502,3.75066,3.75066,460,8.62500
ADP-200010,19630416,3.64194,3.69630,3.64194,3.69630,3220,8.50000
ADP-200010,19630417,3.75066,3.75066,3.75066,3.75066,460,8.62500
ADP-200010,19630419,3.64194,3.64194,3.64194,3.64194,230,8.37500
ADP-200010,19630422,3.80502,3.80502,3.69630,3.69630,460,8.50000
ADP-200010,19630423,3.64194,3.69630,3.64194,3.69630,2530,8.50000
ADP-200010,19630425,3.64194,3.69630,3.64194,3.69630,920,8.50000
ADP-200010,19630426,3.69630,3.75066,3.58759,3.69630,3450,8.50000
ADP-200010,19630429,3.64194,3.64194,3.64194,3.64194,690,8.37500
ADP-200010,19630430,3.58759,3.69630,3.58759,3.69630,1610,8.50000
ADP-200010,19630501,3.58759,3.64194,3.58759,3.64194,2070,8.37500
ADP-200010,19630502,3.58759,3.69630,3.58759,3.69630,3910,8.50000
ADP-200010,19630503,3.69630,3.69630,3.69630,3.69630,1840,8.50000
ADP-200010,19630506,3.64194,3.64194,3.53323,3.53323,1610,8.12500
ADP-200010,19630507,3.53323,3.64194,3.53323,3.64194,1610,8.37500
ADP-200010,19630508,3.64194,3.64194,3.64194,3.64194,230,8.37500
ADP-200010,19630509,3.69630,3.80502,3.58759,3.64194,8969,8.37500
ADP-200010,19630510,3.69630,3.69630,3.64194,3.64194,2070,8.37500
ADP-200010,19630513,3.69630,3.69630,3.58759,3.58759,4830,8.25000
ADP-200010,19630514,3.64194,3.69630,3.64194,3.69630,1610,8.50000
ADP-200010,19630515,3.64194,3.64194,3.64194,3.64194,230,8.37500
ADP-200010,19630516,3.58759,3.64194,3.58759,3.64194,690,8.37500
ADP-200010,19630517,3.69630,3.69630,3.64194,3.64194,2070,8.37500
ADP-200010,19630520,3.64194,3.69630,3.64194,3.69630,2300,8.50000
ADP-200010,19630521,3.69630,3.69630,3.64194,3.64194,3220,8.37500
ADP-200010,19630523,3.64194,3.64194,3.64194,3.64194,690,8.37500
ADP-200010,19630524,3.69630,3.69630,3.64194,3.64194,920,8.37500
ADP-200010,19630527,3.64194,3.64194,3.64194,3.64194,2530,8.37500
ADP-200010,19630528,3.64194,3.64194,3.64194,3.64194,1840,8.37500
ADP-200010,19630529,3.64194,3.64194,3.58759,3.58759,3680,8.25000
ADP-200010,19630603,3.58759,3.58759,3.58759,3.58759,690,8.25000
ADP-200010,19630604,3.58759,3.58759,3.58759,3.58759,1380,8.25000
ADP-200010,19630605,3.58759,3.58759,3.58759,3.58759,1610,8.25000
ADP-200010,19630606,3.58759,3.58759,3.58759,3.58759,1380,8.25000
ADP-200010,19630607,3.58759,3.58759,3.53323,3.53323,460,8.12500
ADP-200010,19630611,3.53323,3.53323,3.53323,3.53323,1380,8.12500
ADP-200010,19630612,3.47887,3.47887,3.47887,3.47887,2300,8.00000
ADP-200010,19630613,3.53323,3.53323,3.47887,3.47887,3220,8.00000
ADP-200010,19630614,3.53323,3.53323,3.47887,3.47887,690,8.00000
ADP-200010,19630617,3.47887,3.47887,3.47887,3.47887,1150,8.00000
ADP-200010,19630618,3.47887,3.47887,3.47887,3.47887,230,8.00000
ADP-200010,19630619,3.58759,3.58759,3.47887,3.47887,2300,8.00000
ADP-200010,19630620,3.58759,3.58759,3.47887,3.47887,1840,8.00000
ADP-200010,19630625,3.47887,3.47887,3.47887,3.47887,920,8.00000
ADP-200010,19630626,3.47887,3.47887,3.47887,3.47887,5979,8.00000
ADP-200010,19630627,3.47887,3.58759,3.47887,3.58759,5060,8.25000
ADP-200010,19630628,3.58759,3.80502,3.58759,3.80502,9659,8.75000
ADP-200010,19630701,3.80502,3.80502,3.69630,3.69630,2990,8.50000
ADP-200010,19630702,3.69630,3.75066,3.69630,3.75066,1610,8.62500
ADP-200010,19630703,3.75066,3.75066,3.75066,3.75066,230,8.62500
ADP-200010,19630705,3.69630,3.69630,3.69630,3.69630,230,8.50000
ADP-200010,19630708,3.64194,3.69630,3.64194,3.69630,2530,8.50000
ADP-200010,19630709,3.69630,3.69630,3.64194,3.64194,920,8.37500
ADP-200010,19630710,3.69630,3.69630,3.64194,3.64194,1150,8.37500
ADP-200010,19630711,3.58759,3.58759,3.58759,3.58759,2990,8.25000
ADP-200010,19630712,3.58759,3.58759,3.58759,3.58759,230,8.25000
ADP-200010,19630715,3.58759,3.69630,3.58759,3.69630,460,8.50000
ADP-200010,19630716,3.64194,3.64194,3.64194,3.64194,230,8.37500
ADP-200010,19630718,3.64194,3.69630,3.64194,3.69630,2300,8.50000
ADP-200010,19630719,3.69630,3.69630,3.69630,3.69630,690,8.50000
ADP-200010,19630722,3.69630,3.69630,3.69630,3.69630,5749,8.50000
ADP-200010,19630723,3.69630,3.69630,3.69630,3.69630,230,8.50000
ADP-200010,19630724,3.75066,3.75066,3.75066,3.75066,3910,8.62500
ADP-200010,19630725,3.75066,3.80502,3.75066,3.80502,2530,8.75000
ADP-200010,19630726,3.80502,3.80502,3.80502,3.80502,460,8.75000
ADP-200010,19630729,3.80502,3.80502,3.80502,3.80502,460,8.75000
ADP-200010,19630730,3.85937,3.85937,3.85937,3.85937,1380,8.87500
ADP-200010,19630731,3.85937,3.85937,3.85937,3.85937,230,8.87500
ADP-200010,19630801,3.80502,3.80502,3.80502,3.80502,230,8.75000
ADP-200010,19630802,3.85937,3.91373,3.85937,3.91373,6209,9.00000
ADP-200010,19630805,3.85937,3.85937,3.85937,3.85937,1150,8.87500
ADP-200010,19630806,3.85937,3.85937,3.80502,3.80502,2760,8.75000
ADP-200010,19630807,3.80502,3.85937,3.80502,3.85937,2070,8.87500
ADP-200010,19630808,3.85937,3.91373,3.85937,3.91373,2530,9.00000
ADP-200010,19630809,3.91373,3.91373,3.91373,3.91373,690,9.00000
ADP-200010,19630812,3.91373,3.96809,3.91373,3.96809,8279,9.12500
ADP-200010,19630813,3.91373,3.91373,3.91373,3.91373,690,9.00000
ADP-200010,19630814,3.91373,3.91373,3.91373,3.91373,1150,9.00000
ADP-200010,19630815,3.91373,3.91373,3.91373,3.91373,690,9.00000
ADP-200010,19630816,3.91373,3.91373,3.91373,3.91373,230,9.00000
ADP-200010,19630819,3.91373,3.91373,3.85937,3.85937,1150,8.87500
ADP-200010,19630820,3.85937,3.85937,3.85937,3.85937,1150,8.87500
ADP-200010,19630821,3.85937,3.91373,3.85937,3.91373,3450,9.00000
ADP-200010,19630822,3.85937,3.85937,3.85937,3.85937,460,8.87500
ADP-200010,19630823,3.91373,3.91373,3.85937,3.85937,3680,8.87500
ADP-200010,19630826,3.85937,3.91373,3.85937,3.91373,1840,9.00000
ADP-200010,19630827,3.85937,3.85937,3.85937,3.85937,460,8.87500
ADP-200010,19630829,3.85937,3.85937,3.85937,3.85937,2530,8.87500
ADP-200010,19630830,3.85937,3.85937,3.85937,3.85937,690,8.87500
ADP-200010,19630903,3.85937,3.85937,3.85937,3.85937,2300,8.87500
ADP-200010,19630904,3.85937,3.85937,3.80502,3.80502,2300,8.75000
ADP-200010,19630905,3.80502,3.80502,3.80502,3.80502,1150,8.75000
ADP-200010,19630906,3.80502,3.80502,3.75066,3.75066,1380,8.62500
ADP-200010,19630909,3.80502,3.80502,3.80502,3.80502,3910,8.75000
ADP-200010,19630910,3.80502,3.80502,3.80502,3.80502,690,8.75000
ADP-200010,19630911,3.80502,3.80502,3.75066,3.75066,3450,8.62500
ADP-200010,19630912,3.80502,3.80502,3.75066,3.75066,5060,8.62500
ADP-200010,19630913,3.69630,3.69630,3.69630,3.69630,2300,8.50000
ADP-200010,19630916,3.75066,3.75066,3.69630,3.69630,2070,8.50000
ADP-200010,19630917,3.69630,3.69630,3.69630,3.69630,1150,8.50000
ADP-200010,19630918,3.69630,3.69630,3.69630,3.69630,230,8.50000
ADP-200010,19630920,3.69630,3.69630,3.69630,3.69630,690,8.50000
ADP-200010,19630925,3.69630,3.69630,3.69630,3.69630,3450,8.50000
ADP-200010,19630926,3.69630,3.69630,3.69630,3.69630,230,8.50000
ADP-200010,19630930,3.69630,3.69630,3.69630,3.69630,920,8.50000
ADP-200010,19631001,3.64194,3.64194,3.64194,3.64194,460,8.37500
ADP-200010,19631002,3.64194,3.64194,3.64194,3.64194,230,8.37500
ADP-200010,19631003,3.64194,3.64194,3.64194,3.64194,920,8.37500
ADP-200010,19631004,3.64194,3.64194,3.64194,3.64194,920,8.37500
ADP-200010,19631007,3.64194,3.64194,3.64194,3.64194,690,8.37500
ADP-200010,19631009,3.64194,3.64194,3.64194,3.64194,690,8.37500
ADP-200010,19631010,3.64194,3.64194,3.64194,3.64194,920,8.37500
ADP-200010,19631014,3.64194,3.64194,3.64194,3.64194,230,8.37500
ADP-200010,19631015,3.64194,3.69630,3.64194,3.69630,3910,8.50000
ADP-200010,19631016,3.69630,3.69630,3.64194,3.64194,4370,8.37500
ADP-200010,19631017,3.64194,3.69630,3.64194,3.69630,690,8.50000
ADP-200010,19631018,3.69630,3.75066,3.69630,3.75066,920,8.62500
ADP-200010,19631021,3.75066,3.75066,3.75066,3.75066,7129,8.62500
ADP-200010,19631022,3.75066,3.75066,3.64194,3.64194,3680,8.37500
ADP-200010,19631023,3.64194,3.64194,3.64194,3.64194,920,8.37500
ADP-200010,19631025,3.69630,3.69630,3.69630,3.69630,690,8.50000
ADP-200010,19631028,3.69630,3.69630,3.69630,3.69630,1610,8.50000
ADP-200010,19631030,3.64194,3.64194,3.64194,3.64194,920,8.37500
ADP-200010,19631031,3.64194,3.64194,3.64194,3.64194,3220,8.37500
ADP-200010,19631101,3.64194,3.64194,3.64194,3.64194,690,8.37500
ADP-200010,19631104,3.64194,3.69630,3.64194,3.69630,4600,8.50000
ADP-200010,19631106,3.64194,3.64194,3.64194,3.64194,1840,8.37500
ADP-200010,19631107,3.69630,3.69630,3.64194,3.64194,2300,8.37500
ADP-200010,19631108,3.64194,3.64194,3.64194,3.64194,460,8.37500
ADP-200010,19631111,3.64194,3.64194,3.64194,3.64194,1150,8.37500
ADP-200010,19631112,3.58759,3.58759,3.58759,3.58759,690,8.25000
ADP-200010,19631113,3.58759,3.58759,3.58759,3.58759,2070,8.25000
ADP-200010,19631114,3.58759,3.58759,3.58759,3.58759,690,8.25000
ADP-200010,19631115,3.58759,3.64194,3.58759,3.64194,690,8.37500
ADP-200010,19631118,3.58759,3.64194,3.58759,3.64194,1610,8.37500
ADP-200010,19631119,3.58759,3.58759,3.53323,3.53323,690,8.12500
ADP-200010,19631120,3.53323,3.53323,3.53323,3.53323,690,8.12500
ADP-200010,19631121,3.04401,3.53323,3.04401,3.53323,7589,8.12500
ADP-200010,19631122,3.53323,3.53323,3.53323,3.53323,230,8.12500
ADP-200010,19631126,3.53323,3.53323,3.47887,3.47887,2300,8.00000
ADP-200010,19631127,3.47887,3.47887,3.47887,3.47887,1150,8.00000
ADP-200010,19631129,3.37016,3.37016,3.37016,3.37016,690,7.75000
ADP-200010,19631202,3.37016,3.37016,3.37016,3.37016,460,7.75000
ADP-200010,19631203,3.37016,3.37016,3.37016,3.37016,460,7.75000
ADP-200010,19631204,3.42451,3.42451,3.42451,3.42451,1610,7.87500
ADP-200010,19631205,3.42451,3.47887,3.37016,3.42451,4830,7.87500
ADP-200010,19631206,3.42451,3.42451,3.42451,3.42451,230,7.87500
ADP-200010,19631209,3.47887,3.47887,3.47887,3.47887,230,8.00000
ADP-200010,19631210,3.47887,3.47887,3.42451,3.42451,1610,7.87500
ADP-200010,19631211,3.37016,3.42451,3.37016,3.42451,1150,7.87500
ADP-200010,19631212,3.42451,3.47887,3.42451,3.47887,8739,8.00000
ADP-200010,19631213,3.42451,3.42451,3.42451,3.42451,460,7.87500
ADP-200010,19631216,3.42451,3.42451,3.37016,3.37016,920,7.75000
ADP-200010,19631217,3.42451,3.42451,3.42451,3.42451,1150,7.87500
ADP-200010,19631218,3.42451,3.42451,3.37016,3.37016,4370,7.75000
ADP-200010,19631219,3.37016,3.37016,3.37016,3.37016,2760,7.75000
ADP-200010,19631220,3.42451,3.42451,3.42451,3.42451,2760,7.87500
ADP-200010,19631223,3.42451,3.47887,3.42451,3.47887,29665,8.00000
ADP-200010,19631224,3.47887,3.47887,3.37016,3.37016,460,7.75000
ADP-200010,19631226,3.47887,3.47887,3.47887,3.47887,230,8.00000
ADP-200010,19631230,3.37016,3.37016,3.37016,3.37016,4830,7.75000
ADP-200010,19631231,3.37016,3.37016,3.31580,3.31580,5290,7.62500
ADP-200010,19640102,3.42451,3.47887,3.42451,3.47887,920,8.00000
ADP-200010,19640103,3.53323,3.53323,3.47887,3.47887,460,8.00000
ADP-200010,19640106,3.47887,3.47887,3.42451,3.42451,4140,7.87500
ADP-200010,19640107,3.42451,3.47887,3.42451,3.47887,1150,8.00000
ADP-200010,19640108,3.42451,3.42451,3.42451,3.42451,690,7.87500
ADP-200010,19640109,3.37016,3.42451,3.37016,3.42451,2530,7.87500
ADP-200010,19640110,3.42451,3.42451,3.42451,3.42451,230,7.87500
ADP-200010,19640113,3.42451,3.42451,3.42451,3.42451,920,7.87500
ADP-200010,19640114,3.31580,3.42451,3.31580,3.42451,2070,7.87500
ADP-200010,19640115,3.42451,3.42451,3.42451,3.42451,230,7.87500
ADP-200010,19640116,3.42451,3.42451,3.42451,3.42451,230,7.87500
ADP-200010,19640120,3.42451,3.42451,3.42451,3.42451,4830,7.87500
ADP-200010,19640121,3.42451,3.42451,3.42451,3.42451,1150,7.87500
ADP-200010,19640122,3.47887,3.47887,3.47887,3.47887,230,8.00000
ADP-200010,19640123,3.42451,3.42451,3.42451,3.42451,1840,7.87500
ADP-200010,19640124,3.42451,3.42451,3.42451,3.42451,230,7.87500
ADP-200010,19640127,3.42451,3.42451,3.42451,3.42451,460,7.87500
ADP-200010,19640128,3.42451,3.42451,3.42451,3.42451,1150,7.87500
ADP-200010,19640129,3.42451,3.42451,3.42451,3.42451,690,7.87500
ADP-200010,19640130,3.47887,3.47887,3.42451,3.42451,20467,7.87500
ADP-200010,19640131,3.47887,3.47887,3.42451,3.42451,6899,7.87500
ADP-200010,19640203,3.42451,3.42451,3.42451,3.42451,230,7.87500
ADP-200010,19640204,3.47887,3.47887,3.47887,3.47887,460,8.00000
ADP-200010,19640205,3.42451,3.42451,3.42451,3.42451,460,7.87500
ADP-200010,19640206,3.42451,3.42451,3.42451,3.42451,920,7.87500
ADP-200010,19640207,3.42451,3.47887,3.42451,3.47887,2990,8.00000
ADP-200010,19640211,3.47887,3.47887,3.47887,3.47887,1150,8.00000
ADP-200010,19640212,3.42451,3.42451,3.42451,3.42451,230,7.87500
ADP-200010,19640213,3.42451,3.47887,3.42451,3.47887,2300,8.00000
ADP-200010,19640214,3.69630,3.91373,3.47887,3.85937,111071,8.87500
ADP-200010,19640217,3.80502,3.91373,3.80502,3.91373,6669,9.00000
ADP-200010,19640218,3.91373,3.91373,3.85937,3.85937,2990,8.87500
ADP-200010,19640219,3.69630,3.75066,3.69630,3.75066,1150,8.62500
ADP-200010,19640220,3.64194,3.69630,3.64194,3.69630,5520,8.50000
ADP-200010,19640224,3.64194,3.64194,3.64194,3.64194,460,8.37500
ADP-200010,19640225,3.69630,3.69630,3.69630,3.69630,2070,8.50000
ADP-200010,19640226,3.69630,3.69630,3.69630,3.69630,460,8.50000
ADP-200010,19640227,3.64194,3.64194,3.58759,3.58759,1380,8.25000
ADP-200010,19640228,3.53323,3.53323,3.53323,3.53323,460,8.12500
ADP-200010,19640302,3.47887,3.47887,3.47887,3.47887,1610,8.00000
ADP-200010,19640303,3.53323,3.53323,3.53323,3.53323,460,8.12500
ADP-200010,19640305,3.58759,3.58759,3.53323,3.53323,690,8.12500
ADP-200010,19640309,3.53323,3.53323,3.53323,3.53323,460,8.12500
ADP-200010,19640310,3.53323,3.53323,3.53323,3.53323,920,8.12500
ADP-200010,19640311,3.58759,3.58759,3.53323,3.53323,1150,8.12500
ADP-200010,19640312,3.58759,3.64194,3.58759,3.64194,1150,8.37500
ADP-200010,19640313,3.64194,3.69630,3.64194,3.69630,1150,8.50000
ADP-200010,19640316,3.64194,3.64194,3.64194,3.64194,230,8.37500
ADP-200010,19640317,3.64194,3.69630,3.64194,3.69630,1380,8.50000
ADP-200010,19640318,3.69630,3.75066,3.69630,3.75066,1380,8.62500
ADP-200010,19640319,3.75066,3.75066,3.69630,3.69630,2530,8.50000
ADP-200010,19640323,3.69630,3.69630,3.69630,3.69630,690,8.50000
ADP-200010,19640324,3.69630,3.69630,3.58759,3.58759,920,8.25000
ADP-200010,19640325,3.69630,3.69630,3.64194,3.64194,920,8.37500
ADP-200010,19640326,3.64194,3.69630,3.64194,3.69630,1150,8.50000
ADP-200010,19640401,3.69630,3.69630,3.69630,3.69630,1150,8.50000
ADP-200010,19640402,3.69630,3.75066,3.69630,3.75066,460,8.62500
ADP-200010,19640403,3.64194,3.64194,3.58759,3.58759,2760,8.25000
ADP-200010,19640406,3.69630,3.69630,3.64194,3.64194,690,8.37500
ADP-200010,19640407,3.69630,3.69630,3.64194,3.64194,2300,8.37500
ADP-200010,19640408,3.64194,3.64194,3.64194,3.64194,1150,8.37500
ADP-200010,19640410,3.64194,3.64194,3.64194,3.64194,1380,8.37500
ADP-200010,19640413,3.69630,3.69630,3.69630,3.69630,460,8.50000
ADP-200010,19640414,3.69630,3.69630,3.69630,3.69630,690,8.50000
ADP-200010,19640415,3.69630,3.75066,3.69630,3.75066,2070,8.62500
ADP-200010,19640416,3.75066,3.75066,3.69630,3.69630,920,8.50000
ADP-200010,19640417,3.69630,3.80502,3.69630,3.80502,1380,8.75000
ADP-200010,19640420,3.75066,3.75066,3.75066,3.75066,230,8.62500
ADP-200010,19640421,3.69630,3.69630,3.69630,3.69630,1150,8.50000
ADP-200010,19640424,3.69630,3.69630,3.64194,3.64194,2070,8.37500
ADP-200010,19640427,3.69630,3.69630,3.69630,3.69630,230,8.50000
ADP-200010,19640428,3.64194,3.64194,3.64194,3.64194,1150,8.37500
ADP-200010,19640429,3.58759,3.69630,3.58759,3.69630,4600,8.50000
ADP-200010,19640430,3.80502,3.80502,3.69630,3.69630,1150,8.50000
ADP-200010,19640501,3.80502,3.80502,3.80502,3.80502,230,8.75000
ADP-200010,19640504,3.80502,3.80502,3.69630,3.69630,1150,8.50000
ADP-200010,19640505,3.75066,3.75066,3.69630,3.69630,10119,8.50000
ADP-200010,19640506,3.64194,3.64194,3.64194,3.64194,460,8.37500
ADP-200010,19640507,3.75066,3.75066,3.69630,3.69630,920,8.50000
ADP-200010,19640508,3.69630,3.69630,3.69630,3.69630,920,8.50000
ADP-200010,19640511,3.75066,3.75066,3.64194,3.64194,1380,8.37500
ADP-200010,19640512,3.75066,3.75066,3.75066,3.75066,460,8.62500
ADP-200010,19640513,3.75066,3.80502,3.69630,3.75066,2760,8.62500
ADP-200010,19640514,3.80502,3.80502,3.75066,3.75066,1840,8.62500
ADP-200010,19640515,3.75066,3.75066,3.75066,3.75066,230,8.62500
ADP-200010,19640518,3.75066,3.75066,3.75066,3.75066,230,8.62500
ADP-200010,19640519,3.75066,3.75066,3.75066,3.75066,230,8.62500
ADP-200010,19640521,3.80502,3.91373,3.80502,3.91373,12878,9.00000
ADP-200010,19640522,3.85937,3.91373,3.85937,3.91373,2300,9.00000
ADP-200010,19640526,3.80502,3.80502,3.80502,3.80502,230,8.75000
ADP-200010,19640527,3.75066,3.75066,3.75066,3.75066,230,8.62500
ADP-200010,19640601,3.75066,3.96809,3.75066,3.96809,29435,9.12500
ADP-200010,19640602,3.91373,3.91373,3.91373,3.91373,460,9.00000
ADP-200010,19640604,3.80502,3.80502,3.80502,3.80502,230,8.75000
ADP-200010,19640605,3.75066,3.75066,3.69630,3.69630,1610,8.50000
ADP-200010,19640608,3.75066,3.75066,3.75066,3.75066,230,8.62500
ADP-200010,19640610,3.69630,3.69630,3.69630,3.69630,460,8.50000
ADP-200010,19640615,3.75066,3.75066,3.75066,3.75066,230,8.62500
ADP-200010,19640616,3.75066,3.75066,3.75066,3.75066,230,8.62500
ADP-200010,19640617,3.80502,3.85937,3.80502,3.85937,5060,8.87500
ADP-200010,19640618,3.75066,3.75066,3.75066,3.75066,690,8.62500
ADP-200010,19640619,3.85937,3.91373,3.85937,3.91373,7129,9.00000
ADP-200010,19640622,3.91373,3.91373,3.91373,3.91373,230,9.00000
ADP-200010,19640623,3.85937,3.85937,3.80502,3.80502,3220,8.75000
ADP-200010,19640624,3.80502,3.80502,3.80502,3.80502,230,8.75000
ADP-200010,19640630,3.80502,3.80502,3.75066,3.75066,2990,8.62500
ADP-200010,19640701,3.75066,3.75066,3.75066,3.75066,230,8.62500
ADP-200010,19640702,3.85937,3.85937,3.85937,3.85937,230,8.87500
ADP-200010,19640706,3.80502,3.80502,3.80502,3.80502,230,8.75000
ADP-200010,19640707,3.80502,3.80502,3.80502,3.80502,230,8.75000
ADP-200010,19640708,3.85937,3.91373,3.85937,3.91373,1380,9.00000
ADP-200010,19640709,3.96809,3.96809,3.91373,3.91373,5979,9.00000
ADP-200010,19640710,3.91373,3.96809,3.91373,3.96809,3680,9.12500
ADP-200010,19640713,3.91373,3.96809,3.91373,3.96809,460,9.12500
ADP-200010,19640714,4.02244,4.02244,3.96809,3.96809,8049,9.12500
ADP-200010,19640715,4.02244,4.02244,4.02244,4.02244,1150,9.25000
ADP-200010,19640716,4.02244,4.07680,4.02244,4.07680,2070,9.37500
ADP-200010,19640717,4.02244,4.29423,4.02244,4.29423,8049,9.87500
ADP-200010,19640720,4.34859,4.40295,4.34859,4.40295,6669,10.12500
ADP-200010,19640721,4.40295,4.40295,4.34859,4.34859,1610,10.00000
ADP-200010,19640722,4.34859,4.40295,4.34859,4.40295,690,10.12500
ADP-200010,19640723,4.34859,4.34859,4.34859,4.34859,2760,10.00000
ADP-200010,19640724,4.34859,4.34859,4.34859,4.34859,230,10.00000
ADP-200010,19640727,4.34859,4.40295,4.29423,4.34859,920,10.00000
ADP-200010,19640729,4.23987,4.23987,4.23987,4.23987,460,9.75000
ADP-200010,19640730,4.23987,4.23987,4.23987,4.23987,230,9.75000
ADP-200010,19640731,4.23987,4.23987,4.23987,4.23987,230,9.75000
ADP-200010,19640804,4.07680,4.34859,4.07680,4.34859,8509,10.00000
ADP-200010,19640805,4.29423,4.34859,4.29423,4.34859,920,10.00000
ADP-200010,19640807,4.23987,4.23987,4.23987,4.23987,230,9.75000
ADP-200010,19640810,4.29423,4.29423,4.29423,4.29423,230,9.87500
ADP-200010,19640811,4.29423,4.29423,4.29423,4.29423,460,9.87500
ADP-200010,19640812,4.29423,4.29423,4.29423,4.29423,690,9.87500
ADP-200010,19640814,4.34859,4.40295,4.34859,4.40295,460,10.12500
ADP-200010,19640817,4.29423,4.29423,4.29423,4.29423,460,9.87500
ADP-200010,19640818,4.29423,4.29423,4.23987,4.23987,1150,9.75000
ADP-200010,19640819,4.23987,4.23987,4.23987,4.23987,230,9.75000
ADP-200010,19640821,4.18552,4.18552,4.18552,4.18552,230,9.62500
ADP-200010,19640825,4.13116,4.13116,4.13116,4.13116,230,9.50000
ADP-200010,19640826,4.07680,4.07680,4.02244,4.02244,690,9.25000
ADP-200010,19640828,4.07680,4.07680,4.07680,4.07680,230,9.37500
ADP-200010,19640903,3.91373,4.02244,3.91373,4.02244,2530,9.25000
ADP-200010,19640904,4.02244,4.07680,4.02244,4.07680,1610,9.37500
ADP-200010,19640910,4.02244,4.02244,4.02244,4.02244,2300,9.25000
ADP-200010,19640911,3.96809,3.96809,3.96809,3.96809,230,9.12500
ADP-200010,19640914,4.02244,4.02244,3.96809,3.96809,690,9.12500
ADP-200010,19640915,3.96809,3.96809,3.96809,3.96809,230,9.12500
ADP-200010,19640917,3.96809,4.13116,3.96809,4.13116,1840,9.50000
ADP-200010,19640918,4.13116,4.13116,4.02244,4.02244,1840,9.25000
ADP-200010,19640921,3.96809,3.96809,3.96809,3.96809,230,9.12500
ADP-200010,19640922,3.96809,3.96809,3.96809,3.96809,1150,9.12500
ADP-200010,19640923,4.02244,4.02244,4.02244,4.02244,230,9.25000
ADP-200010,19640924,3.96809,3.96809,3.96809,3.96809,460,9.12500
ADP-200010,19640928,3.96809,4.02244,3.96809,4.02244,2990,9.25000
ADP-200010,19640929,4.02244,4.02244,4.02244,4.02244,230,9.25000
ADP-200010,19640930,3.96809,3.96809,3.96809,3.96809,230,9.12500
ADP-200010,19641001,4.02244,4.02244,4.02244,4.02244,920,9.25000
ADP-200010,19641002,3.96809,3.96809,3.96809,3.96809,230,9.12500
ADP-200010,19641005,3.96809,4.07680,3.96809,4.07680,1380,9.37500
ADP-200010,19641007,4.13116,4.13116,4.13116,4.13116,230,9.50000
ADP-200010,19641012,4.02244,4.02244,4.02244,4.02244,230,9.25000
ADP-200010,19641013,4.02244,4.02244,4.02244,4.02244,230,9.25000
ADP-200010,19641014,3.96809,4.02244,3.96809,4.02244,920,9.25000
ADP-200010,19641016,3.96809,3.96809,3.96809,3.96809,230,9.12500
ADP-200010,19641019,4.07680,4.07680,4.02244,4.02244,690,9.25000
ADP-200010,19641021,4.02244,4.02244,4.02244,4.02244,230,9.25000
ADP-200010,19641022,3.96809,3.96809,3.91373,3.91373,1150,9.00000
ADP-200010,19641023,3.80502,3.85937,3.80502,3.85937,1610,8.87500
ADP-200010,19641026,4.02244,4.13116,3.91373,4.07680,2300,9.37500
ADP-200010,19641027,4.07680,4.07680,4.07680,4.07680,920,9.37500
ADP-200010,19641028,3.96809,3.96809,3.96809,3.96809,230,9.12500
ADP-200010,19641029,3.96809,3.96809,3.96809,3.96809,230,9.12500
ADP-200010,19641030,3.96809,4.02244,3.96809,4.02244,460,9.25000
ADP-200010,19641102,4.02244,4.02244,4.02244,4.02244,230,9.25000
ADP-200010,19641104,4.02244,4.02244,4.02244,4.02244,2760,9.25000
ADP-200010,19641105,4.07680,4.07680,4.07680,4.07680,690,9.37500
ADP-200010,19641106,4.07680,4.18552,4.07680,4.18552,2990,9.62500
ADP-200010,19641109,4.13116,4.13116,4.13116,4.13116,230,9.50000
ADP-200010,19641110,4.13116,4.13116,4.13116,4.13116,230,9.50000
ADP-200010,19641111,4.18552,4.18552,4.18552,4.18552,230,9.62500
ADP-200010,19641112,4.40295,4.51166,4.29423,4.45730,6209,10.25000
ADP-200010,19641113,4.51166,4.51166,4.45730,4.45730,2070,10.25000
ADP-200010,19641116,4.40295,4.40295,4.34859,4.34859,2530,10.00000
ADP-200010,19641117,4.34859,4.34859,4.34859,4.34859,460,10.00000
ADP-200010,19641118,4.23987,4.23987,4.23987,4.23987,460,9.75000
ADP-200010,19641119,4.29423,4.29423,4.29423,4.29423,460,9.87500
ADP-200010,19641120,4.23987,4.34859,4.23987,4.34859,2300,10.00000
ADP-200010,19641123,4.34859,4.34859,4.34859,4.34859,460,10.00000
ADP-200010,19641124,4.29423,4.34859,4.29423,4.34859,920,10.00000
ADP-200010,19641125,4.29423,4.29423,4.29423,4.29423,230,9.87500
ADP-200010,19641127,4.29423,4.34859,4.29423,4.34859,1150,10.00000
ADP-200010,19641130,4.29423,4.29423,4.29423,4.29423,230,9.87500
ADP-200010,19641202,4.13116,4.23987,4.13116,4.23987,1150,9.75000
ADP-200010,19641203,4.23987,4.23987,4.23987,4.23987,230,9.75000
ADP-200010,19641204,4.18552,4.18552,4.18552,4.18552,460,9.62500
ADP-200010,19641207,4.23987,4.23987,4.23987,4.23987,230,9.75000
ADP-200010,19641208,4.18552,4.18552,4.18552,4.18552,460,9.62500
ADP-200010,19641209,4.18552,4.18552,4.18552,4.18552,920,9.62500
ADP-200010,19641210,4.18552,4.18552,4.18552,4.18552,230,9.62500
ADP-200010,19641211,4.23987,4.23987,4.23987,4.23987,460,9.75000
ADP-200010,19641214,4.23987,4.29423,4.23987,4.29423,1150,9.87500
ADP-200010,19641215,4.29423,4.29423,4.29423,4.29423,230,9.87500
ADP-200010,19641217,4.29423,4.29423,4.29423,4.29423,230,9.87500
ADP-200010,19641218,4.29423,4.29423,4.18552,4.18552,1840,9.62500
ADP-200010,19641221,4.23987,4.29423,4.23987,4.29423,3220,9.87500
ADP-200010,19641222,4.23987,4.23987,4.23987,4.23987,460,9.75000
ADP-200010,19641223,4.29423,4.34859,4.29423,4.34859,920,10.00000
ADP-200010,19641224,4.34859,4.34859,4.29423,4.29423,2760,9.87500
ADP-200010,19641228,4.34859,4.34859,4.34859,4.34859,1150,10.00000
ADP-200010,19641229,4.34859,4.40295,4.34859,4.40295,2070,10.12500
ADP-200010,19641230,4.34859,4.45730,4.34859,4.45730,1380,10.25000
ADP-200010,19641231,4.45730,4.45730,4.45730,4.45730,690,10.25000
ADP-200010,19650104,4.51166,4.51166,4.45730,4.45730,920,10.25000
ADP-200010,19650105,4.45730,4.45730,4.40295,4.40295,1150,10.12500
ADP-200010,19650106,4.45730,4.51166,4.45730,4.51166,460,10.37500
ADP-200010,19650107,4.51166,4.51166,4.51166,4.51166,690,10.37500
ADP-200010,19650108,4.51166,4.56602,4.51166,4.56602,1610,10.50000
ADP-200010,19650111,4.56602,4.67473,4.56602,4.67473,3680,10.75000
ADP-200010,19650112,4.94652,5.16395,4.72909,5.10959,10579,11.75000
ADP-200010,19650113,5.10959,5.70752,5.10959,5.70752,14718,13.12500
ADP-200010,19650114,5.97931,6.19674,5.81624,6.14238,23686,14.12500
ADP-200010,19650115,6.57724,6.84902,6.30545,6.79467,39094,15.62500
ADP-200010,19650118,6.63160,7.12081,6.19674,6.41417,60250,14.75000
ADP-200010,19650119,6.46852,6.84902,6.46852,6.84902,23916,15.75000
ADP-200010,19650120,7.17517,7.44695,6.90338,7.39260,69218,17.00000
ADP-200010,19650121,7.39260,7.61003,7.17517,7.44695,33115,17.12500
ADP-200010,19650122,7.44695,7.71874,7.44695,7.71874,23916,17.75000
ADP-200010,19650125,8.09924,8.37103,7.82746,8.26231,40014,19.00000
ADP-200010,19650126,7.77310,8.15360,7.39260,8.09924,50362,18.62500
ADP-200010,19650127,8.15360,8.37103,7.93617,8.31667,46222,19.12500
ADP-200010,19650128,8.58846,8.69717,8.47974,8.64282,49902,19.87500
ADP-200010,19650129,8.58846,9.56689,8.58846,9.56689,77037,22.00000
ADP-200010,19650201,9.72996,9.94739,9.51253,9.78432,5060,22.50000
ADP-200010,19650202,10.11046,10.32789,9.89303,9.94739,32425,22.87500
ADP-200010,19650203,9.13203,9.72996,8.58846,9.29510,96814,21.37500
ADP-200010,19650204,9.34946,9.34946,8.58846,8.58846,28975,19.75000
ADP-200010,19650205,8.26231,8.53410,8.04488,8.42539,37024,19.37500
ADP-200010,19650208,8.15360,8.37103,7.93617,8.09924,21157,18.62500
ADP-200010,19650209,7.82746,8.09924,7.61003,7.77310,14028,17.87500
ADP-200010,19650210,8.15360,8.53410,7.82746,8.31667,21847,19.12500
ADP-200010,19650211,8.69717,8.86024,8.47974,8.75153,24836,20.12500
ADP-200010,19650212,8.86024,9.72996,8.86024,9.72996,33575,22.37500
ADP-200010,19650215,9.67560,10.00175,9.34946,9.67560,39554,22.25000
ADP-200010,19650216,9.89303,10.38225,9.45817,9.94739,58180,22.87500
ADP-200010,19650217,10.21918,10.21918,9.89303,9.89303,22307,22.75000
ADP-200010,19650218,10.11046,10.21918,9.94739,10.00175,19777,23.00000
ADP-200010,19650219,10.16482,10.43661,9.89303,10.38225,41623,23.87500
ADP-200010,19650223,10.59968,10.76275,10.43661,10.65404,44613,24.50000
ADP-200010,19650224,10.76275,10.87146,10.65404,10.81711,25756,24.87500
ADP-200010,19650225,11.08889,11.08889,10.81711,10.81711,33805,24.87500
ADP-200010,19650226,10.43661,10.87146,10.00175,10.27353,20697,23.62500
ADP-200010,19650301,10.11046,10.32789,9.89303,10.21918,15408,23.50000
ADP-200010,19650302,10.21918,10.49096,10.00175,10.43661,8969,24.00000
ADP-200010,19650303,10.43661,10.81711,10.43661,10.81711,19777,24.87500
ADP-200010,19650304,10.49096,10.65404,10.32789,10.43661,9659,24.00000
ADP-200010,19650305,10.43661,10.49096,10.32789,10.38225,3680,23.87500
ADP-200010,19650308,10.11046,10.11046,9.67560,9.67560,8509,22.25000
ADP-200010,19650309,9.83868,10.05610,9.83868,10.05610,5749,23.12500
ADP-200010,19650310,10.11046,10.21918,9.94739,10.00175,3680,23.00000
ADP-200010,19650311,9.78432,10.00175,9.56689,9.89303,11728,22.75000
ADP-200010,19650312,10.00175,10.00175,9.83868,9.83868,5979,22.62500
ADP-200010,19650315,9.45817,9.72996,9.24075,9.62125,24836,22.12500
ADP-200010,19650316,9.89303,10.00175,9.78432,9.89303,11039,22.75000
ADP-200010,19650317,9.83868,10.00175,9.83868,10.00175,9659,23.00000
ADP-200010,19650318,10.27353,10.65404,9.89303,10.49096,33345,24.12500
ADP-200010,19650319,10.43661,10.76275,10.43661,10.76275,25066,24.75000
ADP-200010,19650322,10.81711,10.98018,10.65404,10.87146,31965,25.00000
ADP-200010,19650323,10.92582,10.92582,10.81711,10.81711,15638,24.87500
ADP-200010,19650324,10.81711,10.98018,10.65404,10.70839,14718,24.62500
ADP-200010,19650325,10.81711,10.81711,10.32789,10.32789,9889,23.75000
ADP-200010,19650326,10.32789,10.54532,10.05610,10.11046,6439,23.25000
ADP-200010,19650329,10.32789,10.32789,9.78432,9.78432,5290,22.50000
ADP-200010,19650330,9.67560,10.43661,9.67560,10.43661,7819,24.00000
ADP-200010,19650331,10.54532,10.59968,10.43661,10.54532,8279,24.25000
ADP-200010,19650401,10.43661,10.54532,10.38225,10.43661,5290,24.00000
ADP-200010,19650402,10.00175,10.54532,10.00175,10.54532,11728,24.25000
ADP-200010,19650405,10.76275,11.19761,10.38225,10.87146,44153,25.00000
ADP-200010,19650406,10.92582,10.92582,10.65404,10.65404,8969,24.50000
ADP-200010,19650407,11.08889,11.46939,10.65404,11.36068,30355,26.12500
ADP-200010,19650408,11.84990,12.17604,11.52375,11.95861,67149,27.50000
ADP-200010,19650409,12.06732,12.33911,11.74118,12.23040,40014,28.12500
ADP-200010,19650412,12.17604,12.28475,12.06732,12.12168,13568,27.87500
ADP-200010,19650413,12.17604,12.17604,11.74118,11.74118,9429,27.00000
ADP-200010,19650414,12.01297,12.12168,11.90425,12.06732,16328,27.75000
ADP-200010,19650415,11.95861,12.06732,11.84990,11.90425,5979,27.37500
ADP-200010,19650419,12.06732,12.06732,11.36068,11.36068,10349,26.12500
ADP-200010,19650420,11.63247,11.84990,11.41504,11.52375,8509,26.50000
ADP-200010,19650421,11.52375,11.68682,11.36068,11.41504,6669,26.25000
ADP-200010,19650422,11.74118,12.17604,11.30632,11.95861,23686,27.50000
ADP-200010,19650423,12.12168,12.12168,11.84990,11.84990,5520,27.25000
ADP-200010,19650426,11.74118,11.84990,11.57811,11.68682,3680,26.87500
ADP-200010,19650427,11.84990,11.84990,11.74118,11.74118,5979,27.00000
ADP-200010,19650428,11.84990,11.84990,11.63247,11.63247,3910,26.75000
ADP-200010,19650429,11.74118,11.84990,11.57811,11.68682,8279,26.87500
ADP-200010,19650430,11.52375,11.63247,11.36068,11.46939,6439,26.37500
ADP-200010,19650503,11.41504,11.57811,11.25197,11.46939,12418,26.37500
ADP-200010,19650504,11.19761,12.17604,11.19761,12.17604,27366,28.00000
ADP-200010,19650505,12.50218,12.82833,12.17604,12.28475,21847,28.25000
ADP-200010,19650506,12.44783,12.44783,12.17604,12.17604,8049,28.00000
ADP-200010,19650507,12.28475,13.04576,12.28475,13.04576,26676,30.00000
ADP-200010,19650510,13.04576,13.20883,12.88268,13.15447,14948,30.25000
ADP-200010,19650511,12.93704,13.10011,12.77397,13.04576,11958,30.00000
ADP-200010,19650512,13.26319,13.26319,13.04576,13.04576,8049,30.00000
ADP-200010,19650513,13.04576,13.04576,12.71961,12.71961,6669,29.25000
ADP-200010,19650514,12.71961,13.37190,12.71961,13.37190,8049,30.75000
ADP-200010,19650517,13.15447,13.37190,12.93704,13.04576,8279,30.00000
ADP-200010,19650518,12.71961,13.20883,12.71961,13.20883,9889,30.37500
ADP-200010,19650519,13.20883,13.20883,12.93704,12.93704,9889,29.75000
ADP-200010,19650520,12.61090,12.99140,12.61090,12.99140,8279,29.87500
ADP-200010,19650521,13.04576,13.15447,12.93704,12.99140,8049,29.87500
ADP-200010,19650524,12.71961,12.93704,12.44783,12.61090,7819,29.00000
ADP-200010,19650525,12.71961,12.99140,12.44783,12.66526,8049,29.12500
ADP-200010,19650526,12.77397,12.77397,12.50218,12.50218,3680,28.75000
ADP-200010,19650527,12.06732,12.50218,12.06732,12.50218,8509,28.75000
ADP-200010,19650528,12.50218,12.71961,12.28475,12.33911,5749,28.37500
ADP-200010,19650601,12.55654,12.55654,12.01297,12.01297,6899,27.62500
ADP-200010,19650602,11.74118,12.01297,11.41504,11.74118,13338,27.00000
ADP-200010,19650603,11.84990,11.95861,11.68682,11.90425,12648,27.37500
ADP-200010,19650604,11.74118,11.95861,11.74118,11.95861,5520,27.50000
ADP-200010,19650607,11.84990,12.06732,11.57811,11.84990,5290,27.25000
ADP-200010,19650608,11.79554,11.79554,11.63247,11.63247,2300,26.75000
ADP-200010,19650609,11.30632,11.63247,10.92582,11.03454,20697,25.37500
ADP-200010,19650610,10.76275,11.03454,10.43661,10.81711,28286,24.87500
ADP-200010,19650611,10.87146,11.03454,10.70839,10.87146,5060,25.00000
ADP-200010,19650614,10.98018,10.98018,10.38225,10.38225,4600,23.87500
ADP-200010,19650615,9.89303,10.76275,9.89303,10.76275,19547,24.75000
ADP-200010,19650616,10.98018,11.14325,10.87146,11.08889,8969,25.50000
ADP-200010,19650617,10.87146,11.03454,10.87146,11.03454,5749,25.37500
ADP-200010,19650618,10.92582,10.92582,10.65404,10.65404,5290,24.50000
ADP-200010,19650621,10.43661,10.65404,10.21918,10.43661,7359,24.00000
ADP-200010,19650622,10.21918,10.43661,10.21918,10.43661,8969,24.00000
ADP-200010,19650623,10.27353,10.54532,10.27353,10.54532,5060,24.25000
ADP-200010,19650624,10.43661,10.43661,9.78432,9.78432,8739,22.50000
ADP-200010,19650625,9.62125,9.78432,9.45817,9.51253,13338,21.87500
ADP-200010,19650628,9.45817,9.45817,8.75153,8.75153,16558,20.12500
ADP-200010,19650629,8.58846,9.67560,8.58846,9.67560,28286,22.25000
ADP-200010,19650630,10.16482,10.43661,9.89303,10.16482,17247,23.37500
ADP-200010,19650701,9.83868,10.11046,9.56689,9.94739,10349,22.87500
ADP-200010,19650702,10.00175,10.54532,10.00175,10.54532,4600,24.25000
ADP-200010,19650706,10.59968,10.76275,10.43661,10.49096,5979,24.12500
ADP-200010,19650707,10.27353,10.38225,10.16482,10.21918,4140,23.50000
ADP-200010,19650708,10.49096,10.76275,10.21918,10.65404,11039,24.50000
ADP-200010,19650709,10.92582,11.14325,10.70839,11.08889,14488,25.50000
ADP-200010,19650712,11.03454,11.08889,10.98018,11.03454,3680,25.37500
ADP-200010,19650713,10.65404,10.92582,10.32789,10.43661,9889,24.00000
ADP-200010,19650714,10.54532,10.65404,10.43661,10.49096,2530,24.12500
ADP-200010,19650715,10.54532,10.70839,10.43661,10.49096,6669,24.12500
ADP-200010,19650716,10.21918,10.32789,10.11046,10.16482,2760,23.37500
ADP-200010,19650719,10.32789,10.32789,10.21918,10.21918,2760,23.50000
ADP-200010,19650720,10.16482,10.16482,9.56689,9.56689,4830,22.00000
ADP-200010,19650721,9.45817,9.67560,9.24075,9.45817,12188,21.75000
ADP-200010,19650722,9.51253,9.51253,9.18639,9.18639,4370,21.12500
ADP-200010,19650723,9.34946,9.51253,9.13203,9.34946,5749,21.50000
ADP-200010,19650726,9.34946,9.34946,9.24075,9.24075,4830,21.25000
ADP-200010,19650727,9.56689,9.78432,9.34946,9.45817,4600,21.75000
ADP-200010,19650728,9.89303,10.21918,9.56689,10.00175,8739,23.00000
ADP-200010,19650729,10.11046,10.27353,10.11046,10.27353,6439,23.62500
ADP-200010,19650730,10.43661,10.54532,10.38225,10.43661,5520,24.00000
ADP-200010,19650802,10.43661,10.54532,10.32789,10.43661,2990,24.00000
ADP-200010,19650803,10.21918,10.49096,9.89303,10.11046,10809,23.25000
ADP-200010,19650804,10.00175,10.32789,9.72996,10.11046,12418,23.25000
ADP-200010,19650805,10.16482,10.21918,10.16482,10.21918,460,23.50000
ADP-200010,19650806,10.00175,10.27353,9.67560,9.94739,11728,22.87500
ADP-200010,19650809,10.00175,10.21918,10.00175,10.21918,6439,23.50000
ADP-200010,19650810,10.05610,10.27353,9.83868,9.89303,8279,22.75000
ADP-200010,19650811,9.72996,10.00175,9.45817,9.56689,8739,22.00000
ADP-200010,19650812,9.51253,9.62125,9.40382,9.56689,8279,22.00000
ADP-200010,19650813,9.89303,10.16482,9.62125,10.00175,6669,23.00000
ADP-200010,19650816,10.11046,10.11046,9.67560,9.67560,4370,22.25000
ADP-200010,19650817,9.56689,9.78432,9.56689,9.78432,4140,22.50000
ADP-200010,19650818,10.11046,10.11046,9.89303,9.89303,5520,22.75000
ADP-200010,19650819,10.00175,10.16482,9.83868,10.11046,7819,23.25000
ADP-200010,19650820,10.05610,10.21918,10.05610,10.21918,4370,23.50000
ADP-200010,19650823,10.32789,10.32789,10.00175,10.00175,6209,23.00000
ADP-200010,19650824,10.27353,10.27353,10.11046,10.11046,6439,23.25000
ADP-200010,19650825,10.05610,10.54532,10.05610,10.54532,13798,24.25000
ADP-200010,19650826,10.59968,10.59968,10.32789,10.32789,4830,23.75000
ADP-200010,19650827,10.43661,10.43661,10.32789,10.32789,2300,23.75000
ADP-200010,19650830,10.32789,10.32789,10.27353,10.27353,920,23.62500
ADP-200010,19650831,10.27353,10.43661,10.27353,10.43661,6209,24.00000
ADP-200010,19650901,10.54532,10.65404,10.38225,10.49096,8049,24.12500
ADP-200010,19650902,10.54532,10.76275,10.54532,10.76275,6209,24.75000
ADP-200010,19650903,11.46939,11.95861,10.98018,11.79554,20927,27.12500
ADP-200010,19650907,11.74118,12.06732,11.46939,11.52375,17018,26.50000
ADP-200010,19650908,11.52375,11.68682,11.30632,11.46939,5979,26.37500
ADP-200010,19650909,11.52375,11.52375,11.19761,11.19761,5520,25.75000
ADP-200010,19650910,11.52375,11.68682,11.30632,11.52375,12188,26.50000
ADP-200010,19650913,11.52375,11.63247,11.41504,11.52375,5520,26.50000
ADP-200010,19650914,11.19761,11.41504,11.19761,11.41504,12188,26.25000
ADP-200010,19650915,11.52375,11.68682,11.36068,11.57811,7819,26.62500
ADP-200010,19650916,11.74118,11.84990,11.63247,11.74118,10349,27.00000
ADP-200010,19650917,11.46939,11.74118,11.46939,11.74118,6669,27.00000
ADP-200010,19650920,11.84990,11.84990,11.46939,11.46939,5060,26.37500
ADP-200010,19650921,11.52375,11.68682,11.41504,11.52375,14258,26.50000
ADP-200010,19650922,11.52375,11.52375,11.36068,11.36068,4830,26.12500
ADP-200010,19650923,11.30632,11.36068,11.25197,11.30632,4600,26.00000
ADP-200010,19650924,11.41504,11.68682,11.08889,11.63247,8049,26.75000
ADP-200010,19650927,11.52375,11.84990,11.52375,11.84990,7359,27.25000
ADP-200010,19650928,11.68682,11.84990,11.52375,11.74118,13568,27.00000
ADP-200010,19650929,11.63247,11.84990,11.46939,11.57811,16788,26.62500
ADP-200010,19650930,11.68682,11.84990,11.52375,11.74118,11039,27.00000
ADP-200010,19651001,11.68682,11.68682,11.41504,11.41504,7359,26.25000
ADP-200010,19651004,11.41504,11.52375,11.30632,11.41504,2990,26.25000
ADP-200010,19651005,11.36068,11.63247,11.36068,11.63247,4830,26.75000
ADP-200010,19651006,11.46939,11.74118,11.46939,11.74118,6209,27.00000
ADP-200010,19651007,12.39347,12.88268,11.84990,12.39347,33805,28.50000
ADP-200010,19651008,12.55654,12.82833,12.28475,12.66526,25526,29.12500
ADP-200010,19651011,12.50218,12.71961,12.28475,12.39347,13108,28.50000
ADP-200010,19651012,12.28475,12.39347,12.17604,12.23040,5749,28.12500
ADP-200010,19651013,12.17604,12.33911,12.06732,12.17604,8049,28.00000
ADP-200010,19651014,12.39347,12.55654,12.23040,12.44783,5060,28.62500
ADP-200010,19651015,12.28475,13.04576,12.28475,13.04576,23226,30.00000
ADP-200010,19651018,13.69804,13.91547,13.42626,13.75240,48982,31.62500
ADP-200010,19651019,13.58933,13.86112,13.31754,13.37190,29205,30.75000
ADP-200010,19651020,13.80676,14.24162,13.31754,14.13290,33805,32.50000
ADP-200010,19651021,14.67648,15.05698,14.35033,14.78519,28056,34.00000
ADP-200010,19651022,14.73083,14.73083,14.07854,14.07854,15868,32.37500
ADP-200010,19651025,14.67648,14.67648,13.91547,13.91547,12878,32.00000
ADP-200010,19651026,14.02419,14.24162,13.75240,14.18726,11498,32.62500
ADP-200010,19651027,13.86112,14.24162,13.48061,13.96983,20007,32.12500
ADP-200010,19651028,13.91547,14.07854,13.69804,13.75240,5749,31.62500
ADP-200010,19651029,13.86112,14.13290,13.86112,14.13290,9889,32.50000
ADP-200010,19651101,14.13290,14.13290,13.75240,13.75240,5749,31.62500
ADP-200010,19651103,13.80676,14.45905,13.80676,14.45905,16098,33.25000
ADP-200010,19651104,14.67648,14.78519,14.56776,14.67648,43233,33.75000
ADP-200010,19651105,14.45905,14.73083,14.13290,14.24162,7129,32.75000
ADP-200010,19651108,13.64369,14.35033,13.64369,14.35033,9429,33.00000
ADP-200010,19651109,14.24162,14.29597,14.13290,14.24162,2990,32.75000
ADP-200010,19651110,14.02419,14.13290,13.91547,13.96983,7129,32.12500
ADP-200010,19651111,13.86112,13.91547,13.80676,13.86112,3680,31.87500
ADP-200010,19651112,14.07854,14.29597,14.07854,14.29597,13338,32.87500
ADP-200010,19651115,14.13290,15.22005,14.13290,15.22005,23686,35.00000
ADP-200010,19651116,15.00262,15.22005,14.83955,15.11133,14028,34.75000
ADP-200010,19651117,14.89390,15.05698,14.78519,14.89390,8739,34.25000
ADP-200010,19651118,14.78519,15.05698,14.56776,14.89390,10349,34.25000
ADP-200010,19651119,15.00262,15.00262,14.73083,14.73083,5749,33.87500
ADP-200010,19651122,14.67648,14.83955,14.45905,14.73083,4370,33.87500
ADP-200010,19651123,14.89390,15.05698,14.67648,15.00262,7359,34.50000
ADP-200010,19651124,15.11133,15.76362,15.11133,15.76362,25756,36.25000
ADP-200010,19651126,16.08976,16.19848,15.92669,16.03541,15408,36.87500
ADP-200010,19651129,15.76362,15.98105,15.54619,15.81798,12878,36.37500
ADP-200010,19651130,15.65491,15.81798,15.54619,15.65491,6209,36.00000
ADP-200010,19651201,15.76362,15.98105,15.54619,15.60055,9199,35.87500
ADP-200010,19651202,15.43748,15.60055,15.32876,15.54619,5749,35.75000
ADP-200010,19651203,15.38312,15.87234,15.38312,15.87234,7359,36.50000
ADP-200010,19651206,15.54619,15.87234,15.27441,15.76362,10119,36.25000
ADP-200010,19651207,16.19848,16.74205,15.65491,16.57898,10809,38.12500
ADP-200010,19651208,16.52462,16.74205,16.30719,16.41591,9659,37.75000
ADP-200010,19651209,16.19848,16.30719,16.08976,16.14412,6439,37.12500
ADP-200010,19651210,16.19848,16.30719,16.08976,16.14412,3910,37.12500
ADP-200010,19651213,16.03541,16.08976,16.03541,16.08976,3910,37.00000
ADP-200010,19651214,15.98105,16.08976,15.92669,15.98105,3680,36.75000
ADP-200010,19651215,15.87234,15.87234,15.11133,15.11133,15178,34.75000
ADP-200010,19651216,15.32876,15.49183,15.16569,15.43748,10809,35.50000
ADP-200010,19651217,15.81798,15.81798,15.32876,15.32876,12188,35.25000
ADP-200010,19651220,15.27441,15.27441,15.11133,15.11133,5290,34.75000
ADP-200010,19651221,15.32876,15.32876,14.67648,14.67648,12878,33.75000
ADP-200010,19651222,14.78519,14.89390,14.67648,14.83955,5290,34.12500
ADP-200010,19651223,14.94826,14.94826,14.78519,14.78519,2760,34.00000
ADP-200010,19651227,14.73083,15.00262,14.73083,15.00262,3450,34.50000
ADP-200010,19651228,14.94826,15.05698,14.83955,15.00262,6209,34.50000
ADP-200010,19651229,14.94826,15.05698,14.83955,14.94826,2300,34.37500
ADP-200010,19651230,15.00262,15.11133,14.94826,15.00262,3910,34.50000
ADP-200010,19651231,15.22005,15.32876,15.05698,15.22005,6209,35.00000
ADP-200010,19660103,15.11133,15.22005,15.00262,15.11133,4830,34.75000
ADP-200010,19660104,15.00262,15.27441,14.73083,14.94826,11269,34.37500
ADP-200010,19660105,14.89390,15.00262,14.73083,14.89390,8739,34.25000
ADP-200010,19660106,14.78519,14.89390,14.67648,14.78519,7589,34.00000
ADP-200010,19660107,14.45905,14.78519,14.13290,14.29597,11498,32.87500
ADP-200010,19660110,14.56776,14.89390,14.56776,14.89390,43923,34.25000
ADP-200010,19660111,15.87234,16.74205,15.00262,16.41591,32885,37.75000
ADP-200010,19660112,16.95948,17.28563,16.63334,16.74205,42083,38.50000
ADP-200010,19660113,17.44870,18.10099,16.79641,17.82920,84856,41.00000
ADP-200010,19660114,17.61177,18.04663,17.17691,17.39434,61400,40.00000
ADP-200010,19660117,17.82920,18.26406,17.44870,17.82920,41623,41.00000
ADP-200010,19660118,17.82920,18.15534,17.50305,17.61177,19317,40.50000
ADP-200010,19660119,17.39434,17.77484,16.95948,17.06820,9889,39.25000
ADP-200010,19660120,17.50305,17.50305,16.95948,16.95948,8969,39.00000
ADP-200010,19660121,16.95948,17.23127,16.74205,17.06820,8509,39.25000
ADP-200010,19660124,17.01384,17.39434,17.01384,17.39434,8509,40.00000
ADP-200010,19660125,17.66613,17.93791,17.39434,17.72048,9429,40.75000
ADP-200010,19660126,17.72048,17.82920,17.61177,17.72048,4600,40.75000
ADP-200010,19660127,17.72048,17.77484,17.61177,17.72048,2300,40.75000
ADP-200010,19660128,17.82920,17.82920,17.61177,17.61177,2300,40.50000
ADP-200010,19660131,17.82920,17.93791,17.66613,17.77484,5979,40.87500
ADP-200010,19660201,17.77484,17.77484,17.01384,17.01384,7819,39.12500
ADP-200010,19660202,16.57898,16.95948,16.19848,16.68770,14718,38.37500
ADP-200010,19660203,17.17691,17.55741,16.85077,17.01384,8969,39.12500
ADP-200010,19660204,16.79641,17.23127,16.79641,17.23127,9659,39.62500
ADP-200010,19660207,17.88356,18.48149,17.28563,18.10099,20007,41.62500
ADP-200010,19660208,18.10099,18.69891,17.50305,18.04663,22537,41.50000
ADP-200010,19660209,18.04663,18.26406,17.82920,17.88356,10809,41.12500
ADP-200010,19660210,18.26406,18.42713,18.04663,18.37277,17937,42.25000
ADP-200010,19660211,18.37277,19.78606,18.37277,19.78606,49442,45.50000
ADP-200010,19660214,20.87321,21.19935,20.54706,20.87321,42543,48.00000
ADP-200010,19660215,21.25371,21.74292,20.76449,21.19935,22077,48.75000
ADP-200010,19660216,22.72136,23.91722,21.52549,23.15621,70138,53.25000
ADP-200010,19660217,24.40643,25.22179,23.59107,25.00436,56111,57.50000
ADP-200010,19660218,25.16743,25.65665,24.67822,25.43922,41623,58.50000
ADP-200010,19660221,25.11308,25.65665,24.56950,25.43922,39094,58.50000
ADP-200010,19660223,27.39608,28.91809,25.87408,27.93966,81176,64.25000
ADP-200010,19660224,27.72223,30.00523,27.72223,30.00523,46912,69.00000
ADP-200010,19660225,29.84216,29.84216,27.72223,27.72223,11269,63.75000
ADP-200010,19660228,25.76536,27.61351,23.91722,25.43922,79797,58.50000
ADP-200010,19660301,27.23301,28.70066,25.76536,27.39608,88535,63.00000
ADP-200010,19660302,27.66787,28.59194,26.74380,27.12430,54731,62.37500
ADP-200010,19660303,28.48323,29.51602,27.50480,29.13552,44613,67.00000
ADP-200010,19660304,29.02680,29.73345,28.26580,28.59194,21617,65.75000
ADP-200010,19660307,27.83094,28.26580,27.39608,27.50480,22537,63.25000
ADP-200010,19660308,26.96122,27.39608,26.52637,26.85251,26906,61.75000
ADP-200010,19660309,26.96122,28.80937,26.96122,28.80937,22077,66.25000
ADP-200010,19660310,29.40730,30.44009,28.37451,29.35295,57720,67.50000
ADP-200010,19660311,30.00523,30.65752,29.35295,29.84216,39554,68.62500
ADP-200010,19660314,30.27702,30.27702,28.26580,28.26580,27366,65.00000
ADP-200010,19660315,27.28737,28.37451,26.14587,28.26580,49902,65.00000
ADP-200010,19660316,29.18987,30.54881,27.83094,30.00523,42543,69.00000
ADP-200010,19660317,29.62473,30.11395,29.13552,29.73345,28286,68.37500
ADP-200010,19660318,29.40730,29.89652,28.91809,29.08116,6439,66.87500
ADP-200010,19660321,29.24423,29.24423,28.32016,28.32016,15868,65.12500
ADP-200010,19660322,28.15708,28.64630,27.61351,28.26580,10579,65.00000
ADP-200010,19660323,27.93966,27.93966,27.06994,27.06994,5749,62.25000
ADP-200010,19660324,27.66787,27.99401,27.34173,27.50480,8279,63.25000
ADP-200010,19660325,27.88530,28.26580,27.50480,28.04837,9659,64.50000
ADP-200010,19660328,28.70066,28.70066,28.04837,28.04837,8969,64.50000
ADP-200010,19660329,27.83094,28.32016,27.28737,27.45044,5290,63.12500
ADP-200010,19660330,27.39608,27.72223,27.06994,27.17865,6439,62.50000
ADP-200010,19660331,26.85251,27.93966,26.85251,27.93966,10349,64.25000
ADP-200010,19660401,27.17865,27.77658,26.63508,26.68944,13338,61.37500
ADP-200010,19660404,25.33051,26.25458,24.35207,25.76536,31505,59.25000
ADP-200010,19660405,24.84129,25.87408,23.80850,24.73258,30355,56.87500
ADP-200010,19660406,24.29772,25.00436,23.59107,24.56950,21847,56.50000
ADP-200010,19660407,24.24336,25.65665,24.24336,25.65665,10579,59.00000
ADP-200010,19660411,26.03715,26.03715,25.11308,25.11308,7589,57.75000
ADP-200010,19660412,25.33051,25.33051,23.37364,23.37364,5979,53.75000
ADP-200010,19660413,23.91722,24.51515,23.37364,23.59107,20697,54.25000
ADP-200010,19660414,24.35207,25.33051,23.37364,24.46079,28516,56.25000
ADP-200010,19660415,25.65665,25.65665,24.35207,24.35207,11728,56.00000
ADP-200010,19660418,24.56950,24.73258,24.46079,24.67822,4600,56.75000
ADP-200010,19660419,25.16743,25.38486,24.95001,25.27615,9429,58.12500
ADP-200010,19660420,25.22179,25.22179,24.56950,24.56950,9199,56.50000
ADP-200010,19660421,24.95001,25.11308,24.78693,24.89565,3450,57.25000
ADP-200010,19660422,24.24336,25.00436,24.24336,25.00436,5290,57.50000
ADP-200010,19660425,24.78693,25.00436,24.56950,24.67822,3450,56.75000
ADP-200010,19660426,24.51515,24.67822,24.35207,24.46079,2990,56.25000
ADP-200010,19660427,24.13464,24.67822,23.64543,23.69979,6439,54.50000
ADP-200010,19660428,23.10186,23.48236,22.72136,23.15621,10579,53.25000
ADP-200010,19660429,22.17778,22.83007,21.52549,22.50393,28516,51.75000
ADP-200010,19660502,22.99314,23.26493,22.72136,23.15621,7129,53.25000
ADP-200010,19660503,23.15621,23.15621,22.39521,22.39521,2530,51.50000
ADP-200010,19660504,21.63421,22.17778,21.14499,21.96035,7819,50.50000
ADP-200010,19660505,21.19935,22.06907,20.38399,20.43835,11039,47.00000
ADP-200010,19660506,19.89478,21.30807,19.89478,21.30807,22307,49.00000
ADP-200010,19660509,20.98192,21.74292,20.22092,20.43835,11498,47.00000
ADP-200010,19660510,21.52549,21.52549,20.65578,20.65578,6899,47.50000
ADP-200010,19660511,22.61264,24.35207,20.87321,22.61264,45992,52.00000
ADP-200010,19660512,22.50393,23.37364,21.63421,21.74292,16558,50.00000
ADP-200010,19660513,21.03628,21.41678,20.65578,20.87321,6899,48.00000
ADP-200010,19660516,20.76449,21.30807,20.22092,20.32963,6439,46.75000
ADP-200010,19660517,20.32963,20.65578,20.00349,20.32963,2990,46.75000
ADP-200010,19660518,20.32963,20.87321,19.78606,20.76449,9889,47.75000
ADP-200010,19660519,20.87321,20.87321,20.22092,20.22092,5979,46.50000
ADP-200010,19660520,20.00349,20.22092,19.73170,20.00349,7129,46.00000
ADP-200010,19660523,24.78693,24.78693,24.78693,24.78693,22077,57.00000
ADP-200010,19660524,25.00436,25.00436,23.26493,23.26493,42083,53.50000
ADP-200010,19660525,23.64543,24.13464,23.15621,23.80850,22537,54.75000
ADP-200010,19660526,22.93878,23.69979,22.23214,22.34085,19087,51.37500
ADP-200010,19660527,22.17778,22.61264,22.17778,22.61264,4140,52.00000
ADP-200010,19660531,22.77571,22.77571,21.85164,21.85164,3450,50.25000
ADP-200010,19660601,21.96035,21.96035,21.52549,21.52549,2990,49.50000
ADP-200010,19660602,21.96035,22.50393,21.41678,22.28650,4830,51.25000
ADP-200010,19660603,22.83007,22.83007,22.39521,22.39521,4370,51.50000
ADP-200010,19660606,22.61264,22.61264,22.39521,22.39521,1610,51.50000
ADP-200010,19660607,22.50393,22.50393,21.41678,21.41678,3220,49.25000
ADP-200010,19660608,21.19935,22.06907,21.19935,22.06907,1380,50.75000
ADP-200010,19660609,21.85164,21.85164,21.74292,21.74292,1610,50.00000
ADP-200010,19660610,21.85164,22.93878,21.85164,22.93878,8969,52.75000
ADP-200010,19660613,22.93878,23.64543,22.93878,23.64543,7359,54.37500
ADP-200010,19660614,23.80850,24.08029,23.48236,23.80850,4370,54.75000
ADP-200010,19660615,24.13464,24.35207,23.91722,24.24336,8509,55.75000
ADP-200010,19660616,24.02593,24.24336,23.86286,24.02593,3220,55.25000
ADP-200010,19660617,24.13464,24.13464,20.32963,20.32963,25526,46.75000
ADP-200010,19660620,21.19935,21.19935,20.65578,20.65578,9199,47.50000
ADP-200010,19660621,20.65578,21.03628,20.32963,20.49271,7359,47.12500
ADP-200010,19660622,19.84042,20.11220,19.56863,19.62299,11958,45.12500
ADP-200010,19660623,19.78606,19.78606,18.48149,18.48149,10119,42.50000
ADP-200010,19660624,18.37277,19.13377,18.37277,19.13377,8969,44.00000
ADP-200010,19660627,19.45992,19.45992,19.13377,19.13377,5060,44.00000
ADP-200010,19660628,18.59020,18.80763,18.37277,18.42713,4830,42.37500
ADP-200010,19660629,18.15534,18.42713,17.82920,18.15534,9659,41.75000
ADP-200010,19660630,18.37277,18.91634,17.82920,18.15534,6439,41.75000
ADP-200010,19660701,18.37277,18.59020,18.15534,18.37277,13798,42.25000
ADP-200010,19660705,18.69891,18.69891,18.59020,18.59020,1150,42.75000
ADP-200010,19660706,18.53584,18.69891,18.37277,18.42713,8049,42.37500
ADP-200010,19660707,18.26406,18.42713,18.04663,18.20970,9199,41.87500
ADP-200010,19660708,18.37277,18.37277,18.15534,18.15534,4370,41.75000
ADP-200010,19660711,18.15534,18.26406,18.10099,18.20970,1840,41.87500
ADP-200010,19660712,18.15534,18.15534,17.82920,17.82920,2990,41.00000
ADP-200010,19660713,17.82920,18.04663,17.66613,17.93791,11498,41.25000
ADP-200010,19660714,18.59020,19.13377,18.04663,18.97070,13108,43.62500
ADP-200010,19660715,18.80763,19.13377,18.53584,18.69891,4370,43.00000
ADP-200010,19660718,18.59020,18.59020,18.42713,18.42713,1610,42.37500
ADP-200010,19660719,18.59020,18.59020,17.77484,17.77484,6669,40.87500
ADP-200010,19660720,17.50305,17.77484,17.28563,17.50305,5749,40.25000
ADP-200010,19660721,17.72048,17.72048,17.39434,17.39434,2760,40.00000
ADP-200010,19660722,17.66613,17.66613,17.39434,17.39434,5060,40.00000
ADP-200010,19660725,17.55741,17.55741,16.95948,16.95948,1840,39.00000
ADP-200010,19660726,16.95948,17.39434,16.52462,17.06820,7129,39.25000
ADP-200010,19660727,17.28563,17.28563,17.06820,17.06820,2300,39.25000
ADP-200010,19660728,17.28563,17.28563,15.98105,15.98105,5060,36.75000
ADP-200010,19660729,16.03541,16.41591,16.03541,16.41591,5290,37.75000
ADP-200010,19660801,16.36155,16.63334,16.08976,16.36155,3910,37.62500
ADP-200010,19660802,16.30719,16.30719,15.65491,15.65491,5060,36.00000
ADP-200010,19660803,15.98105,16.08976,15.81798,15.92669,2530,36.62500
ADP-200010,19660804,16.41591,16.74205,16.08976,16.19848,6899,37.25000
ADP-200010,19660805,16.52462,16.52462,16.30719,16.30719,1380,37.50000
ADP-200010,19660808,16.25284,16.41591,16.08976,16.30719,2760,37.50000
ADP-200010,19660809,16.95948,17.39434,16.47027,17.17691,3910,39.50000
ADP-200010,19660810,17.93791,18.69891,17.17691,18.15534,22307,41.75000
ADP-200010,19660811,18.42713,18.42713,17.82920,17.82920,9889,41.00000
ADP-200010,19660812,17.82920,17.99227,17.72048,17.82920,5749,41.00000
ADP-200010,19660815,17.99227,17.99227,17.44870,17.44870,5060,40.12500
ADP-200010,19660816,17.28563,18.15534,17.28563,18.15534,7129,41.75000
ADP-200010,19660817,17.82920,18.15534,17.82920,18.15534,5979,41.75000
ADP-200010,19660818,17.72048,18.04663,17.39434,17.50305,8739,40.25000
ADP-200010,19660819,17.55741,17.55741,17.01384,17.01384,3680,39.12500
ADP-200010,19660822,16.74205,16.95948,16.52462,16.74205,4140,38.50000
ADP-200010,19660823,16.52462,16.74205,16.52462,16.74205,5749,38.50000
ADP-200010,19660824,16.85077,16.85077,16.52462,16.52462,3910,38.00000
ADP-200010,19660825,16.52462,16.52462,15.65491,15.65491,9889,36.00000
ADP-200010,19660826,15.43748,15.43748,14.45905,14.45905,6209,33.25000
ADP-200010,19660829,13.91547,13.91547,12.82833,12.82833,12418,29.50000
ADP-200010,19660830,12.66526,13.26319,12.06732,12.66526,22307,29.12500
ADP-200010,19660831,13.48061,13.48061,12.99140,12.99140,9429,29.87500
ADP-200010,19660901,13.80676,14.29597,13.26319,14.24162,11269,32.75000
ADP-200010,19660902,13.80676,14.18726,13.42626,13.75240,9889,31.62500
ADP-200010,19660906,13.58933,13.58933,13.26319,13.26319,3910,30.50000
ADP-200010,19660907,12.82833,13.20883,12.50218,12.82833,10119,29.50000
ADP-200010,19660908,12.39347,12.82833,12.39347,12.82833,5060,29.50000
ADP-200010,19660909,12.93704,13.20883,12.61090,13.04576,5749,30.00000
ADP-200010,19660912,13.15447,14.56776,13.15447,14.56776,11958,33.50000
ADP-200010,19660913,15.05698,15.22005,14.89390,15.00262,5979,34.50000
ADP-200010,19660914,14.62212,14.89390,14.35033,14.45905,3910,33.25000
ADP-200010,19660915,14.29597,14.67648,13.91547,14.02419,5749,32.25000
ADP-200010,19660916,14.24162,14.40469,14.02419,14.13290,3680,32.50000
ADP-200010,19660919,14.13290,14.13290,13.91547,13.91547,1610,32.00000
ADP-200010,19660920,13.37190,13.69804,13.10011,13.15447,2990,30.25000
ADP-200010,19660921,13.37190,13.37190,13.04576,13.04576,6439,30.00000
ADP-200010,19660922,13.04576,13.15447,12.88268,13.04576,4140,30.00000
ADP-200010,19660923,13.15447,14.07854,13.15447,14.07854,3220,32.37500
ADP-200010,19660926,14.83955,15.43748,14.24162,15.32876,8739,35.25000
ADP-200010,19660927,16.08976,16.08976,15.32876,15.32876,10579,35.25000
ADP-200010,19660928,14.78519,15.54619,14.02419,14.67648,11728,33.75000
ADP-200010,19660929,14.56776,14.56776,13.58933,13.58933,5749,31.25000
ADP-200010,19660930,13.26319,14.13290,13.26319,14.13290,4830,32.50000
ADP-200010,19661003,13.96983,14.67648,13.26319,13.37190,11269,30.75000
ADP-200010,19661004,13.26319,14.02419,13.26319,14.02419,2990,32.25000
ADP-200010,19661005,14.07854,14.45905,13.69804,14.35033,4370,33.00000
ADP-200010,19661006,14.07854,14.07854,13.26319,13.26319,7589,30.50000
ADP-200010,19661007,12.93704,13.10011,12.82833,12.88268,4830,29.62500
ADP-200010,19661010,13.20883,13.58933,12.82833,13.48061,8049,31.00000
ADP-200010,19661011,14.02419,14.02419,13.26319,13.26319,9429,30.50000
ADP-200010,19661012,13.31754,13.69804,12.93704,13.58933,2530,31.25000
ADP-200010,19661013,14.24162,14.24162,13.15447,13.15447,6209,30.25000
ADP-200010,19661014,13.15447,13.15447,12.93704,12.93704,2070,29.75000
ADP-200010,19661017,13.04576,13.20883,13.04576,13.20883,1150,30.37500
ADP-200010,19661018,13.15447,13.48061,12.88268,13.15447,7819,30.25000
ADP-200010,19661019,13.15447,13.15447,13.15447,13.15447,920,30.25000
ADP-200010,19661020,13.15447,13.48061,13.15447,13.48061,7129,31.00000
ADP-200010,19661021,13.58933,14.78519,13.58933,14.78519,16558,34.00000
ADP-200010,19661024,15.49183,15.49183,13.80676,13.80676,16328,31.75000
ADP-200010,19661025,13.48061,13.80676,13.15447,13.37190,6209,30.75000
ADP-200010,19661026,13.53497,13.80676,13.26319,13.58933,8509,31.25000
ADP-200010,19661027,13.37190,13.75240,13.37190,13.75240,6209,31.62500
ADP-200010,19661028,13.80676,13.80676,13.48061,13.48061,3450,31.00000
ADP-200010,19661031,13.10011,13.58933,13.10011,13.58933,3680,31.25000
ADP-200010,19661101,13.42626,13.42626,13.10011,13.10011,2070,30.12500
ADP-200010,19661102,13.04576,13.20883,12.82833,12.93704,10119,29.75000
ADP-200010,19661103,12.99140,12.99140,12.61090,12.61090,4600,29.00000
ADP-200010,19661104,11.68682,12.28475,11.08889,11.57811,42773,26.62500
ADP-200010,19661107,11.74118,11.95861,11.46939,11.74118,11728,27.00000
ADP-200010,19661109,11.95861,12.12168,11.84990,11.95861,10349,27.50000
ADP-200010,19661110,11.95861,12.28475,11.95861,12.28475,14718,28.25000
ADP-200010,19661111,12.93704,13.31754,12.50218,13.26319,20467,30.50000
ADP-200010,19661114,13.69804,13.69804,13.15447,13.15447,19087,30.25000
ADP-200010,19661115,12.82833,13.20883,12.50218,13.10011,6899,30.12500
ADP-200010,19661116,13.04576,13.37190,13.04576,13.37190,8049,30.75000
ADP-200010,19661117,12.99140,13.37190,12.61090,12.71961,8969,29.25000
ADP-200010,19661118,12.61090,12.82833,12.61090,12.82833,4370,29.50000
ADP-200010,19661121,12.71961,12.71961,12.50218,12.50218,2760,28.75000
ADP-200010,19661122,12.17604,12.39347,11.95861,12.17604,5290,28.00000
ADP-200010,19661123,12.17604,12.17604,11.95861,11.95861,2760,27.50000
ADP-200010,19661125,12.71961,13.37190,12.06732,12.93704,14258,29.75000
ADP-200010,19661128,13.15447,13.53497,12.77397,13.15447,14028,30.25000
ADP-200010,19661129,12.99140,12.99140,12.44783,12.44783,4830,28.62500
ADP-200010,19661130,12.39347,12.82833,12.39347,12.82833,8279,29.50000
ADP-200010,19661201,13.04576,13.26319,12.88268,12.99140,14258,29.87500
ADP-200010,19661202,12.82833,12.82833,12.50218,12.50218,5979,28.75000
ADP-200010,19661205,12.66526,12.66526,12.39347,12.39347,2990,28.50000
ADP-200010,19661206,12.39347,12.55654,12.17604,12.28475,7359,28.25000
ADP-200010,19661207,12.61090,13.04576,12.17604,12.99140,15638,29.87500
ADP-200010,19661208,13.26319,13.26319,12.66526,12.66526,15178,29.12500
ADP-200010,19661209,12.50218,12.93704,12.50218,12.93704,5060,29.75000
ADP-200010,19661212,13.53497,13.53497,13.20883,13.20883,16558,30.37500
ADP-200010,19661213,13.15447,13.48061,12.82833,12.93704,17937,29.75000
ADP-200010,19661214,12.99140,13.37190,12.99140,13.37190,9199,30.75000
ADP-200010,19661215,13.10011,13.37190,12.82833,12.88268,6669,29.62500
ADP-200010,19661216,12.61090,12.82833,12.39347,12.61090,17477,29.00000
ADP-200010,19661219,12.61090,12.61090,11.84990,11.84990,13568,27.25000
ADP-200010,19661220,12.06732,12.50218,12.06732,12.50218,10349,28.75000
ADP-200010,19661221,12.50218,12.82833,12.23040,12.71961,18857,29.25000
ADP-200010,19661222,12.61090,12.82833,12.44783,12.61090,7819,29.00000
ADP-200010,19661223,12.61090,12.71961,12.50218,12.61090,6439,29.00000
ADP-200010,19661227,12.23040,12.50218,12.23040,12.50218,34035,28.75000
ADP-200010,19661228,12.50218,12.50218,11.95861,11.95861,10349,27.50000
ADP-200010,19661229,11.95861,12.17604,11.79554,12.01297,14258,27.62500
ADP-200010,19661230,11.95861,12.12168,11.74118,11.84990,27366,27.25000
ADP-200010,19670103,12.28475,12.28475,11.95861,11.95861,4600,27.50000
ADP-200010,19670104,11.74118,11.90425,11.52375,11.84990,6899,27.25000
ADP-200010,19670105,12.12168,12.28475,11.95861,12.23040,6209,28.12500
ADP-200010,19670106,12.39347,12.39347,12.01297,12.01297,3910,27.62500
ADP-200010,19670109,12.17604,12.33911,12.01297,12.17604,10119,28.00000
ADP-200010,19670110,12.17604,12.39347,12.17604,12.39347,11958,28.50000
ADP-200010,19670111,13.26319,14.35033,12.17604,14.13290,69448,32.50000
ADP-200010,19670112,14.13290,14.67648,13.58933,13.96983,42543,32.12500
ADP-200010,19670113,13.91547,14.13290,13.64369,13.69804,15408,31.50000
ADP-200010,19670116,14.56776,15.00262,14.13290,14.89390,57490,34.25000
ADP-200010,19670117,15.65491,15.98105,15.32876,15.70926,68988,36.12500
ADP-200010,19670118,15.38312,15.70926,15.05698,15.38312,21157,35.37500
ADP-200010,19670119,15.43748,17.06820,15.43748,17.06820,56571,39.25000
ADP-200010,19670120,16.95948,17.39434,16.57898,17.06820,54271,39.25000
ADP-200010,19670123,16.74205,17.17691,16.36155,16.79641,23916,38.62500
ADP-200010,19670124,16.52462,17.28563,15.70926,17.23127,32425,39.62500
ADP-200010,19670125,17.39434,18.48149,17.39434,18.48149,89455,42.50000
ADP-200010,19670126,18.59020,19.29685,17.93791,18.53584,54271,42.62500
ADP-200010,19670127,19.02506,19.35120,18.75327,18.97070,30125,43.62500
ADP-200010,19670130,19.02506,19.40556,18.69891,19.07942,44613,43.87500
ADP-200010,19670131,19.24249,19.24249,18.26406,18.26406,22537,42.00000
ADP-200010,19670201,17.06820,18.37277,17.06820,18.37277,35414,42.25000
ADP-200010,19670202,18.48149,19.13377,18.48149,19.13377,14948,44.00000
ADP-200010,19670203,19.51428,19.73170,19.29685,19.35120,36794,44.50000
ADP-200010,19670206,18.80763,19.24249,18.37277,18.48149,12418,42.50000
ADP-200010,19670207,17.99227,18.31841,17.99227,18.31841,5290,42.12500
ADP-200010,19670208,18.91634,19.35120,18.48149,19.07942,12878,43.87500
ADP-200010,19670209,19.35120,19.35120,18.26406,18.26406,45303,42.00000
ADP-200010,19670210,17.88356,18.37277,17.39434,18.04663,46452,41.50000
ADP-200010,19670213,17.82920,18.10099,17.61177,17.72048,8279,40.75000
ADP-200010,19670214,18.20970,18.59020,17.82920,18.48149,22077,42.50000
ADP-200010,19670215,18.59020,18.86199,18.26406,18.37277,61860,42.25000
ADP-200010,19670216,18.59020,18.59020,17.99227,17.99227,5979,41.37500
ADP-200010,19670217,18.37277,18.53584,18.20970,18.31841,8739,42.12500
ADP-200010,19670220,18.31841,18.59020,18.04663,18.26406,9659,42.00000
ADP-200010,19670221,18.91634,19.40556,18.42713,18.80763,22537,43.25000
ADP-200010,19670223,19.02506,19.02506,18.10099,18.10099,34265,41.62500
ADP-200010,19670224,18.15534,18.37277,17.93791,18.04663,7359,41.50000
ADP-200010,19670227,17.82920,17.82920,17.06820,17.06820,16558,39.25000
ADP-200010,19670228,17.06820,17.33998,16.74205,17.23127,17937,39.62500
ADP-200010,19670301,17.44870,17.72048,17.17691,17.23127,12188,39.62500
ADP-200010,19670302,17.39434,17.39434,16.52462,16.52462,22767,38.00000
ADP-200010,19670303,16.68770,16.85077,16.52462,16.79641,9429,38.62500
ADP-200010,19670306,16.52462,16.90512,16.52462,16.90512,11498,38.87500
ADP-200010,19670307,16.52462,16.85077,16.19848,16.41591,14488,37.75000
ADP-200010,19670308,16.30719,16.30719,15.87234,15.87234,17937,36.50000
ADP-200010,19670309,16.14412,16.95948,15.32876,16.74205,33805,38.50000
ADP-200010,19670310,17.06820,17.33998,16.74205,17.06820,175920,39.25000
ADP-200010,19670313,17.12255,17.12255,16.85077,16.85077,14028,38.75000
ADP-200010,19670314,16.74205,16.74205,16.52462,16.52462,5749,38.00000
ADP-200010,19670315,16.74205,16.95948,16.57898,16.79641,3910,38.62500
ADP-200010,19670316,16.95948,16.95948,16.41591,16.41591,6439,37.75000
ADP-200010,19670317,16.30719,16.52462,16.14412,16.19848,5979,37.25000
ADP-200010,19670320,16.52462,16.74205,16.30719,16.52462,4370,38.00000
ADP-200010,19670321,15.98105,16.47027,15.43748,15.60055,12648,35.87500
ADP-200010,19670322,16.08976,16.30719,15.81798,15.92669,11498,36.62500
ADP-200010,19670323,16.08976,16.25284,15.87234,15.98105,5520,36.75000
ADP-200010,19670327,16.85077,17.28563,16.41591,17.01384,15178,39.12500
ADP-200010,19670328,17.82920,18.26406,17.39434,17.88356,27826,41.12500
ADP-200010,19670329,17.93791,17.93791,17.55741,17.55741,9429,40.37500
ADP-200010,19670330,17.39434,17.39434,17.06820,17.06820,7819,39.25000
ADP-200010,19670331,16.90512,17.17691,16.63334,16.85077,3450,38.75000
ADP-200010,19670403,17.06820,17.28563,16.85077,17.06820,6209,39.25000
ADP-200010,19670404,16.85077,16.85077,16.74205,16.74205,6209,38.50000
ADP-200010,19670405,16.52462,16.68770,16.30719,16.36155,12188,37.62500
ADP-200010,19670406,16.74205,17.06820,16.36155,16.74205,8969,38.50000
ADP-200010,19670407,17.06820,17.06820,16.63334,16.63334,2760,38.25000
ADP-200010,19670410,16.52462,16.52462,15.87234,15.87234,11498,36.50000
ADP-200010,19670411,15.54619,16.08976,15.54619,16.08976,7359,37.00000
ADP-200010,19670412,16.30719,16.30719,15.43748,15.43748,18397,35.50000
ADP-200010,19670413,15.76362,15.98105,15.54619,15.81798,5520,36.37500
ADP-200010,19670414,15.98105,15.98105,15.65491,15.65491,4830,36.00000
ADP-200010,19670417,15.98105,15.98105,15.70926,15.70926,5749,36.12500
ADP-200010,19670418,15.98105,16.08976,15.87234,15.92669,7359,36.62500
ADP-200010,19670419,16.03541,16.03541,15.70926,15.70926,5979,36.12500
ADP-200010,19670420,15.60055,15.98105,15.60055,15.98105,4370,36.75000
ADP-200010,19670421,16.08976,16.36155,16.08976,16.36155,13798,37.62500
ADP-200010,19670424,16.08976,16.36155,15.87234,15.98105,9199,36.75000
ADP-200010,19670425,16.03541,16.30719,15.76362,16.14412,6209,37.12500
ADP-200010,19670426,16.52462,16.85077,16.19848,16.74205,25986,38.50000
ADP-200010,19670427,17.01384,17.39434,16.63334,17.33998,10809,39.87500
ADP-200010,19670428,16.79641,17.17691,16.41591,16.68770,17937,38.37500
ADP-200010,19670501,16.74205,17.06820,16.41591,16.74205,11498,38.50000
ADP-200010,19670502,16.95948,17.06820,16.85077,16.95948,6669,39.00000
ADP-200010,19670503,16.74205,17.01384,16.41591,16.90512,12418,38.87500
ADP-200010,19670504,16.95948,16.95948,16.63334,16.63334,7589,38.25000
ADP-200010,19670505,16.25284,16.52462,15.98105,16.08976,7129,37.00000
ADP-200010,19670508,16.14412,16.14412,15.54619,15.54619,7359,35.75000
ADP-200010,19670509,15.76362,15.76362,15.32876,15.32876,10119,35.25000
ADP-200010,19670510,15.22005,15.65491,15.22005,15.65491,13568,36.00000
ADP-200010,19670511,16.08976,16.30719,15.81798,16.03541,5749,36.87500
ADP-200010,19670512,16.41591,16.85077,15.98105,16.47027,16558,37.87500
ADP-200010,19670515,16.52462,16.63334,16.36155,16.52462,3220,38.00000
ADP-200010,19670516,16.57898,16.57898,15.87234,15.87234,5749,36.50000
ADP-200010,19670517,15.76362,16.08976,15.76362,16.08976,1150,37.00000
ADP-200010,19670518,15.98105,16.19848,15.98105,16.19848,1150,37.25000
ADP-200010,19670519,15.76362,16.08976,15.76362,16.08976,3680,37.00000
ADP-200010,19670522,15.92669,16.08976,15.76362,15.98105,6899,36.75000
ADP-200010,19670523,16.41591,16.41591,16.03541,16.03541,4600,36.87500
ADP-200010,19670524,15.87234,15.87234,15.54619,15.54619,4370,35.75000
ADP-200010,19670525,15.81798,15.81798,15.54619,15.54619,4600,35.75000
ADP-200010,19670526,15.65491,15.76362,15.54619,15.65491,3910,36.00000
ADP-200010,19670529,16.08976,16.30719,15.81798,15.98105,13568,36.75000
ADP-200010,19670531,15.98105,15.98105,15.43748,15.43748,8969,35.50000
ADP-200010,19670601,15.49183,15.60055,15.38312,15.54619,4830,35.75000
ADP-200010,19670602,15.32876,15.43748,15.32876,15.43748,3680,35.50000
ADP-200010,19670605,15.00262,15.38312,14.67648,15.22005,18857,35.00000
ADP-200010,19670606,15.11133,15.65491,15.11133,15.65491,10579,36.00000
ADP-200010,19670607,15.54619,15.81798,15.27441,15.43748,4370,35.50000
ADP-200010,19670608,16.25284,16.95948,15.54619,16.79641,22767,38.62500
ADP-200010,19670609,17.06820,17.06820,16.36155,16.36155,11958,37.62500
ADP-200010,19670612,16.47027,16.47027,16.30719,16.30719,5520,37.50000
ADP-200010,19670613,16.25284,16.52462,15.98105,16.08976,5290,37.00000
ADP-200010,19670614,16.41591,17.17691,16.41591,17.17691,20007,39.50000
ADP-200010,19670615,17.17691,17.72048,17.17691,17.72048,34265,40.75000
ADP-200010,19670616,18.10099,18.10099,17.50305,17.50305,29895,40.25000
ADP-200010,19670619,17.28563,18.20970,17.28563,18.20970,16328,41.87500
ADP-200010,19670620,18.48149,18.91634,17.99227,18.48149,40473,42.50000
ADP-200010,19670621,18.64456,19.02506,18.26406,18.37277,19087,42.25000
ADP-200010,19670622,17.93791,18.59020,17.28563,17.44870,22537,40.12500
ADP-200010,19670623,17.50305,17.72048,17.28563,17.50305,6669,40.25000
ADP-200010,19670626,17.01384,17.39434,16.63334,16.74205,6209,38.50000
ADP-200010,19670627,16.30719,16.68770,16.30719,16.68770,5290,38.37500
ADP-200010,19670628,17.01384,17.50305,16.52462,17.23127,6439,39.62500
ADP-200010,19670629,17.66613,17.66613,16.74205,16.74205,7819,38.50000
ADP-200010,19670630,16.74205,16.85077,16.63334,16.74205,3220,38.50000
ADP-200010,19670703,16.85077,16.95948,16.74205,16.85077,3680,38.75000
ADP-200010,19670705,16.85077,17.39434,16.85077,17.39434,5060,40.00000
ADP-200010,19670706,17.55741,17.55741,16.95948,16.95948,4370,39.00000
ADP-200010,19670707,17.17691,17.17691,16.74205,16.74205,6209,38.50000
ADP-200010,19670710,16.95948,17.01384,16.85077,16.90512,7359,38.87500
ADP-200010,19670711,16.63334,16.90512,16.36155,16.52462,6669,38.00000
ADP-200010,19670712,16.47027,16.63334,16.30719,16.52462,6899,38.00000
ADP-200010,19670713,16.90512,16.90512,16.30719,16.30719,12418,37.50000
ADP-200010,19670714,16.57898,16.57898,16.30719,16.30719,2760,37.50000
ADP-200010,19670717,16.30719,16.47027,16.08976,16.19848,6899,37.25000
ADP-200010,19670718,17.28563,18.15534,16.36155,17.50305,46682,40.25000
ADP-200010,19670719,17.82920,17.99227,17.61177,17.72048,22307,40.75000
ADP-200010,19670720,17.50305,17.82920,17.50305,17.82920,13568,41.00000
ADP-200010,19670721,17.72048,17.93791,17.55741,17.61177,6899,40.50000
ADP-200010,19670724,17.50305,17.82920,17.17691,17.33998,6439,39.87500
ADP-200010,19670725,17.28563,17.28563,16.95948,16.95948,2070,39.00000
ADP-200010,19670726,16.95948,17.17691,16.79641,17.01384,2530,39.12500
ADP-200010,19670727,17.06820,17.93791,17.06820,17.93791,15408,41.25000
ADP-200010,19670728,18.37277,18.37277,17.93791,17.93791,17477,41.25000
ADP-200010,19670731,17.82920,18.91634,17.82920,18.91634,31045,43.50000
ADP-200010,19670801,18.69891,19.51428,18.69891,19.51428,40933,44.87500
ADP-200010,19670802,19.84042,19.84042,19.24249,19.24249,36104,44.25000
ADP-200010,19670803,18.04663,20.81885,18.04663,20.81885,75197,47.87500
ADP-200010,19670804,20.81885,21.52549,20.11220,21.47114,67149,49.37500
ADP-200010,19670807,21.57985,21.57985,20.43835,20.43835,16788,47.00000
ADP-200010,19670808,21.41678,21.74292,21.09064,21.30807,86695,49.00000
ADP-200010,19670809,20.98192,21.30807,20.65578,20.87321,26216,48.00000
ADP-200010,19670810,20.65578,21.19935,20.65578,21.19935,29665,48.75000
ADP-200010,19670811,21.47114,22.99314,21.47114,22.99314,58180,52.87500
ADP-200010,19670814,23.04750,23.42800,22.72136,22.93878,43463,52.75000
ADP-200010,19670815,22.50393,22.93878,22.06907,22.61264,24376,52.00000
ADP-200010,19670816,22.06907,22.61264,21.52549,22.12343,14028,50.87500
ADP-200010,19670817,22.39521,23.48236,22.39521,23.48236,40473,54.00000
ADP-200010,19670818,24.46079,24.95001,24.02593,24.78693,53811,57.00000
ADP-200010,19670821,24.13464,24.78693,23.48236,24.35207,17247,56.00000
ADP-200010,19670822,24.02593,24.24336,23.75414,23.80850,7129,54.75000
ADP-200010,19670823,24.46079,24.95001,24.02593,24.84129,29895,57.12500
ADP-200010,19670824,24.40643,24.89565,23.91722,24.18900,19087,55.62500
ADP-200010,19670825,23.59107,24.56950,23.59107,24.56950,18397,56.50000
ADP-200010,19670828,24.40643,24.56950,24.24336,24.29772,5979,55.87500
ADP-200010,19670829,23.80850,23.91722,23.69979,23.75414,3910,54.62500
ADP-200010,19670830,23.37364,23.75414,23.04750,23.64543,17247,54.37500
ADP-200010,19670831,23.59107,23.86286,23.59107,23.86286,5749,54.87500
ADP-200010,19670901,23.91722,24.13464,23.69979,23.80850,5520,54.75000
ADP-200010,19670905,23.86286,23.97157,23.75414,23.91722,7359,55.00000
ADP-200010,19670906,24.29772,24.62386,23.97157,24.08029,13798,55.37500
ADP-200010,19670907,24.24336,24.24336,24.08029,24.08029,4370,55.37500
ADP-200010,19670908,24.56950,24.89565,24.24336,24.78693,81406,57.00000
ADP-200010,19670911,25.38486,25.76536,25.00436,25.54793,25296,58.75000
ADP-200010,19670912,25.87408,25.87408,25.60229,25.60229,16788,58.87500
ADP-200010,19670913,25.87408,26.14587,25.60229,25.98279,13568,59.75000
ADP-200010,19670914,26.25458,26.25458,25.65665,25.65665,8279,59.00000
ADP-200010,19670915,25.54793,25.87408,25.54793,25.87408,9199,59.50000
ADP-200010,19670918,25.87408,26.25458,25.54793,25.65665,20007,59.00000
ADP-200010,19670919,25.54793,25.76536,25.33051,25.38486,19317,58.37500
ADP-200010,19670920,25.22179,25.33051,25.05872,25.22179,10349,58.00000
ADP-200010,19670921,25.22179,25.27615,25.11308,25.22179,14718,58.00000
ADP-200010,19670922,25.43922,25.65665,25.16743,25.33051,13108,58.25000
ADP-200010,19670925,25.33051,25.33051,25.22179,25.22179,6669,58.00000
ADP-200010,19670926,24.89565,25.33051,24.46079,24.56950,10349,56.50000
ADP-200010,19670927,24.35207,24.51515,24.13464,24.35207,13108,56.00000
ADP-200010,19670928,24.56950,24.56950,23.91722,23.91722,26906,55.00000
ADP-200010,19670929,24.24336,25.11308,23.37364,24.84129,32195,57.12500
ADP-200010,19671002,24.73258,24.73258,24.18900,24.18900,5520,55.62500
ADP-200010,19671003,24.18900,24.35207,24.02593,24.24336,4830,55.75000
ADP-200010,19671004,24.35207,24.35207,23.75414,23.75414,5979,54.62500
ADP-200010,19671005,23.59107,23.59107,23.48236,23.48236,3220,54.00000
ADP-200010,19671006,23.26493,24.35207,23.26493,24.35207,10119,56.00000
ADP-200010,19671009,24.29772,24.46079,24.13464,24.40643,4600,56.12500
ADP-200010,19671010,25.00436,25.00436,24.02593,24.02593,14028,55.25000
ADP-200010,19671011,23.91722,24.46079,23.42800,24.35207,15638,56.00000
ADP-200010,19671012,24.56950,24.56950,23.26493,23.26493,21617,53.50000
ADP-200010,19671013,22.93878,23.37364,22.93878,23.37364,8509,53.75000
ADP-200010,19671016,23.21057,23.21057,22.77571,22.77571,6899,52.37500
ADP-200010,19671017,22.72136,22.83007,22.61264,22.66700,6899,52.12500
ADP-200010,19671018,22.93878,23.15621,22.72136,22.83007,5060,52.50000
ADP-200010,19671019,23.53672,23.53672,22.93878,22.93878,11958,52.75000
ADP-200010,19671020,22.88443,22.88443,21.57985,21.57985,6209,49.62500
ADP-200010,19671023,22.61264,22.61264,21.57985,21.57985,29435,49.62500
ADP-200010,19671024,22.28650,22.28650,21.03628,21.03628,11498,48.37500
ADP-200010,19671025,20.92757,21.19935,20.65578,20.76449,15638,47.75000
ADP-200010,19671026,20.65578,20.87321,20.43835,20.81885,12878,47.87500
ADP-200010,19671027,21.19935,21.68857,20.76449,21.41678,24836,49.25000
ADP-200010,19671030,21.19935,21.57985,20.81885,20.87321,12878,48.00000
ADP-200010,19671031,20.76449,21.14499,20.32963,21.03628,16788,48.37500
ADP-200010,19671101,21.52549,21.68857,21.30807,21.63421,15408,49.75000
ADP-200010,19671102,22.50393,22.50393,21.63421,21.63421,16328,49.75000
ADP-200010,19671103,22.17778,22.77571,21.63421,22.44957,22307,51.62500
ADP-200010,19671106,22.39521,23.37364,22.39521,23.37364,9199,53.75000
ADP-200010,19671108,23.59107,23.91722,23.26493,23.31929,16098,53.62500
ADP-200010,19671109,23.15621,23.15621,22.66700,22.66700,7819,52.12500
ADP-200010,19671110,22.83007,22.93878,22.66700,22.83007,3680,52.50000
ADP-200010,19671113,23.26493,23.91722,22.61264,22.72136,23916,52.25000
ADP-200010,19671114,22.12343,22.72136,21.52549,21.90600,28516,50.37500
ADP-200010,19671115,21.68857,21.96035,21.68857,21.96035,5060,50.50000
ADP-200010,19671116,22.28650,22.44957,22.06907,22.17778,10119,51.00000
ADP-200010,19671117,22.12343,23.21057,22.12343,23.21057,16558,53.37500
ADP-200010,19671120,22.55828,22.93878,22.17778,22.50393,16098,51.75000
ADP-200010,19671121,22.55828,23.37364,22.55828,23.37364,10119,53.75000
ADP-200010,19671122,23.48236,23.80850,23.10186,23.48236,9659,54.00000
ADP-200010,19671124,23.37364,23.37364,22.88443,22.88443,2530,52.62500
ADP-200010,19671127,22.72136,23.53672,22.72136,23.53672,7359,54.12500
ADP-200010,19671128,23.42800,23.59107,23.26493,23.37364,12188,53.75000
ADP-200010,19671129,23.31929,23.59107,23.04750,23.53672,17018,54.12500
ADP-200010,19671130,23.64543,23.64543,23.04750,23.04750,19087,53.00000
ADP-200010,19671201,23.04750,23.69979,23.04750,23.69979,11958,54.50000
ADP-200010,19671204,23.80850,23.80850,23.37364,23.37364,4830,53.75000
ADP-200010,19671205,23.59107,23.59107,23.15621,23.15621,2990,53.25000
ADP-200010,19671206,23.37364,23.37364,23.04750,23.04750,2530,53.00000
ADP-200010,19671207,22.66700,23.04750,22.28650,22.50393,8279,51.75000
ADP-200010,19671208,22.50393,22.93878,22.50393,22.93878,4600,52.75000
ADP-200010,19671211,22.93878,23.15621,22.72136,23.04750,11498,53.00000
ADP-200010,19671212,22.93878,23.04750,22.83007,22.93878,3220,52.75000
ADP-200010,19671213,23.80850,24.73258,22.83007,24.56950,29435,56.50000
ADP-200010,19671214,24.89565,25.43922,24.35207,24.78693,67149,57.00000
ADP-200010,19671215,24.95001,24.95001,24.35207,24.35207,8969,56.00000
ADP-200010,19671218,24.02593,24.73258,24.02593,24.73258,8739,56.87500
ADP-200010,19671219,24.35207,25.00436,24.35207,25.00436,16328,57.50000
ADP-200010,19671220,24.89565,25.00436,24.73258,24.84129,3910,57.12500
ADP-200010,19671221,25.00436,25.00436,24.78693,24.78693,3450,57.00000
ADP-200010,19671222,24.78693,24.95001,24.56950,24.78693,12188,57.00000
ADP-200010,19671226,25.05872,25.05872,24.84129,24.84129,3220,57.12500
ADP-200010,19671227,24.84129,25.16743,24.84129,25.16743,5290,57.87500
ADP-200010,19671228,24.84129,25.00436,24.67822,24.95001,5520,57.37500
ADP-200010,19671229,24.89565,25.05872,24.78693,24.89565,9199,57.25000
ADP-200010,19680102,24.67822,25.05872,24.24336,24.78693,9429,57.00000
ADP-200010,19680103,24.78693,24.78693,23.75414,23.75414,8969,54.62500
ADP-200010,19680104,23.69979,23.69979,23.48236,23.48236,5520,54.00000
ADP-200010,19680105,23.59107,23.59107,23.04750,23.04750,2300,53.00000
ADP-200010,19680108,23.26493,23.26493,23.04750,23.04750,2300,53.00000
ADP-200010,19680109,23.10186,23.15621,23.04750,23.10186,2070,53.12500
ADP-200010,19680110,23.10186,23.10186,23.04750,23.04750,2530,53.00000
ADP-200010,19680111,23.69979,24.29772,23.15621,24.02593,17707,55.25000
ADP-200010,19680112,24.24336,24.46079,24.02593,24.24336,7589,55.75000
ADP-200010,19680115,24.35207,24.56950,24.35207,24.56950,8739,56.50000
ADP-200010,19680116,25.33051,25.87408,24.78693,25.65665,33575,59.00000
ADP-200010,19680117,26.41765,26.96122,25.87408,26.74380,39094,61.50000
ADP-200010,19680118,27.28737,27.72223,26.90687,27.34173,32425,62.87500
ADP-200010,19680119,27.28737,27.28737,27.06994,27.06994,17247,62.25000
ADP-200010,19680122,26.41765,27.06994,25.76536,25.81972,41853,59.37500
ADP-200010,19680123,25.92844,26.20022,25.65665,26.09151,19547,60.00000
ADP-200010,19680124,26.09151,26.20022,25.98279,26.09151,37714,60.00000
ADP-200010,19680125,25.76536,26.20022,25.33051,25.54793,18167,58.75000
ADP-200010,19680126,25.81972,26.09151,25.54793,25.60229,21617,58.87500
ADP-200010,19680129,25.87408,25.87408,25.49358,25.49358,8279,58.62500
ADP-200010,19680130,24.84129,25.33051,24.35207,24.78693,19547,57.00000
ADP-200010,19680131,24.84129,25.11308,24.56950,24.78693,16788,57.00000
ADP-200010,19680201,24.78693,24.89565,24.62386,24.78693,6209,57.00000
ADP-200010,19680202,25.00436,25.00436,24.46079,24.46079,6209,56.25000
ADP-200010,19680205,24.46079,24.46079,23.37364,23.37364,14028,53.75000
ADP-200010,19680206,23.75414,23.91722,23.59107,23.69979,8739,54.50000
ADP-200010,19680207,24.51515,25.00436,24.02593,24.56950,21847,56.50000
ADP-200010,19680208,24.46079,24.89565,24.08029,24.13464,16558,55.50000
ADP-200010,19680209,23.91722,23.91722,23.64543,23.64543,10809,54.37500
ADP-200010,19680213,23.53672,23.53672,22.83007,22.83007,21157,52.50000
ADP-200010,19680214,22.66700,22.93878,22.39521,22.61264,21617,52.00000
ADP-200010,19680215,22.50393,23.04750,22.50393,23.04750,3450,53.00000
ADP-200010,19680216,22.99314,23.15621,22.83007,22.93878,7129,52.75000
ADP-200010,19680219,22.72136,23.04750,22.72136,23.04750,8049,53.00000
ADP-200010,19680220,23.48236,23.80850,23.15621,23.75414,49442,54.62500
ADP-200010,19680221,23.59107,24.24336,23.59107,24.24336,3220,55.75000
ADP-200010,19680223,24.35207,24.56950,24.13464,24.46079,46912,56.25000
ADP-200010,19680226,24.46079,24.46079,23.69979,23.69979,13338,54.50000
ADP-200010,19680227,23.53672,23.53672,23.37364,23.37364,460,53.75000
ADP-200010,19680228,23.48236,23.48236,22.88443,22.88443,5520,52.62500
ADP-200010,19680229,22.06907,22.61264,21.57985,21.68857,6209,49.87500
ADP-200010,19680301,21.14499,21.52549,20.76449,20.87321,4830,48.00000
ADP-200010,19680304,20.87321,20.87321,18.04663,18.04663,36564,41.50000
ADP-200010,19680305,18.53584,19.02506,18.04663,18.10099,12648,41.62500
ADP-200010,19680306,18.48149,19.35120,18.48149,19.35120,8509,44.50000
ADP-200010,19680307,19.56863,19.78606,19.40556,19.67735,6899,45.25000
ADP-200010,19680308,19.35120,19.35120,18.69891,18.69891,6899,43.00000
ADP-200010,19680311,19.35120,19.89478,18.86199,19.62299,7129,45.12500
ADP-200010,19680312,19.24249,19.78606,19.24249,19.78606,5749,45.50000
ADP-200010,19680313,19.78606,20.22092,19.78606,20.22092,11039,46.50000
ADP-200010,19680314,19.73170,20.00349,19.45992,19.67735,11269,45.25000
ADP-200010,19680315,19.62299,19.62299,19.29685,19.29685,6209,44.37500
ADP-200010,19680318,19.73170,20.00349,19.45992,19.84042,24146,45.62500
ADP-200010,19680319,19.67735,19.67735,18.91634,18.91634,3910,43.50000
ADP-200010,19680320,18.69891,19.07942,18.37277,18.42713,19317,42.37500
ADP-200010,19680321,18.10099,18.26406,17.93791,17.99227,3680,41.37500
ADP-200010,19680322,17.72048,17.99227,17.39434,17.72048,8969,40.75000
ADP-200010,19680325,17.82920,17.82920,17.39434,17.39434,2300,40.00000
ADP-200010,19680326,17.06820,17.17691,17.01384,17.06820,4370,39.25000
ADP-200010,19680327,16.68770,16.95948,16.41591,16.79641,57031,38.62500
ADP-200010,19680328,17.17691,17.17691,16.95948,16.95948,19317,39.00000
ADP-200010,19680329,17.28563,17.72048,16.85077,17.50305,5749,40.25000
ADP-200010,19680401,18.48149,18.97070,18.04663,18.26406,11958,42.00000
ADP-200010,19680402,17.82920,18.04663,17.66613,17.82920,6899,41.00000
ADP-200010,19680403,18.20970,18.59020,17.82920,18.37277,7359,42.25000
ADP-200010,19680404,18.75327,18.75327,18.48149,18.48149,9889,42.50000
ADP-200010,19680405,18.86199,18.86199,18.59020,18.59020,8509,42.75000
ADP-200010,19680408,18.91634,19.13377,18.69891,19.02506,3680,43.75000
ADP-200010,19680410,20.22092,20.22092,19.67735,19.67735,17247,45.25000
ADP-200010,19680411,20.54706,21.30807,19.78606,20.98192,60250,48.25000
ADP-200010,19680415,20.11220,21.09064,20.11220,21.09064,23226,48.50000
ADP-200010,19680416,21.03628,21.41678,20.65578,20.87321,8279,48.00000
ADP-200010,19680417,20.65578,20.87321,20.65578,20.87321,47142,48.00000
ADP-200010,19680418,21.41678,21.85164,20.98192,21.74292,17018,50.00000
ADP-200010,19680419,21.63421,21.63421,21.09064,21.09064,12648,48.50000
ADP-200010,19680422,20.32963,20.65578,20.32963,20.65578,4370,47.50000
ADP-200010,19680423,20.87321,20.87321,20.22092,20.22092,11728,46.50000
ADP-200010,19680424,19.89478,20.43835,19.29685,19.67735,22537,45.25000
ADP-200010,19680425,20.11220,20.32963,19.89478,20.27528,10579,46.62500
ADP-200010,19680426,20.54706,20.65578,20.43835,20.54706,13338,47.25000
ADP-200010,19680429,20.43835,20.87321,20.43835,20.87321,9199,48.00000
ADP-200010,19680430,21.19935,21.19935,20.87321,20.87321,12188,48.00000
ADP-200010,19680501,21.09064,21.30807,20.87321,21.03628,8969,48.37500
ADP-200010,19680502,21.74292,22.34085,21.19935,22.01471,19317,50.62500
ADP-200010,19680503,22.34085,22.93878,21.74292,22.17778,25066,51.00000
ADP-200010,19680506,22.61264,22.99314,22.17778,22.39521,11498,51.50000
ADP-200010,19680507,22.72136,23.04750,22.39521,22.83007,14258,52.50000
ADP-200010,19680508,23.26493,23.48236,23.04750,23.42800,15408,53.87500
ADP-200010,19680509,22.83007,23.48236,22.17778,22.50393,10579,51.75000
ADP-200010,19680510,22.72136,22.72136,22.06907,22.06907,7819,50.75000
ADP-200010,19680513,22.17778,22.39521,22.17778,22.39521,8279,51.50000
ADP-200010,19680514,22.50393,22.83007,22.50393,22.83007,32195,52.50000
ADP-200010,19680515,22.66700,22.83007,22.50393,22.55828,4140,51.87500
ADP-200010,19680516,22.39521,22.39521,20.87321,20.87321,25066,48.00000
ADP-200010,19680517,20.98192,21.09064,20.87321,20.98192,10809,48.25000
ADP-200010,19680520,21.09064,21.09064,20.76449,20.76449,7359,47.75000
ADP-200010,19680521,20.27528,20.81885,20.27528,20.81885,19087,47.87500
ADP-200010,19680522,20.71014,21.09064,20.71014,21.09064,11269,48.50000
ADP-200010,19680523,21.25371,21.25371,20.54706,20.54706,6209,47.25000
ADP-200010,19680524,21.03628,21.03628,20.65578,20.65578,4370,47.50000
ADP-200010,19680527,20.76449,21.79728,20.76449,21.79728,12418,50.12500
ADP-200010,19680528,22.17778,22.50393,21.85164,22.39521,17707,51.50000
ADP-200010,19680529,22.61264,22.61264,22.17778,22.17778,9889,51.00000
ADP-200010,19680531,22.17778,22.17778,21.85164,21.85164,2300,50.25000
ADP-200010,19680603,21.74292,21.74292,21.52549,21.52549,3220,49.50000
ADP-200010,19680604,21.63421,21.96035,21.30807,21.41678,8509,49.25000
ADP-200010,19680605,21.74292,21.74292,20.98192,20.98192,4370,48.25000
ADP-200010,19680606,20.87321,21.85164,20.87321,21.85164,11498,50.25000
ADP-200010,19680607,22.12343,22.34085,21.90600,22.23214,22077,51.12500
ADP-200010,19680610,22.66700,23.15621,22.17778,23.04750,125329,53.00000
ADP-200010,19680611,22.83007,23.15621,22.50393,22.61264,6439,52.00000
ADP-200010,19680613,23.10186,23.10186,22.17778,22.17778,14028,51.00000
ADP-200010,19680614,21.85164,22.17778,21.85164,22.17778,2530,51.00000
ADP-200010,19680617,21.85164,21.85164,21.47114,21.47114,3680,49.37500
ADP-200010,19680618,21.74292,21.74292,21.52549,21.52549,6899,49.50000
ADP-200010,19680620,21.19935,21.19935,20.65578,20.65578,8279,47.50000
ADP-200010,19680621,20.76449,21.03628,20.54706,20.76449,4600,47.75000
ADP-200010,19680624,20.76449,20.76449,20.22092,20.22092,9199,46.50000
ADP-200010,19680625,20.38399,20.43835,20.32963,20.38399,1610,46.87500
ADP-200010,19680627,20.32963,20.43835,20.22092,20.32963,3910,46.75000
ADP-200010,19680628,20.16656,20.32963,20.00349,20.11220,4600,46.25000
ADP-200010,19680701,20.11220,20.22092,20.00349,20.05785,5060,46.12500
ADP-200010,19680702,20.05785,20.22092,19.89478,20.11220,10119,46.25000
ADP-200010,19680703,20.00349,20.98192,20.00349,20.98192,19087,48.25000
ADP-200010,19680708,21.30807,21.30807,20.76449,20.76449,23226,47.75000
ADP-200010,19680709,20.87321,21.09064,20.87321,21.09064,5060,48.50000
ADP-200010,19680711,20.87321,20.87321,20.43835,20.43835,87615,47.00000
ADP-200010,19680712,19.89478,20.98192,19.89478,20.98192,80027,48.25000
ADP-200010,19680715,20.65578,21.09064,20.65578,21.09064,7589,48.50000
ADP-200010,19680716,20.87321,20.87321,20.27528,20.27528,5520,46.62500
ADP-200010,19680718,19.67735,20.32963,19.67735,20.32963,36564,46.75000
ADP-200010,19680719,20.32963,20.32963,20.22092,20.22092,690,46.50000
ADP-200010,19680722,19.73170,20.00349,19.45992,19.78606,10809,45.50000
ADP-200010,19680723,19.35120,19.56863,19.13377,19.24249,4600,44.25000
ADP-200010,19680725,19.35120,19.35120,18.48149,18.48149,3450,42.50000
ADP-200010,19680726,18.59020,18.59020,18.10099,18.10099,3450,41.62500
ADP-200010,19680729,17.82920,18.15534,17.50305,17.66613,2760,40.62500
ADP-200010,19680730,17.28563,17.61177,16.95948,17.17691,10809,39.50000
ADP-200010,19680801,16.95948,17.39434,16.52462,17.06820,83476,39.25000
ADP-200010,19680802,16.63334,17.06820,16.63334,17.06820,3680,39.25000
ADP-200010,19680805,17.28563,17.61177,16.95948,17.39434,5520,40.00000
ADP-200010,19680806,17.50305,17.66613,17.28563,17.39434,5979,40.00000
ADP-200010,19680808,17.66613,17.66613,17.23127,17.23127,3910,39.62500
ADP-200010,19680809,17.01384,17.66613,17.01384,17.66613,4600,40.62500
ADP-200010,19680812,17.55741,17.72048,17.39434,17.61177,3450,40.50000
ADP-200010,19680813,17.72048,17.72048,17.01384,17.01384,4600,39.12500
ADP-200010,19680815,17.06820,17.17691,16.95948,17.06820,3220,39.25000
ADP-200010,19680816,17.23127,17.39434,17.06820,17.28563,2070,39.75000
ADP-200010,19680819,17.28563,17.39434,17.17691,17.28563,3680,39.75000
ADP-200010,19680820,17.28563,17.28563,17.17691,17.17691,3450,39.50000
ADP-200010,19680822,17.23127,17.23127,16.57898,16.57898,2300,38.12500
ADP-200010,19680823,16.74205,16.74205,16.08976,16.08976,8049,37.00000
ADP-200010,19680826,15.76362,16.19848,15.38312,15.54619,6899,35.75000
ADP-200010,19680827,15.32876,15.54619,15.16569,15.27441,10579,35.12500
ADP-200010,19680829,14.89390,15.11133,14.67648,15.00262,6669,34.50000
ADP-200010,19680830,15.05698,15.76362,15.05698,15.76362,3910,36.25000
ADP-200010,19680903,16.52462,17.12255,15.98105,17.06820,10119,39.25000
ADP-200010,19680904,17.23127,17.23127,16.79641,16.79641,3450,38.62500
ADP-200010,19680905,16.85077,16.85077,16.41591,16.41591,3910,37.75000
ADP-200010,19680906,16.41591,16.52462,16.30719,16.41591,3910,37.75000
ADP-200010,19680909,16.47027,16.47027,15.98105,15.98105,3220,36.75000
ADP-200010,19680910,16.14412,16.30719,15.98105,16.08976,4370,37.00000
ADP-200010,19680912,15.98105,16.08976,15.92669,15.98105,6209,36.75000
ADP-200010,19680913,15.98105,16.85077,15.98105,16.85077,11039,38.75000
ADP-200010,19680916,16.63334,16.95948,16.30719,16.41591,8279,37.75000
ADP-200010,19680917,16.25284,16.41591,16.08976,16.14412,3680,37.12500
ADP-200010,19680919,16.08976,16.08976,15.92669,15.92669,15178,36.62500
ADP-200010,19680920,15.54619,15.87234,15.27441,15.65491,9429,36.00000
ADP-200010,19680923,15.32876,15.43748,15.16569,15.22005,3450,35.00000
ADP-200010,19680924,15.54619,15.81798,15.22005,15.65491,23226,36.00000
ADP-200010,19680926,15.65491,15.76362,15.54619,15.60055,11039,35.87500
ADP-200010,19680927,15.54619,15.54619,15.22005,15.22005,8509,35.00000
ADP-200010,19680930,15.43748,15.43748,15.22005,15.22005,3910,35.00000
ADP-200010,19681001,15.22005,15.32876,15.22005,15.32876,6899,35.25000
ADP-200010,19681003,15.43748,15.54619,15.32876,15.43748,5749,35.50000
ADP-200010,19681004,15.32876,15.43748,15.22005,15.32876,3910,35.25000
ADP-200010,19681007,15.38312,15.38312,15.05698,15.05698,4830,34.62500
ADP-200010,19681008,15.11133,15.22005,15.00262,15.05698,4370,34.62500
ADP-200010,19681010,14.89390,15.16569,14.56776,15.00262,22077,34.50000
ADP-200010,19681011,15.11133,15.11133,14.78519,14.78519,7129,34.00000
ADP-200010,19681014,14.78519,15.11133,14.51340,15.05698,10119,34.62500
ADP-200010,19681015,14.83955,15.22005,14.83955,15.22005,15178,35.00000
ADP-200010,19681017,15.76362,16.08976,15.43748,15.65491,108772,36.00000
ADP-200010,19681018,15.81798,17.28563,15.81798,17.28563,34035,39.75000
ADP-200010,19681021,17.77484,18.04663,17.50305,17.82920,40933,41.00000
ADP-200010,19681022,17.82920,18.04663,17.61177,17.82920,20697,41.00000
ADP-200010,19681024,18.37277,19.13377,17.61177,19.07942,35644,43.87500
ADP-200010,19681025,19.35120,19.62299,19.13377,19.29685,89225,44.37500
ADP-200010,19681028,19.35120,19.35120,18.91634,18.91634,17477,43.50000
ADP-200010,19681029,18.42713,18.69891,18.15534,18.48149,13108,42.50000
ADP-200010,19681031,18.37277,18.69891,18.04663,18.42713,18397,42.37500
ADP-200010,19681101,17.77484,18.48149,17.06820,17.72048,31735,40.75000
ADP-200010,19681104,17.77484,18.26406,17.28563,18.15534,28975,41.75000
ADP-200010,19681106,19.07942,19.07942,18.59020,18.59020,17018,42.75000
ADP-200010,19681107,19.13377,19.84042,18.48149,19.67735,52661,45.25000
ADP-200010,19681108,20.43835,20.98192,19.89478,20.27528,27596,46.62500
ADP-200010,19681112,20.92757,21.19935,20.65578,20.76449,24146,47.75000
ADP-200010,19681113,21.41678,21.85164,21.03628,21.74292,39324,50.00000
ADP-200010,19681114,22.17778,22.55828,21.74292,22.06907,34035,50.75000
ADP-200010,19681115,22.17778,22.17778,21.85164,21.85164,20927,50.25000
ADP-200010,19681118,21.96035,21.96035,20.98192,20.98192,16328,48.25000
ADP-200010,19681119,20.71014,21.09064,20.32963,21.03628,21387,48.37500
ADP-200010,19681121,21.30807,21.52549,21.09064,21.30807,13568,49.00000
ADP-200010,19681122,21.74292,22.17778,21.30807,21.85164,74737,50.25000
ADP-200010,19681125,22.06907,22.34085,21.85164,21.90600,18857,50.37500
ADP-200010,19681126,22.01471,22.17778,21.85164,21.90600,7589,50.37500
ADP-200010,19681127,21.52549,21.90600,21.09064,21.19935,5979,48.75000
ADP-200010,19681129,21.19935,21.30807,21.09064,21.25371,2530,48.87500
ADP-200010,19681202,21.30807,21.47114,21.19935,21.30807,17018,49.00000
ADP-200010,19681203,21.14499,21.41678,20.87321,21.19935,17707,48.75000
ADP-200010,19681205,20.71014,21.41678,20.71014,21.41678,11039,49.25000
ADP-200010,19681206,21.25371,21.41678,21.09064,21.30807,8739,49.00000
ADP-200010,19681209,21.30807,21.30807,21.09064,21.09064,4830,48.50000
ADP-200010,19681210,20.76449,20.92757,20.65578,20.81885,8279,47.87500
ADP-200010,19681212,20.98192,20.98192,20.27528,20.27528,21617,46.62500
ADP-200010,19681213,21.68857,22.83007,20.54706,22.72136,54271,52.25000
ADP-200010,19681216,22.72136,22.93878,22.50393,22.61264,148325,52.00000
ADP-200010,19681217,22.93878,23.59107,22.28650,23.48236,55651,54.00000
ADP-200010,19681219,23.37364,23.75414,23.04750,23.53672,11498,54.12500
ADP-200010,19681220,24.13464,24.56950,23.69979,24.46079,23456,56.25000
ADP-200010,19681223,24.35207,24.67822,24.02593,24.08029,11498,55.37500
ADP-200010,19681224,23.69979,24.02593,23.42800,23.80850,22077,54.75000
ADP-200010,19681226,23.69979,23.69979,23.37364,23.37364,5060,53.75000
ADP-200010,19681227,23.26493,23.59107,22.93878,23.04750,13108,53.00000
ADP-200010,19681230,22.44957,23.04750,21.85164,22.17778,9889,51.00000
ADP-200010,19681231,22.17778,22.39521,21.96035,22.17778,5060,51.00000
ADP-200010,19690102,22.17778,22.17778,21.96035,21.96035,12188,50.50000
ADP-200010,19690103,22.06907,22.06907,21.52549,21.52549,4140,49.50000
ADP-200010,19690106,21.74292,21.74292,20.98192,20.98192,6669,48.25000
ADP-200010,19690107,20.87321,21.19935,20.87321,21.19935,8279,48.75000
ADP-200010,19690108,21.41678,21.68857,21.09064,21.14499,5749,48.62500
ADP-200010,19690109,21.63421,21.74292,21.47114,21.63421,3680,49.75000
ADP-200010,19690110,21.74292,21.74292,21.19935,21.19935,3910,48.75000
ADP-200010,19690113,20.65578,20.65578,19.67735,19.67735,9889,45.25000
ADP-200010,19690114,19.35120,20.27528,19.35120,20.27528,29895,46.62500
ADP-200010,19690115,20.43835,20.60142,20.27528,20.38399,12188,46.87500
ADP-200010,19690116,20.43835,20.60142,20.22092,20.43835,4830,47.00000
ADP-200010,19690117,20.16656,20.32963,20.00349,20.16656,5520,46.37500
ADP-200010,19690120,20.43835,20.43835,19.89478,19.89478,10119,45.75000
ADP-200010,19690121,20.43835,20.76449,20.16656,20.43835,12648,47.00000
ADP-200010,19690122,20.32963,20.43835,20.32963,20.43835,5060,47.00000
ADP-200010,19690123,20.22092,20.38399,20.11220,20.32963,20467,46.75000
ADP-200010,19690124,20.22092,20.60142,20.22092,20.60142,20467,47.37500
ADP-200010,19690127,20.43835,20.60142,20.43835,20.60142,9429,47.37500
ADP-200010,19690128,20.49271,20.54706,20.49271,20.54706,5060,47.25000
ADP-200010,19690129,21.30807,21.52549,21.09064,21.19935,16098,48.75000
ADP-200010,19690130,20.98192,21.19935,20.76449,21.09064,11728,48.50000
ADP-200010,19690131,20.92757,21.09064,20.76449,20.87321,10579,48.00000
ADP-200010,19690203,20.71014,20.87321,20.54706,20.65578,8049,47.50000
ADP-200010,19690204,20.60142,20.60142,20.22092,20.22092,7589,46.50000
ADP-200010,19690205,21.09064,21.57985,20.54706,21.30807,15638,49.00000
ADP-200010,19690206,21.30807,21.52549,21.09064,21.19935,11269,48.75000
ADP-200010,19690207,21.63421,21.96035,21.30807,21.85164,28975,50.25000
ADP-200010,19690211,22.06907,22.34085,21.85164,22.17778,15178,51.00000
ADP-200010,19690212,22.23214,22.23214,22.01471,22.01471,18397,50.62500
ADP-200010,19690213,21.96035,21.96035,21.52549,21.52549,17477,49.50000
ADP-200010,19690214,21.52549,21.52549,20.98192,20.98192,8049,48.25000
ADP-200010,19690217,21.14499,21.14499,20.60142,20.60142,14258,47.37500
ADP-200010,19690218,20.11220,20.60142,19.67735,19.89478,14948,45.75000
ADP-200010,19690219,19.78606,20.00349,19.56863,19.78606,7819,45.50000
ADP-200010,19690220,19.73170,19.73170,19.56863,19.56863,2990,45.00000
ADP-200010,19690224,19.35120,19.35120,18.69891,18.69891,6209,43.00000
ADP-200010,19690225,18.86199,18.86199,18.42713,18.42713,11958,42.37500
ADP-200010,19690226,18.31841,18.31841,18.04663,18.04663,5520,41.50000
ADP-200010,19690227,18.20970,18.20970,17.82920,17.82920,4830,41.00000
ADP-200010,19690228,18.10099,18.10099,17.61177,17.61177,5290,40.50000
ADP-200010,19690303,17.44870,18.04663,17.44870,18.04663,5060,41.50000
ADP-200010,19690304,18.31841,18.69891,17.93791,18.59020,5979,42.75000
ADP-200010,19690305,18.80763,19.02506,18.59020,18.97070,4140,43.62500
ADP-200010,19690306,18.69891,18.69891,18.26406,18.26406,2300,42.00000
ADP-200010,19690307,17.66613,17.82920,17.66613,17.82920,4830,41.00000
ADP-200010,19690310,17.66613,17.72048,17.61177,17.66613,5060,40.62500
ADP-200010,19690311,17.55741,17.66613,17.55741,17.66613,6439,40.62500
ADP-200010,19690312,17.66613,18.15534,17.66613,18.15534,5520,41.75000
ADP-200010,19690313,18.26406,18.26406,17.82920,17.82920,5749,41.00000
ADP-200010,19690314,17.72048,17.82920,17.55741,17.72048,3680,40.75000
ADP-200010,19690317,17.61177,17.72048,17.44870,17.50305,5060,40.25000
ADP-200010,19690318,17.72048,18.59020,17.72048,18.59020,9199,42.75000
ADP-200010,19690319,18.86199,19.13377,18.59020,19.02506,4600,43.75000
ADP-200010,19690320,19.13377,19.13377,19.02506,19.02506,1380,43.75000
ADP-200010,19690321,19.02506,19.13377,18.86199,19.02506,9429,43.75000
ADP-200010,19690324,18.91634,19.13377,18.69891,18.80763,12418,43.25000
ADP-200010,19690325,18.80763,18.97070,18.69891,18.75327,119810,43.12500
ADP-200010,19690326,19.29685,19.67735,18.91634,19.40556,11498,44.62500
ADP-200010,19690327,20.00349,20.54706,19.45992,20.11220,22307,46.25000
ADP-200010,19690328,20.16656,20.32963,20.00349,20.22092,12188,46.50000
ADP-200010,19690401,20.11220,20.11220,20.00349,20.00349,2990,46.00000
ADP-200010,19690402,19.45992,19.89478,19.02506,19.13377,6669,44.00000
ADP-200010,19690403,19.24249,19.24249,19.18813,19.18813,1840,44.12500
ADP-200010,19690407,18.86199,19.13377,18.86199,19.13377,2530,44.00000
ADP-200010,19690408,19.45992,19.67735,19.24249,19.45992,4600,44.75000
ADP-200010,19690409,19.56863,20.22092,19.56863,20.22092,14258,46.50000
ADP-200010,19690410,20.71014,21.03628,20.38399,20.49271,17247,47.12500
ADP-200010,19690411,20.43835,20.54706,20.38399,20.43835,9199,47.00000
ADP-200010,19690414,20.54706,20.54706,19.89478,19.89478,6439,45.75000
ADP-200010,19690415,19.94913,20.11220,19.78606,20.00349,7819,46.00000
ADP-200010,19690416,20.00349,20.00349,19.78606,19.78606,1840,45.50000
ADP-200010,19690417,19.78606,19.78606,19.40556,19.40556,5749,44.62500
ADP-200010,19690418,19.56863,19.56863,19.56863,19.56863,3680,45.00000
ADP-200010,19690421,19.56863,19.56863,18.97070,18.97070,5060,43.62500
ADP-200010,19690422,18.75327,19.13377,18.75327,19.13377,3910,44.00000
ADP-200010,19690423,19.24249,19.24249,18.80763,18.80763,6439,43.25000
ADP-200010,19690424,19.02506,20.00349,19.02506,20.00349,23686,46.00000
ADP-200010,19690425,20.32963,20.54706,20.11220,20.32963,24836,46.75000
ADP-200010,19690428,20.43835,20.60142,20.22092,20.43835,5060,47.00000
ADP-200010,19690429,20.81885,20.81885,20.43835,20.43835,7129,47.00000
ADP-200010,19690430,20.65578,20.98192,20.38399,20.54706,16098,47.25000
ADP-200010,19690501,20.81885,21.09064,20.54706,20.65578,12188,47.50000
ADP-200010,19690502,20.76449,20.76449,20.22092,20.22092,6439,46.50000
ADP-200010,19690505,20.16656,20.32963,20.00349,20.05785,4370,46.12500
ADP-200010,19690506,18.91634,19.45992,18.42713,18.64456,21617,42.87500
ADP-200010,19690507,18.80763,19.13377,18.80763,19.13377,15868,44.00000
ADP-200010,19690508,19.02506,19.13377,19.02506,19.13377,3220,44.00000
ADP-200010,19690509,18.91634,19.02506,18.75327,18.80763,5520,43.25000
ADP-200010,19690512,18.69891,18.91634,18.69891,18.91634,2990,43.50000
ADP-200010,19690513,18.80763,18.80763,18.69891,18.69891,2760,43.00000
ADP-200010,19690514,18.64456,18.69891,18.59020,18.64456,2990,42.87500
ADP-200010,19690515,18.69891,18.69891,18.37277,18.37277,6209,42.25000
ADP-200010,19690516,18.37277,18.48149,18.26406,18.37277,5520,42.25000
ADP-200010,19690519,18.15534,18.26406,18.15534,18.26406,2070,42.00000
ADP-200010,19690520,18.20970,18.37277,18.04663,18.26406,7589,42.00000
ADP-200010,19690521,18.26406,18.42713,18.26406,18.42713,12648,42.37500
ADP-200010,19690522,18.42713,18.48149,18.42713,18.48149,5060,42.50000
ADP-200010,19690523,18.15534,18.31841,18.04663,18.20970,1150,41.87500
ADP-200010,19690526,18.15534,18.15534,17.88356,17.88356,3680,41.12500
ADP-200010,19690527,17.77484,17.77484,17.61177,17.61177,2300,40.50000
ADP-200010,19690528,17.72048,17.82920,17.61177,17.66613,6899,40.62500
ADP-200010,19690529,17.50305,17.72048,17.28563,17.61177,10809,40.50000
ADP-200010,19690602,17.23127,17.39434,17.06820,17.17691,3910,39.50000
ADP-200010,19690603,17.23127,17.23127,17.01384,17.01384,2300,39.12500
ADP-200010,19690604,17.17691,17.39434,16.95948,17.28563,14258,39.75000
ADP-200010,19690605,17.66613,17.66613,17.44870,17.44870,4600,40.12500
ADP-200010,19690606,16.90512,17.39434,16.41591,16.85077,18167,38.75000
ADP-200010,19690609,16.25284,16.63334,15.87234,16.19848,8509,37.25000
ADP-200010,19690610,16.52462,16.85077,16.19848,16.52462,19317,38.00000
ADP-200010,19690611,16.41591,16.41591,15.92669,15.92669,8049,36.62500
ADP-200010,19690612,15.87234,15.87234,15.43748,15.43748,5060,35.50000
ADP-200010,19690613,15.87234,15.87234,15.43748,15.43748,5979,35.50000
ADP-200010,19690616,15.43748,15.65491,15.22005,15.32876,25986,35.25000
ADP-200010,19690617,14.94826,15.38312,14.51340,14.67648,11498,33.75000
ADP-200010,19690618,15.11133,15.11133,14.56776,14.56776,11269,33.50000
ADP-200010,19690619,14.35033,14.51340,14.13290,14.45905,8739,33.25000
ADP-200010,19690620,14.24162,14.35033,14.13290,14.24162,4370,32.75000
ADP-200010,19690623,14.02419,14.24162,14.02419,14.24162,1610,32.75000
ADP-200010,19690624,14.13290,14.13290,14.02419,14.02419,6669,32.25000
ADP-200010,19690625,13.86112,14.02419,13.69804,13.80676,8279,31.75000
ADP-200010,19690626,13.58933,13.80676,13.58933,13.80676,8279,31.75000
ADP-200010,19690627,13.48061,13.69804,13.26319,13.58933,9659,31.25000
ADP-200010,19690630,13.58933,13.64369,13.48061,13.58933,2990,31.25000
ADP-200010,19690701,13.04576,13.58933,13.04576,13.58933,79337,31.25000
ADP-200010,19690702,13.58933,13.58933,13.48061,13.48061,3910,31.00000
ADP-200010,19690703,13.48061,13.58933,13.48061,13.58933,8969,31.25000
ADP-200010,19690707,13.10011,13.58933,12.61090,12.82833,90375,29.50000
ADP-200010,19690708,12.93704,13.15447,12.71961,12.99140,10119,29.87500
ADP-200010,19690709,12.82833,12.82833,12.50218,12.50218,6439,28.75000
ADP-200010,19690710,11.79554,12.28475,11.30632,11.90425,123719,27.37500
ADP-200010,19690711,11.79554,11.95861,11.63247,11.68682,20927,26.87500
ADP-200010,19690714,11.30632,11.57811,10.98018,11.14325,9199,25.62500
ADP-200010,19690715,11.03454,11.14325,10.92582,11.08889,7129,25.50000
ADP-200010,19690716,11.52375,11.90425,11.19761,11.84990,102103,27.25000
ADP-200010,19690717,12.33911,12.71961,11.95861,12.01297,25066,27.62500
ADP-200010,19690718,12.06732,12.17604,11.90425,12.12168,2530,27.87500
ADP-200010,19690722,11.84990,11.84990,11.41504,11.41504,7589,26.25000
ADP-200010,19690723,11.41504,11.95861,11.41504,11.95861,8509,27.50000
ADP-200010,19690724,12.44783,12.71961,12.17604,12.44783,11498,28.62500
ADP-200010,19690725,12.44783,12.55654,12.44783,12.55654,5290,28.87500
ADP-200010,19690728,12.28475,12.55654,12.01297,12.12168,12648,27.87500
ADP-200010,19690729,12.12168,12.39347,11.84990,12.01297,5979,27.62500
ADP-200010,19690730,11.84990,12.17604,11.57811,12.06732,12648,27.75000
ADP-200010,19690731,12.17604,12.82833,12.17604,12.82833,6209,29.50000
ADP-200010,19690801,13.37190,13.69804,13.04576,13.48061,30585,31.00000
ADP-200010,19690804,13.48061,13.48061,12.88268,12.88268,9199,29.62500
ADP-200010,19690805,12.61090,12.93704,12.33911,12.61090,3680,29.00000
ADP-200010,19690806,12.93704,13.26319,12.61090,13.04576,7589,30.00000
ADP-200010,19690807,13.04576,13.26319,12.82833,12.88268,6899,29.62500
ADP-200010,19690808,12.82833,13.04576,12.82833,13.04576,2530,30.00000
ADP-200010,19690811,12.82833,13.04576,12.82833,13.04576,4370,30.00000
ADP-200010,19690812,13.04576,13.04576,12.82833,12.82833,2070,29.50000
ADP-200010,19690813,12.28475,12.82833,12.28475,12.82833,4370,29.50000
ADP-200010,19690814,12.82833,12.99140,12.61090,12.77397,112911,29.37500
ADP-200010,19690815,12.88268,12.88268,12.71961,12.71961,2530,29.25000
ADP-200010,19690818,12.82833,13.04576,12.82833,13.04576,5749,30.00000
ADP-200010,19690819,13.91547,14.35033,13.48061,13.75240,21157,31.62500
ADP-200010,19690820,13.86112,13.86112,13.48061,13.48061,7819,31.00000
ADP-200010,19690821,13.48061,13.48061,13.26319,13.26319,3910,30.50000
ADP-200010,19690822,13.15447,13.26319,13.15447,13.26319,1840,30.50000
ADP-200010,19690825,13.48061,13.69804,13.26319,13.37190,6899,30.75000
ADP-200010,19690826,13.26319,13.26319,13.04576,13.04576,2530,30.00000
ADP-200010,19690827,13.15447,13.26319,13.15447,13.26319,2300,30.50000
ADP-200010,19690828,13.15447,13.37190,13.15447,13.37190,2760,30.75000
ADP-200010,19690829,13.58933,13.58933,13.26319,13.26319,4370,30.50000
ADP-200010,19690902,13.26319,13.42626,13.04576,13.20883,2070,30.37500
ADP-200010,19690903,13.15447,13.15447,13.04576,13.04576,3910,30.00000
ADP-200010,19690904,13.69804,14.13290,13.26319,13.75240,104862,31.62500
ADP-200010,19690905,13.86112,14.45905,13.86112,14.45905,25756,33.25000
ADP-200010,19690908,14.45905,14.45905,13.75240,13.75240,11728,31.62500
ADP-200010,19690909,14.13290,14.56776,13.64369,14.24162,14948,32.75000
ADP-200010,19690910,14.78519,15.22005,14.29597,14.94826,22307,34.37500
ADP-200010,19690911,14.83955,15.22005,14.45905,14.78519,14028,34.00000
ADP-200010,19690912,14.56776,14.67648,14.40469,14.51340,4830,33.37500
ADP-200010,19690915,14.89390,15.32876,14.45905,15.00262,11728,34.50000
ADP-200010,19690916,15.54619,15.54619,15.05698,15.05698,14718,34.62500
ADP-200010,19690917,15.38312,15.38312,15.00262,15.00262,7359,34.50000
ADP-200010,19690918,15.11133,15.32876,14.89390,15.05698,9199,34.62500
ADP-200010,19690919,15.00262,15.22005,15.00262,15.22005,9659,35.00000
ADP-200010,19690922,15.00262,15.32876,15.00262,15.32876,4830,35.25000
ADP-200010,19690923,15.22005,15.43748,15.22005,15.43748,11039,35.50000
ADP-200010,19690924,15.54619,15.65491,15.43748,15.54619,19087,35.75000
ADP-200010,19690925,15.43748,15.87234,15.43748,15.87234,15868,36.50000
ADP-200010,19690926,16.19848,16.19848,15.54619,15.54619,30585,35.75000
ADP-200010,19690929,15.00262,15.43748,14.56776,15.38312,18167,35.37500
ADP-200010,19690930,15.54619,15.54619,14.67648,14.67648,8739,33.75000
ADP-200010,19691001,14.89390,15.11133,14.67648,14.83955,4830,34.12500
ADP-200010,19691002,14.89390,15.22005,14.56776,15.11133,11728,34.75000
ADP-200010,19691003,15.54619,15.54619,15.32876,15.32876,8739,35.25000
ADP-200010,19691006,15.54619,15.65491,15.38312,15.43748,10579,35.50000
ADP-200010,19691007,15.43748,15.54619,15.32876,15.43748,5060,35.50000
ADP-200010,19691008,15.27441,15.27441,15.05698,15.05698,2760,34.62500
ADP-200010,19691009,14.94826,15.22005,14.67648,14.89390,6209,34.25000
ADP-200010,19691010,15.16569,15.49183,14.83955,15.22005,18627,35.00000
ADP-200010,19691013,15.38312,16.08976,15.38312,16.08976,11958,37.00000
ADP-200010,19691014,16.52462,16.85077,16.19848,16.52462,26676,38.00000
ADP-200010,19691015,16.68770,16.68770,16.36155,16.36155,7359,37.62500
ADP-200010,19691016,16.57898,16.85077,16.30719,16.52462,8739,38.00000
ADP-200010,19691017,17.17691,17.82920,16.52462,17.72048,14718,40.75000
ADP-200010,19691020,17.28563,17.72048,16.85077,17.06820,188798,39.25000
ADP-200010,19691021,17.17691,17.39434,16.95948,17.17691,10809,39.50000
ADP-200010,19691022,17.33998,17.33998,16.95948,16.95948,7589,39.00000
ADP-200010,19691023,16.85077,17.06820,16.63334,16.85077,8969,38.75000
ADP-200010,19691024,17.17691,17.17691,16.95948,16.95948,11269,39.00000
ADP-200010,19691027,16.95948,17.12255,16.95948,17.12255,7819,39.37500
ADP-200010,19691028,16.85077,17.12255,16.63334,16.74205,8739,38.50000
ADP-200010,19691029,16.95948,16.95948,16.63334,16.63334,6209,38.25000
ADP-200010,19691030,16.47027,16.74205,16.19848,16.30719,8049,37.50000
ADP-200010,19691031,16.30719,16.41591,16.19848,16.30719,10579,37.50000
ADP-200010,19691103,15.98105,16.63334,15.98105,16.63334,9199,38.25000
ADP-200010,19691104,16.74205,17.06820,16.36155,16.95948,20697,39.00000
ADP-200010,19691105,16.95948,17.06820,16.79641,16.90512,5520,38.87500
ADP-200010,19691106,16.63334,16.90512,16.41591,16.52462,11728,38.00000
ADP-200010,19691107,16.52462,16.52462,16.08976,16.08976,8739,37.00000
ADP-200010,19691110,16.57898,16.90512,16.25284,16.41591,8739,37.75000
ADP-200010,19691111,16.19848,16.47027,15.98105,16.08976,10349,37.00000
ADP-200010,19691112,16.25284,16.41591,16.08976,16.30719,4830,37.50000
ADP-200010,19691113,16.14412,16.30719,15.98105,16.08976,3680,37.00000
ADP-200010,19691114,16.03541,16.03541,15.65491,15.65491,3220,36.00000
ADP-200010,19691117,15.32876,15.65491,15.05698,15.11133,7129,34.75000
ADP-200010,19691118,15.11133,15.22005,15.00262,15.11133,6209,34.75000
ADP-200010,19691119,15.00262,15.22005,14.78519,14.94826,5520,34.37500
ADP-200010,19691120,14.51340,14.78519,14.51340,14.78519,6669,34.00000
ADP-200010,19691121,14.67648,14.67648,14.02419,14.02419,11039,32.25000
ADP-200010,19691124,13.80676,14.02419,13.58933,13.75240,10349,31.62500
ADP-200010,19691125,14.24162,14.67648,13.75240,14.29597,8509,32.87500
ADP-200010,19691126,14.35033,14.35033,14.35033,14.35033,2070,33.00000
ADP-200010,19691128,14.35033,14.51340,14.35033,14.51340,3220,33.37500
ADP-200010,19691201,14.51340,14.51340,13.91547,13.91547,2990,32.00000
ADP-200010,19691202,13.80676,13.91547,13.64369,13.69804,9199,31.50000
ADP-200010,19691203,13.26319,13.86112,12.61090,12.82833,11039,29.50000
ADP-200010,19691204,12.82833,13.26319,12.82833,13.26319,7129,30.50000
ADP-200010,19691205,13.69804,13.69804,13.26319,13.26319,10349,30.50000
ADP-200010,19691208,12.93704,13.15447,12.71961,12.93704,8969,29.75000
ADP-200010,19691209,13.04576,13.04576,12.39347,12.39347,6439,28.50000
ADP-200010,19691210,12.39347,12.61090,12.39347,12.61090,6439,29.00000
ADP-200010,19691211,12.61090,12.61090,12.39347,12.39347,9429,28.50000
ADP-200010,19691212,12.06732,12.61090,11.52375,11.84990,253416,27.25000
ADP-200010,19691215,11.84990,12.01297,11.74118,11.95861,18397,27.50000
ADP-200010,19691216,11.95861,11.95861,11.57811,11.57811,9889,26.62500
ADP-200010,19691217,11.74118,11.74118,11.52375,11.52375,15178,26.50000
ADP-200010,19691218,11.95861,12.33911,11.57811,12.17604,22996,28.00000
ADP-200010,19691219,12.61090,12.82833,12.39347,12.61090,17247,29.00000
ADP-200010,19691222,12.44783,12.82833,12.06732,12.12168,19317,27.87500
ADP-200010,19691223,12.01297,12.17604,11.84990,12.12168,34724,27.87500
ADP-200010,19691224,12.33911,13.20883,12.33911,13.20883,17707,30.37500
ADP-200010,19691226,13.37190,14.07854,13.37190,14.07854,21387,32.37500
ADP-200010,19691229,13.80676,14.07854,13.53497,13.69804,14948,31.50000
ADP-200010,19691230,13.48061,13.75240,13.20883,13.58933,11269,31.25000
ADP-200010,19691231,13.80676,13.80676,13.26319,13.26319,21157,30.50000
ADP-200010,19700102,13.69804,13.91547,13.42626,13.80676,6899,31.75000
ADP-200010,19700105,14.02419,14.18726,13.80676,13.91547,11728,32.00000
ADP-200010,19700106,13.58933,13.96983,13.26319,13.31754,9889,30.62500
ADP-200010,19700107,13.42626,13.42626,13.04576,13.04576,5979,30.00000
ADP-200010,19700108,13.04576,13.42626,13.04576,13.42626,7129,30.87500
ADP-200010,19700109,13.26319,13.26319,12.99140,12.99140,5060,29.87500
ADP-200010,19700112,13.37190,13.37190,13.04576,13.04576,46912,30.00000
ADP-200010,19700113,13.15447,13.37190,13.15447,13.37190,4600,30.75000
ADP-200010,19700114,13.26319,13.26319,13.10011,13.10011,2760,30.12500
ADP-200010,19700115,12.93704,13.15447,12.93704,13.15447,3910,30.25000
ADP-200010,19700116,13.31754,13.31754,12.93704,12.93704,5060,29.75000
ADP-200010,19700119,13.04576,13.04576,12.66526,12.66526,5060,29.12500
ADP-200010,19700120,12.71961,12.93704,12.50218,12.82833,5749,29.50000
ADP-200010,19700121,11.63247,12.77397,10.49096,10.76275,57261,24.75000
ADP-200010,19700122,11.19761,11.57811,10.87146,11.30632,43233,26.00000
ADP-200010,19700123,11.52375,11.52375,10.76275,10.76275,21847,24.75000
ADP-200010,19700126,10.27353,10.76275,9.78432,10.59968,42313,24.37500
ADP-200010,19700127,10.54532,10.65404,10.38225,10.43661,5749,24.00000
ADP-200010,19700128,10.59968,10.59968,10.11046,10.11046,6209,23.25000
ADP-200010,19700129,10.00175,10.11046,9.89303,10.00175,6209,23.00000
ADP-200010,19700130,10.00175,10.11046,9.89303,9.94739,7589,22.87500
ADP-200010,19700202,10.16482,10.43661,9.89303,10.00175,17707,23.00000
ADP-200010,19700203,9.78432,10.43661,9.78432,10.43661,17018,24.00000
ADP-200010,19700204,10.43661,10.43661,9.89303,9.89303,9199,22.75000
ADP-200010,19700205,9.51253,9.78432,9.24075,9.67560,7589,22.25000
ADP-200010,19700206,9.78432,9.89303,9.67560,9.78432,4600,22.50000
ADP-200010,19700209,9.72996,9.72996,9.45817,9.45817,6209,21.75000
ADP-200010,19700210,9.34946,9.67560,9.02332,9.24075,13798,21.25000
ADP-200010,19700211,9.02332,9.24075,8.80589,8.96896,32425,20.62500
ADP-200010,19700212,9.07767,9.13203,9.02332,9.07767,4370,20.87500
ADP-200010,19700213,8.91460,9.13203,8.69717,8.91460,14948,20.50000
ADP-200010,19700216,8.80589,8.80589,8.47974,8.47974,10579,19.50000
ADP-200010,19700217,8.47974,8.80589,8.47974,8.80589,7589,20.25000
ADP-200010,19700218,9.02332,9.18639,8.80589,9.02332,14948,20.75000
ADP-200010,19700219,8.91460,9.02332,8.75153,8.80589,11728,20.25000
ADP-200010,19700220,8.69717,8.91460,8.69717,8.91460,16328,20.50000
ADP-200010,19700224,9.07767,9.07767,8.91460,8.91460,6669,20.50000
ADP-200010,19700225,8.69717,8.86024,8.58846,8.69717,5520,20.00000
ADP-200010,19700226,8.64282,8.80589,8.47974,8.69717,7359,20.00000
ADP-200010,19700227,8.47974,8.58846,8.37103,8.53410,25986,19.62500
ADP-200010,19700302,9.24075,9.83868,8.69717,9.45817,39094,21.75000
ADP-200010,19700303,9.78432,9.94739,9.62125,9.89303,22307,22.75000
ADP-200010,19700304,9.94739,10.43661,9.94739,10.43661,22767,24.00000
ADP-200010,19700305,10.43661,10.54532,10.32789,10.49096,23456,24.12500
ADP-200010,19700306,10.11046,10.43661,9.78432,9.94739,12188,22.87500
ADP-200010,19700309,9.67560,9.89303,9.40382,9.62125,15638,22.12500
ADP-200010,19700310,9.67560,9.67560,9.51253,9.51253,3220,21.87500
ADP-200010,19700311,9.56689,9.78432,9.56689,9.78432,4140,22.50000
ADP-200010,19700312,10.00175,10.16482,9.83868,9.89303,20007,22.75000
ADP-200010,19700313,9.89303,9.89303,9.78432,9.78432,1840,22.50000
ADP-200010,19700316,9.67560,10.11046,9.67560,10.11046,9659,23.25000
ADP-200010,19700317,10.05610,10.05610,10.00175,10.00175,7359,23.00000
ADP-200010,19700318,10.00175,10.00175,9.94739,9.94739,1840,22.87500
ADP-200010,19700319,9.94739,9.94739,9.78432,9.78432,3680,22.50000
ADP-200010,19700320,9.78432,9.78432,9.72996,9.72996,3450,22.37500
ADP-200010,19700323,9.78432,9.78432,9.56689,9.56689,3220,22.00000
ADP-200010,19700324,9.56689,9.72996,9.56689,9.72996,3450,22.37500
ADP-200010,19700325,10.11046,10.43661,9.78432,10.27353,16788,23.62500
ADP-200010,19700326,10.32789,10.49096,10.16482,10.27353,9199,23.62500
ADP-200010,19700330,10.11046,10.21918,10.11046,10.21918,1380,23.50000
ADP-200010,19700331,10.21918,10.21918,10.16482,10.16482,1380,23.37500
ADP-200010,19700401,10.38225,10.38225,10.00175,10.00175,5749,23.00000
ADP-200010,19700402,9.89303,9.89303,9.78432,9.78432,2300,22.50000
ADP-200010,19700403,9.51253,9.67560,9.34946,9.45817,50132,21.75000
ADP-200010,19700406,9.56689,9.56689,9.24075,9.24075,2070,21.25000
ADP-200010,19700407,9.34946,9.34946,9.13203,9.13203,4370,21.00000
ADP-200010,19700408,9.02332,9.13203,8.96896,9.02332,2760,20.75000
ADP-200010,19700409,8.80589,8.91460,8.75153,8.86024,7129,20.37500
ADP-200010,19700410,8.86024,8.91460,8.80589,8.86024,7819,20.37500
ADP-200010,19700413,8.80589,8.80589,8.69717,8.69717,3680,20.00000
ADP-200010,19700414,8.37103,8.37103,8.37103,8.37103,2760,19.25000
ADP-200010,19700415,8.64282,8.64282,8.31667,8.31667,13108,19.12500
ADP-200010,19700416,8.42539,8.42539,8.26231,8.26231,3680,19.00000
ADP-200010,19700417,8.26231,8.37103,8.20796,8.26231,5290,19.00000
ADP-200010,19700420,8.15360,8.31667,8.15360,8.31667,3450,19.12500
ADP-200010,19700421,8.26231,8.37103,8.09924,8.20796,5290,18.87500
ADP-200010,19700422,8.15360,8.15360,7.82746,7.82746,4600,18.00000
ADP-200010,19700423,7.88181,7.88181,7.39260,7.39260,8739,17.00000
ADP-200010,19700424,7.17517,7.33824,7.17517,7.33824,11728,16.87500
ADP-200010,19700427,7.61003,7.61003,6.95774,6.95774,6899,16.00000
ADP-200010,19700428,7.33824,7.33824,6.74031,6.74031,9659,15.50000
ADP-200010,19700429,6.63160,7.33824,6.63160,7.33824,9429,16.87500
ADP-200010,19700430,7.28388,7.66438,6.95774,7.12081,14488,16.37500
ADP-200010,19700501,7.06645,7.17517,6.95774,7.06645,7359,16.25000
ADP-200010,19700504,6.95774,6.95774,6.52288,6.52288,11728,15.00000
ADP-200010,19700505,6.63160,6.74031,6.57724,6.63160,4140,15.25000
ADP-200010,19700506,6.90338,7.17517,6.63160,6.84902,14028,15.75000
ADP-200010,19700507,6.90338,7.06645,6.74031,6.79467,3680,15.62500
ADP-200010,19700508,6.90338,6.95774,6.90338,6.95774,1150,16.00000
ADP-200010,19700511,7.06645,7.06645,6.74031,6.74031,4600,15.50000
ADP-200010,19700512,6.74031,7.06645,6.74031,7.06645,4140,16.25000
ADP-200010,19700513,6.68595,6.95774,6.41417,6.52288,12648,15.00000
ADP-200010,19700514,6.19674,6.41417,6.19674,6.41417,7129,14.75000
ADP-200010,19700515,6.63160,6.63160,6.46852,6.46852,5749,14.87500
ADP-200010,19700518,6.52288,6.52288,6.30545,6.30545,18627,14.50000
ADP-200010,19700519,6.30545,6.30545,6.19674,6.19674,3450,14.25000
ADP-200010,19700520,6.19674,6.19674,5.76188,5.76188,9199,13.25000
ADP-200010,19700521,5.76188,5.76188,5.43573,5.43573,10119,12.50000
ADP-200010,19700522,5.65316,5.76188,5.59881,5.65316,8969,13.00000
ADP-200010,19700525,5.59881,5.59881,5.21831,5.21831,12878,12.00000
ADP-200010,19700526,5.27266,5.54445,5.00088,5.10959,10119,11.75000
ADP-200010,19700527,5.05523,5.87059,5.05523,5.87059,11269,13.50000
ADP-200010,19700528,6.08802,6.41417,5.70752,6.30545,63239,14.50000
ADP-200010,19700529,6.14238,6.41417,6.14238,6.41417,11498,14.75000
ADP-200010,19700601,6.41417,6.57724,6.30545,6.46852,10809,14.87500
ADP-200010,19700602,6.52288,6.63160,6.41417,6.52288,6899,15.00000
ADP-200010,19700603,6.68595,7.06645,6.30545,6.68595,21617,15.37500
ADP-200010,19700604,6.84902,6.84902,6.35981,6.35981,4140,14.62500
ADP-200010,19700605,6.30545,6.30545,5.87059,5.87059,6209,13.50000
ADP-200010,19700608,5.97931,6.14238,5.97931,6.14238,2990,14.12500
ADP-200010,19700609,5.97931,6.14238,5.97931,6.14238,1380,14.12500
ADP-200010,19700610,6.19674,6.19674,6.08802,6.08802,2070,14.00000
ADP-200010,19700611,5.97931,5.97931,5.97931,5.97931,1840,13.75000
ADP-200010,19700612,5.76188,5.87059,5.59881,5.70752,5290,13.12500
ADP-200010,19700615,5.59881,5.76188,5.43573,5.54445,6209,12.75000
ADP-200010,19700616,5.70752,5.92495,5.49009,5.76188,5290,13.25000
ADP-200010,19700617,5.97931,6.08802,5.87059,5.97931,6209,13.75000
ADP-200010,19700618,5.87059,5.97931,5.76188,5.81624,4830,13.37500
ADP-200010,19700619,5.87059,5.97931,5.81624,5.87059,2760,13.50000
ADP-200010,19700622,5.81624,5.81624,5.54445,5.54445,3910,12.75000
ADP-200010,19700623,5.70752,5.70752,5.32702,5.32702,5520,12.25000
ADP-200010,19700624,5.32702,5.49009,5.10959,5.21831,30355,12.00000
ADP-200010,19700625,5.27266,5.32702,5.21831,5.27266,3450,12.12500
ADP-200010,19700626,5.10959,5.43573,5.10959,5.43573,6899,12.50000
ADP-200010,19700629,5.38138,5.38138,5.27266,5.27266,1840,12.12500
ADP-200010,19700630,5.21831,5.27266,5.10959,5.21831,2300,12.00000
ADP-200010,19700701,5.32702,5.32702,5.05523,5.05523,5060,11.62500
ADP-200010,19700702,5.05523,5.16395,5.05523,5.16395,4600,11.87500
ADP-200010,19700706,5.32702,5.32702,5.10959,5.10959,1610,11.75000
ADP-200010,19700707,5.21831,5.21831,5.10959,5.10959,2070,11.75000
ADP-200010,19700708,5.10959,5.16395,5.10959,5.16395,2760,11.87500
ADP-200010,19700709,5.21831,5.32702,5.05523,5.16395,8509,11.87500
ADP-200010,19700710,5.27266,5.38138,5.16395,5.21831,6899,12.00000
ADP-200010,19700713,5.32702,5.32702,5.21831,5.21831,4140,12.00000
ADP-200010,19700714,5.10959,5.32702,5.10959,5.32702,41393,12.25000
ADP-200010,19700715,5.43573,5.76188,5.43573,5.76188,1150,13.25000
ADP-200010,19700716,6.14238,6.41417,5.87059,6.30545,5290,14.50000
ADP-200010,19700717,6.35981,6.52288,6.35981,6.52288,4370,15.00000
ADP-200010,19700720,6.63160,6.63160,6.35981,6.35981,9889,14.62500
ADP-200010,19700721,6.46852,6.46852,6.19674,6.19674,6669,14.25000
ADP-200010,19700722,6.19674,6.19674,6.14238,6.14238,7819,14.12500
ADP-200010,19700723,5.97931,6.14238,5.87059,6.08802,34724,14.00000
ADP-200010,19700724,5.97931,6.19674,5.97931,6.19674,3450,14.25000
ADP-200010,19700727,6.35981,6.35981,6.14238,6.14238,3910,14.12500
ADP-200010,19700728,6.14238,6.19674,6.08802,6.14238,1840,14.12500
ADP-200010,19700729,6.08802,6.30545,5.92495,6.19674,25526,14.25000
ADP-200010,19700730,6.08802,6.08802,5.92495,5.92495,114061,13.62500
ADP-200010,19700731,5.97931,5.97931,5.70752,5.70752,2760,13.12500
ADP-200010,19700803,5.70752,5.97931,5.70752,5.97931,3220,13.75000
ADP-200010,19700804,5.87059,5.87059,5.70752,5.70752,1840,13.12500
ADP-200010,19700805,5.76188,5.76188,5.70752,5.70752,1380,13.12500
ADP-200010,19700806,5.81624,5.81624,5.65316,5.65316,4140,13.00000
ADP-200010,19700807,5.76188,5.76188,5.65316,5.65316,2070,13.00000
ADP-200010,19700810,5.92495,5.92495,5.76188,5.76188,1840,13.25000
ADP-200010,19700811,5.65316,5.76188,5.65316,5.76188,3450,13.25000
ADP-200010,19700812,5.81624,5.81624,5.76188,5.76188,2530,13.25000
ADP-200010,19700813,5.59881,5.59881,5.59881,5.59881,2300,12.87500
ADP-200010,19700814,5.54445,5.59881,5.43573,5.54445,2070,12.75000
ADP-200010,19700817,5.54445,5.54445,5.54445,5.54445,230,12.75000
ADP-200010,19700818,5.59881,5.59881,5.54445,5.54445,1840,12.75000
ADP-200010,19700819,5.59881,5.59881,5.59881,5.59881,690,12.87500
ADP-200010,19700820,5.59881,5.59881,5.54445,5.54445,4830,12.75000
ADP-200010,19700821,5.43573,5.65316,5.43573,5.65316,8049,13.00000
ADP-200010,19700824,5.87059,6.08802,5.87059,6.08802,7819,14.00000
ADP-200010,19700825,6.03366,6.03366,5.87059,5.87059,4140,13.50000
ADP-200010,19700826,6.08802,6.25109,5.97931,6.19674,4370,14.25000
ADP-200010,19700827,5.92495,6.19674,5.92495,6.19674,9199,14.25000
ADP-200010,19700828,6.19674,6.46852,6.19674,6.46852,6209,14.87500
ADP-200010,19700831,6.46852,6.52288,6.46852,6.52288,5979,15.00000
ADP-200010,19700901,7.28388,7.28388,6.74031,6.74031,9199,15.50000
ADP-200010,19700902,6.57724,6.74031,6.41417,6.52288,4370,15.00000
ADP-200010,19700903,6.57724,6.57724,6.41417,6.41417,1380,14.75000
ADP-200010,19700904,6.41417,6.52288,6.41417,6.52288,10119,15.00000
ADP-200010,19700908,6.52288,6.52288,6.41417,6.41417,7359,14.75000
ADP-200010,19700909,6.52288,6.52288,6.41417,6.41417,4830,14.75000
ADP-200010,19700910,6.79467,7.17517,6.41417,7.12081,29205,16.37500
ADP-200010,19700911,7.39260,7.61003,7.22953,7.44695,28286,17.12500
ADP-200010,19700914,7.28388,7.39260,7.12081,7.28388,11269,16.75000
ADP-200010,19700915,7.06645,7.17517,7.06645,7.17517,7359,16.50000
ADP-200010,19700916,7.17517,7.28388,7.06645,7.17517,5749,16.50000
ADP-200010,19700917,7.28388,7.50131,7.06645,7.22953,14488,16.62500
ADP-200010,19700918,7.01210,7.17517,7.01210,7.17517,19547,16.50000
ADP-200010,19700921,7.17517,7.17517,6.95774,6.95774,7589,16.00000
ADP-200010,19700922,6.95774,6.95774,6.79467,6.79467,7129,15.62500
ADP-200010,19700923,7.12081,7.39260,6.84902,7.12081,6899,16.37500
ADP-200010,19700924,7.39260,7.61003,7.22953,7.39260,13798,17.00000
ADP-200010,19700925,7.39260,7.50131,7.28388,7.44695,14718,17.12500
ADP-200010,19700928,7.28388,7.66438,7.28388,7.66438,8739,17.62500
ADP-200010,19700929,7.82746,8.04488,7.61003,7.93617,24376,18.25000
ADP-200010,19700930,8.20796,8.20796,8.04488,8.04488,19087,18.50000
ADP-200010,19701001,7.61003,7.82746,7.61003,7.82746,3910,18.00000
ADP-200010,19701002,7.99053,7.99053,7.82746,7.82746,3680,18.00000
ADP-200010,19701005,7.82746,7.88181,7.71874,7.82746,4370,18.00000
ADP-200010,19701006,7.82746,7.82746,7.39260,7.39260,9199,17.00000
ADP-200010,19701007,7.39260,7.61003,7.17517,7.44695,6439,17.12500
ADP-200010,19701008,7.66438,7.66438,7.44695,7.44695,3910,17.12500
ADP-200010,19701009,7.33824,7.33824,7.17517,7.17517,5290,16.50000
ADP-200010,19701012,7.06645,7.22953,6.90338,7.06645,8049,16.25000
ADP-200010,19701013,6.84902,6.95774,6.84902,6.95774,2990,16.00000
ADP-200010,19701014,6.95774,6.95774,6.74031,6.74031,4600,15.50000
ADP-200010,19701015,6.84902,6.95774,6.84902,6.95774,920,16.00000
ADP-200010,19701016,6.90338,6.90338,6.79467,6.79467,1840,15.62500
ADP-200010,19701019,6.52288,6.68595,6.35981,6.41417,7129,14.75000
ADP-200010,19701020,6.25109,6.30545,6.25109,6.30545,7129,14.50000
ADP-200010,19701021,6.35981,6.35981,6.19674,6.19674,7819,14.25000
ADP-200010,19701022,6.08802,6.14238,6.08802,6.14238,6669,14.12500
ADP-200010,19701023,6.14238,6.52288,6.14238,6.52288,17477,15.00000
ADP-200010,19701026,6.30545,6.46852,6.19674,6.30545,8049,14.50000
ADP-200010,19701027,6.30545,6.41417,6.25109,6.30545,2990,14.50000
ADP-200010,19701028,6.14238,6.41417,6.14238,6.41417,4830,14.75000
ADP-200010,19701029,6.41417,6.41417,6.19674,6.19674,2990,14.25000
ADP-200010,19701030,6.14238,6.30545,6.14238,6.30545,2990,14.50000
ADP-200010,19701102,6.35981,6.41417,6.30545,6.35981,2070,14.62500
ADP-200010,19701103,6.52288,6.68595,6.30545,6.52288,11269,15.00000
ADP-200010,19701104,6.68595,6.68595,6.46852,6.46852,7359,14.87500
ADP-200010,19701105,6.46852,6.52288,6.46852,6.52288,1610,15.00000
ADP-200010,19701106,6.52288,6.63160,6.52288,6.63160,2990,15.25000
ADP-200010,19701109,6.63160,6.63160,6.35981,6.35981,5060,14.62500
ADP-200010,19701110,6.30545,6.46852,6.08802,6.30545,6439,14.50000
ADP-200010,19701111,6.52288,6.52288,6.19674,6.19674,7129,14.25000
ADP-200010,19701112,6.19674,6.25109,6.08802,6.14238,5290,14.12500
ADP-200010,19701113,6.14238,6.14238,5.76188,5.76188,6899,13.25000
ADP-200010,19701116,5.92495,5.92495,5.76188,5.76188,5520,13.25000
ADP-200010,19701117,5.81624,5.81624,5.65316,5.65316,5749,13.00000
ADP-200010,19701118,5.70752,5.70752,5.65316,5.65316,5520,13.00000
ADP-200010,19701119,5.76188,5.76188,5.65316,5.65316,5290,13.00000
ADP-200010,19701120,5.54445,5.76188,5.54445,5.76188,3450,13.25000
ADP-200010,19701123,5.81624,5.81624,5.54445,5.54445,8739,12.75000
ADP-200010,19701124,5.54445,5.65316,5.54445,5.65316,5290,13.00000
ADP-200010,19701125,5.65316,5.76188,5.65316,5.76188,2760,13.25000
ADP-200010,19701127,5.81624,5.92495,5.70752,5.87059,2990,13.50000
ADP-200010,19701130,5.97931,6.08802,5.87059,6.03366,5060,13.87500
ADP-200010,19701201,6.14238,6.25109,6.03366,6.08802,5520,14.00000
ADP-200010,19701202,5.92495,6.30545,5.92495,6.30545,6669,14.50000
ADP-200010,19701203,6.03366,6.30545,5.76188,5.87059,8739,13.50000
ADP-200010,19701204,6.03366,6.19674,5.87059,6.08802,6439,14.00000
ADP-200010,19701207,6.57724,6.57724,6.25109,6.25109,13798,14.37500
ADP-200010,19701208,6.08802,6.14238,5.97931,6.03366,7129,13.87500
ADP-200010,19701209,6.08802,6.08802,6.03366,6.03366,3680,13.87500
ADP-200010,19701210,6.03366,6.03366,5.92495,5.92495,7129,13.62500
ADP-200010,19701211,6.14238,6.25109,6.03366,6.14238,6209,14.12500
ADP-200010,19701214,6.30545,6.46852,6.14238,6.25109,8279,14.37500
ADP-200010,19701215,6.19674,6.30545,6.19674,6.30545,3910,14.50000
ADP-200010,19701216,6.30545,6.46852,6.19674,6.35981,5979,14.62500
ADP-200010,19701217,6.41417,6.63160,6.19674,6.52288,13338,15.00000
ADP-200010,19701218,6.52288,6.52288,6.30545,6.30545,8739,14.50000
ADP-200010,19701221,6.41417,6.52288,6.35981,6.46852,15868,14.87500
ADP-200010,19701222,6.41417,6.41417,6.25109,6.25109,7129,14.37500
ADP-200010,19701223,6.19674,6.41417,6.19674,6.41417,10349,14.75000
ADP-200010,19701224,6.46852,6.52288,6.41417,6.46852,6209,14.87500
ADP-200010,19701228,6.79467,7.06645,6.52288,6.95774,10119,16.00000
ADP-200010,19701229,6.95774,7.06645,6.90338,7.01210,11498,16.12500
ADP-200010,19701230,7.01210,7.17517,7.01210,7.17517,13798,16.50000
ADP-200010,19701231,7.17517,7.17517,6.95774,6.95774,10119,16.00000
ADP-200010,19710104,7.12081,7.17517,7.12081,7.17517,5290,16.50000
ADP-200010,19710105,7.17517,7.28388,7.12081,7.17517,3450,16.50000
ADP-200010,19710106,7.28388,7.50131,7.28388,7.50131,14258,17.25000
ADP-200010,19710107,7.61003,7.61003,7.39260,7.39260,8049,17.00000
ADP-200010,19710108,7.39260,7.39260,7.06645,7.06645,4600,16.25000
ADP-200010,19710111,7.12081,7.28388,6.95774,7.06645,9659,16.25000
ADP-200010,19710112,6.95774,7.33824,6.95774,7.33824,5979,16.87500
ADP-200010,19710113,7.44695,7.44695,7.06645,7.06645,7589,16.25000
ADP-200010,19710114,7.06645,7.28388,7.06645,7.28388,4370,16.75000
ADP-200010,19710115,7.22953,7.39260,7.22953,7.39260,7129,17.00000
ADP-200010,19710118,7.44695,7.44695,7.39260,7.39260,2990,17.00000
ADP-200010,19710119,7.33824,7.39260,7.28388,7.33824,2990,16.87500
ADP-200010,19710120,7.28388,7.33824,7.22953,7.28388,2530,16.75000
ADP-200010,19710121,7.44695,7.61003,7.28388,7.44695,6669,17.12500
ADP-200010,19710122,7.71874,7.77310,7.61003,7.71874,9659,17.75000
ADP-200010,19710125,7.82746,7.93617,7.66438,7.82746,12188,18.00000
ADP-200010,19710126,7.71874,7.88181,7.71874,7.88181,17247,18.12500
ADP-200010,19710127,7.82746,7.82746,7.61003,7.61003,10349,17.50000
ADP-200010,19710128,7.61003,7.71874,7.61003,7.71874,4140,17.75000
ADP-200010,19710129,7.61003,7.71874,7.50131,7.61003,12648,17.50000
ADP-200010,19710201,7.61003,7.77310,7.44695,7.55567,13108,17.37500
ADP-200010,19710202,7.50131,7.55567,7.44695,7.50131,11269,17.25000
ADP-200010,19710203,7.50131,7.55567,7.39260,7.44695,9199,17.12500
ADP-200010,19710204,7.44695,7.44695,7.06645,7.06645,14488,16.25000
ADP-200010,19710205,7.22953,7.33824,7.12081,7.28388,13568,16.75000
ADP-200010,19710208,7.44695,7.82746,7.44695,7.82746,43233,18.00000
ADP-200010,19710209,7.82746,7.93617,7.77310,7.82746,20237,18.00000
ADP-200010,19710210,7.77310,7.88181,7.66438,7.71874,7589,17.75000
ADP-200010,19710211,7.88181,7.88181,7.71874,7.71874,8279,17.75000
ADP-200010,19710212,7.71874,7.82746,7.66438,7.71874,8509,17.75000
ADP-200010,19710216,8.26231,8.58846,7.99053,8.09924,55881,18.62500
ADP-200010,19710217,8.15360,8.26231,8.04488,8.15360,33115,18.75000
ADP-200010,19710218,8.04488,8.15360,8.04488,8.15360,5060,18.75000
ADP-200010,19710219,7.99053,8.15360,7.82746,7.99053,7129,18.37500
ADP-200010,19710222,7.82746,7.82746,7.39260,7.39260,18627,17.00000
ADP-200010,19710223,7.55567,7.66438,7.44695,7.61003,9659,17.50000
ADP-200010,19710224,7.77310,7.77310,7.61003,7.61003,10809,17.50000
ADP-200010,19710225,7.71874,7.71874,7.44695,7.44695,17018,17.12500
ADP-200010,19710226,7.50131,7.55567,7.39260,7.50131,5290,17.25000
ADP-200010,19710301,7.55567,7.88181,7.55567,7.88181,6209,18.12500
ADP-200010,19710302,8.04488,8.04488,7.82746,7.82746,3910,18.00000
ADP-200010,19710303,7.82746,7.93617,7.66438,7.82746,12188,18.00000
ADP-200010,19710304,7.93617,7.93617,7.77310,7.77310,14028,17.87500
ADP-200010,19710305,7.82746,8.15360,7.82746,8.15360,20927,18.75000
ADP-200010,19710308,8.15360,8.37103,8.15360,8.37103,22996,19.25000
ADP-200010,19710309,8.58846,8.58846,8.26231,8.26231,21387,19.00000
ADP-200010,19710310,8.53410,8.53410,8.15360,8.15360,8049,18.75000
ADP-200010,19710311,8.26231,8.37103,8.15360,8.26231,12878,19.00000
ADP-200010,19710312,8.26231,8.26231,8.09924,8.09924,7589,18.62500
ADP-200010,19710315,8.26231,8.75153,8.26231,8.75153,28975,20.12500
ADP-200010,19710316,9.13203,9.13203,8.69717,8.69717,26446,20.00000
ADP-200010,19710317,8.69717,8.75153,8.64282,8.69717,7819,20.00000
ADP-200010,19710318,8.69717,8.86024,8.53410,8.64282,8279,19.87500
ADP-200010,19710319,8.64282,8.64282,8.37103,8.37103,6669,19.25000
ADP-200010,19710322,8.26231,8.37103,8.09924,8.15360,7359,18.75000
ADP-200010,19710323,7.99053,8.09924,7.88181,7.99053,8279,18.37500
ADP-200010,19710324,7.82746,8.04488,7.82746,8.04488,10119,18.50000
ADP-200010,19710325,7.93617,8.09924,7.82746,8.04488,4370,18.50000
ADP-200010,19710326,8.04488,8.26231,8.04488,8.26231,5520,19.00000
ADP-200010,19710329,8.47974,8.47974,8.26231,8.26231,7589,19.00000
ADP-200010,19710330,8.26231,8.31667,8.26231,8.31667,1610,19.12500
ADP-200010,19710331,8.26231,8.37103,8.09924,8.31667,11498,19.12500
ADP-200010,19710401,8.37103,8.37103,8.26231,8.26231,3220,19.00000
ADP-200010,19710402,8.31667,8.31667,8.26231,8.26231,6439,19.00000
ADP-200010,19710405,8.37103,8.37103,8.26231,8.26231,9659,19.00000
ADP-200010,19710406,8.37103,8.37103,8.26231,8.26231,7589,19.00000
ADP-200010,19710407,8.37103,8.42539,8.26231,8.31667,13798,19.12500
ADP-200010,19710408,8.37103,8.42539,8.26231,8.31667,9889,19.12500
ADP-200010,19710412,8.42539,8.42539,8.26231,8.26231,12878,19.00000
ADP-200010,19710413,8.26231,8.26231,8.09924,8.09924,8969,18.62500
ADP-200010,19710414,8.04488,8.20796,7.93617,8.09924,15178,18.62500
ADP-200010,19710415,8.09924,8.26231,8.09924,8.26231,12418,19.00000
ADP-200010,19710416,8.26231,8.26231,8.15360,8.15360,6209,18.75000
ADP-200010,19710419,8.15360,8.26231,8.09924,8.15360,5520,18.75000
ADP-200010,19710420,8.09924,8.20796,8.09924,8.20796,4600,18.87500
ADP-200010,19710421,8.20796,8.20796,8.09924,8.09924,4140,18.62500
ADP-200010,19710422,8.15360,8.15360,8.09924,8.09924,4830,18.62500
ADP-200010,19710423,8.15360,8.20796,8.09924,8.15360,10809,18.75000
ADP-200010,19710426,8.15360,8.26231,8.09924,8.15360,8049,18.75000
ADP-200010,19710427,8.20796,8.26231,8.15360,8.20796,7819,18.87500
ADP-200010,19710428,8.31667,8.31667,8.15360,8.15360,12418,18.75000
ADP-200010,19710429,8.47974,8.69717,8.20796,8.58846,14028,19.75000
ADP-200010,19710430,8.58846,8.69717,8.42539,8.64282,17247,19.87500
ADP-200010,19710503,8.47974,9.18639,8.47974,9.18639,43003,21.12500
ADP-200010,19710504,9.29510,9.29510,8.91460,8.91460,22537,20.50000
ADP-200010,19710505,8.15360,8.91460,8.15360,8.91460,28975,20.50000
ADP-200010,19710506,8.86024,9.02332,8.69717,8.75153,9659,20.12500
ADP-200010,19710507,8.42539,8.58846,8.26231,8.47974,9429,19.50000
ADP-200010,19710510,8.42539,8.53410,8.42539,8.53410,5060,19.62500
ADP-200010,19710511,8.58846,8.75153,8.37103,8.58846,4830,19.75000
ADP-200010,19710512,8.58846,8.69717,8.47974,8.53410,15408,19.62500
ADP-200010,19710513,8.75153,8.75153,8.31667,8.31667,16558,19.12500
ADP-200010,19710514,8.26231,8.47974,8.04488,8.37103,22996,19.25000
ADP-200010,19710517,8.15360,8.31667,7.99053,8.15360,20697,18.75000
ADP-200010,19710518,8.04488,8.26231,8.04488,8.26231,3910,19.00000
ADP-200010,19710519,8.20796,8.26231,8.15360,8.20796,3220,18.87500
ADP-200010,19710520,8.26231,8.37103,8.26231,8.37103,12648,19.25000
ADP-200010,19710521,8.26231,8.37103,8.26231,8.37103,2530,19.25000
ADP-200010,19710524,8.37103,8.37103,7.82746,7.82746,31505,18.00000
ADP-200010,19710525,7.66438,8.04488,7.66438,8.04488,24376,18.50000
ADP-200010,19710526,7.99053,8.04488,7.99053,8.04488,1380,18.50000
ADP-200010,19710527,8.15360,8.15360,8.04488,8.04488,1150,18.50000
ADP-200010,19710528,8.04488,8.04488,8.04488,8.04488,3450,18.50000
ADP-200010,19710601,8.31667,8.47974,8.15360,8.37103,3220,19.25000
ADP-200010,19710602,8.58846,8.91460,8.26231,8.80589,22077,20.25000
ADP-200010,19710603,8.69717,8.69717,8.47974,8.47974,12418,19.50000
ADP-200010,19710604,8.37103,8.64282,8.15360,8.26231,11498,19.00000
ADP-200010,19710607,8.15360,8.26231,8.09924,8.15360,1380,18.75000
ADP-200010,19710608,8.15360,8.26231,8.15360,8.26231,4600,19.00000
ADP-200010,19710609,8.20796,8.31667,8.20796,8.31667,1150,19.12500
ADP-200010,19710610,8.15360,8.26231,8.15360,8.26231,2760,19.00000
ADP-200010,19710611,8.09924,8.26231,8.09924,8.26231,6899,19.00000
ADP-200010,19710614,8.26231,8.26231,8.15360,8.15360,2760,18.75000
ADP-200010,19710615,8.15360,8.26231,8.15360,8.26231,3680,19.00000
ADP-200010,19710616,8.26231,8.31667,8.20796,8.26231,3220,19.00000
ADP-200010,19710617,8.37103,8.42539,8.26231,8.37103,10349,19.25000
ADP-200010,19710618,8.26231,8.26231,7.93617,7.93617,3910,18.25000
ADP-200010,19710621,7.82746,7.82746,7.39260,7.39260,6209,17.00000
ADP-200010,19710622,7.28388,7.61003,7.01210,7.12081,4830,16.37500
ADP-200010,19710623,7.44695,7.55567,7.33824,7.39260,3450,17.00000
ADP-200010,19710624,7.50131,7.50131,7.44695,7.44695,2070,17.12500
ADP-200010,19710625,7.50131,7.55567,7.39260,7.50131,2530,17.25000
ADP-200010,19710628,7.39260,7.50131,7.39260,7.50131,1610,17.25000
ADP-200010,19710629,7.44695,7.50131,7.44695,7.50131,1150,17.25000
ADP-200010,19710630,7.55567,7.55567,7.39260,7.39260,2070,17.00000
ADP-200010,19710701,7.39260,7.50131,7.33824,7.39260,2300,17.00000
ADP-200010,19710702,7.39260,7.39260,7.39260,7.39260,1840,17.00000
ADP-200010,19710706,7.39260,7.39260,7.39260,7.39260,690,17.00000
ADP-200010,19710707,7.39260,7.39260,7.39260,7.39260,6209,17.00000
ADP-200010,19710708,7.50131,7.66438,7.50131,7.66438,5749,17.62500
ADP-200010,19710709,7.61003,7.71874,7.50131,7.61003,3450,17.50000
ADP-200010,19710712,7.50131,7.50131,7.44695,7.44695,4600,17.12500
ADP-200010,19710713,7.39260,7.39260,7.33824,7.33824,3220,16.87500
ADP-200010,19710714,7.17517,7.33824,7.17517,7.33824,5520,16.87500
ADP-200010,19710715,7.39260,7.44695,7.28388,7.39260,2070,17.00000
ADP-200010,19710716,7.44695,7.44695,7.28388,7.28388,2300,16.75000
ADP-200010,19710719,7.28388,7.39260,7.28388,7.39260,2070,17.00000
ADP-200010,19710720,7.39260,7.39260,7.22953,7.22953,2530,16.62500
ADP-200010,19710721,7.33824,7.50131,7.33824,7.50131,7129,17.25000
ADP-200010,19710722,7.50131,7.50131,7.39260,7.39260,4370,17.00000
ADP-200010,19710723,7.28388,7.39260,7.28388,7.39260,2070,17.00000
ADP-200010,19710726,7.33824,7.33824,7.33824,7.33824,2070,16.87500
ADP-200010,19710727,7.17517,7.39260,7.17517,7.39260,5979,17.00000
ADP-200010,19710728,7.28388,7.39260,7.28388,7.39260,3680,17.00000
ADP-200010,19710729,7.39260,7.39260,7.28388,7.28388,3910,16.75000
ADP-200010,19710730,7.28388,7.39260,7.17517,7.22953,3220,16.62500
ADP-200010,19710802,7.33824,7.33824,7.17517,7.17517,7589,16.50000
ADP-200010,19710803,7.17517,7.17517,6.79467,6.79467,5749,15.62500
ADP-200010,19710804,6.68595,6.90338,6.46852,6.63160,8049,15.25000
ADP-200010,19710805,6.63160,6.74031,6.57724,6.68595,2530,15.37500
ADP-200010,19710806,6.63160,6.68595,6.57724,6.63160,1840,15.25000
ADP-200010,19710809,6.63160,6.63160,6.41417,6.41417,3910,14.75000
ADP-200010,19710810,6.46852,6.46852,6.30545,6.30545,1380,14.50000
ADP-200010,19710811,6.35981,6.52288,6.35981,6.52288,3450,15.00000
ADP-200010,19710812,6.52288,6.84902,6.52288,6.84902,5290,15.75000
ADP-200010,19710813,7.01210,7.06645,6.95774,7.01210,5060,16.12500
ADP-200010,19710816,8.42539,8.42539,7.82746,7.82746,21387,18.00000
ADP-200010,19710817,7.93617,8.15360,7.66438,8.04488,12418,18.50000
ADP-200010,19710818,8.20796,8.20796,7.93617,7.93617,10809,18.25000
ADP-200010,19710819,7.77310,7.82746,7.71874,7.77310,4370,17.87500
ADP-200010,19710820,7.77310,7.77310,7.44695,7.44695,2530,17.12500
ADP-200010,19710823,7.55567,7.71874,7.39260,7.61003,7359,17.50000
ADP-200010,19710824,7.55567,7.61003,7.55567,7.61003,1840,17.50000
ADP-200010,19710825,7.71874,7.77310,7.61003,7.66438,5290,17.62500
ADP-200010,19710826,7.71874,7.77310,7.61003,7.66438,3450,17.62500
ADP-200010,19710827,7.71874,7.77310,7.61003,7.71874,2990,17.75000
ADP-200010,19710830,7.82746,7.93617,7.71874,7.82746,4370,18.00000
ADP-200010,19710831,7.82746,7.93617,7.82746,7.93617,2300,18.25000
ADP-200010,19710901,7.88181,8.09924,7.88181,8.09924,5290,18.62500
ADP-200010,19710902,8.42539,8.69717,8.15360,8.53410,21617,19.62500
ADP-200010,19710903,8.69717,9.02332,8.69717,9.02332,29205,20.75000
ADP-200010,19710907,9.29510,9.29510,9.07767,9.07767,38864,20.87500
ADP-200010,19710908,9.02332,9.34946,9.02332,9.34946,15408,21.50000
ADP-200010,19710909,9.34946,9.34946,9.07767,9.07767,15868,20.87500
ADP-200010,19710910,8.91460,9.07767,8.75153,8.96896,17018,20.62500
ADP-200010,19710913,8.86024,8.86024,8.69717,8.69717,6669,20.00000
ADP-200010,19710914,8.64282,8.80589,8.47974,8.58846,12878,19.75000
ADP-200010,19710915,8.69717,8.86024,8.69717,8.86024,5520,20.37500
ADP-200010,19710916,8.86024,8.96896,8.75153,8.80589,11728,20.25000
ADP-200010,19710917,8.91460,9.13203,8.91460,9.13203,7359,21.00000
ADP-200010,19710920,9.24075,9.24075,9.02332,9.02332,3680,20.75000
ADP-200010,19710921,8.91460,8.91460,8.64282,8.64282,7129,19.87500
ADP-200010,19710922,8.47974,8.69717,8.47974,8.69717,8049,20.00000
ADP-200010,19710923,8.58846,8.86024,8.58846,8.86024,13798,20.37500
ADP-200010,19710924,8.96896,8.96896,8.69717,8.69717,7589,20.00000
ADP-200010,19710927,8.58846,8.58846,8.47974,8.47974,1380,19.50000
ADP-200010,19710928,8.47974,8.47974,8.42539,8.42539,690,19.37500
ADP-200010,19710929,8.47974,8.53410,8.47974,8.53410,2300,19.62500
ADP-200010,19710930,8.47974,8.47974,8.47974,8.47974,1380,19.50000
ADP-200010,19711001,8.75153,8.91460,8.58846,8.75153,2990,20.12500
ADP-200010,19711004,8.86024,9.13203,8.86024,9.13203,7589,21.00000
ADP-200010,19711005,8.96896,9.02332,8.91460,8.96896,3910,20.62500
ADP-200010,19711006,9.02332,9.13203,8.96896,9.07767,9199,20.87500
ADP-200010,19711007,9.02332,9.24075,9.02332,9.24075,20007,21.25000
ADP-200010,19711008,9.56689,9.89303,9.24075,9.78432,39324,22.50000
ADP-200010,19711011,9.56689,9.72996,9.45817,9.56689,10119,22.00000
ADP-200010,19711012,9.56689,9.67560,9.45817,9.56689,8049,22.00000
ADP-200010,19711013,9.67560,9.67560,9.56689,9.56689,11958,22.00000
ADP-200010,19711014,9.56689,9.56689,9.24075,9.24075,5749,21.25000
ADP-200010,19711015,9.07767,9.24075,8.91460,9.13203,11269,21.00000
ADP-200010,19711018,9.07767,9.13203,9.02332,9.07767,3220,20.87500
ADP-200010,19711019,8.91460,9.07767,8.75153,8.80589,13108,20.25000
ADP-200010,19711020,9.02332,9.02332,8.58846,8.58846,9429,19.75000
ADP-200010,19711021,8.58846,8.69717,8.58846,8.69717,1610,20.00000
ADP-200010,19711022,8.69717,8.69717,8.69717,8.69717,3220,20.00000
ADP-200010,19711025,8.69717,8.80589,8.64282,8.69717,5060,20.00000
ADP-200010,19711026,8.75153,8.75153,8.58846,8.58846,3680,19.75000
ADP-200010,19711027,8.47974,8.47974,8.26231,8.26231,14028,19.00000
ADP-200010,19711028,8.31667,8.37103,8.26231,8.31667,4140,19.12500
ADP-200010,19711029,8.31667,8.64282,8.31667,8.64282,4370,19.87500
ADP-200010,19711101,8.37103,8.69717,8.04488,8.15360,10349,18.75000
ADP-200010,19711102,8.15360,8.20796,8.04488,8.15360,8279,18.75000
ADP-200010,19711103,8.26231,8.37103,8.15360,8.26231,2300,19.00000
ADP-200010,19711104,8.42539,8.42539,8.20796,8.20796,2530,18.87500
ADP-200010,19711105,7.99053,8.20796,7.99053,8.20796,3910,18.87500
ADP-200010,19711108,8.09924,8.20796,8.09924,8.20796,1840,18.87500
ADP-200010,19711109,8.20796,8.26231,8.20796,8.26231,3910,19.00000
ADP-200010,19711110,8.20796,8.20796,7.88181,7.88181,2760,18.12500
ADP-200010,19711111,7.82746,7.82746,7.61003,7.61003,4830,17.50000
ADP-200010,19711112,7.33824,7.66438,7.33824,7.66438,4600,17.62500
ADP-200010,19711115,7.77310,7.77310,7.50131,7.50131,2300,17.25000
ADP-200010,19711116,7.50131,7.71874,7.50131,7.71874,1840,17.75000
ADP-200010,19711117,7.66438,7.66438,7.39260,7.39260,3450,17.00000
ADP-200010,19711118,7.17517,7.33824,6.95774,7.06645,9889,16.25000
ADP-200010,19711119,6.90338,6.95774,6.90338,6.95774,3220,16.00000
ADP-200010,19711122,6.95774,6.95774,6.90338,6.90338,1380,15.87500
ADP-200010,19711123,6.90338,7.01210,6.79467,6.90338,8279,15.87500
ADP-200010,19711124,6.90338,6.90338,6.74031,6.74031,6439,15.50000
ADP-200010,19711126,6.84902,6.95774,6.84902,6.95774,2300,16.00000
ADP-200010,19711129,7.06645,7.71874,7.06645,7.71874,6669,17.75000
ADP-200010,19711130,7.39260,7.82746,7.39260,7.82746,5290,18.00000
ADP-200010,19711201,7.71874,7.82746,7.61003,7.71874,7129,17.75000
ADP-200010,19711202,7.88181,7.99053,7.88181,7.99053,6899,18.37500
ADP-200010,19711203,7.77310,8.09924,7.77310,8.09924,4830,18.62500
ADP-200010,19711206,8.20796,8.20796,7.88181,7.88181,5290,18.12500
ADP-200010,19711207,7.82746,7.93617,7.82746,7.93617,1150,18.25000
ADP-200010,19711208,7.99053,8.04488,7.93617,7.99053,2300,18.37500
ADP-200010,19711209,7.77310,7.93617,7.77310,7.93617,1840,18.25000
ADP-200010,19711210,7.93617,7.99053,7.82746,7.93617,3450,18.25000
ADP-200010,19711213,8.04488,8.15360,7.93617,8.04488,11269,18.50000
ADP-200010,19711214,8.15360,8.15360,7.88181,7.88181,4370,18.12500
ADP-200010,19711215,7.77310,7.93617,7.77310,7.93617,7819,18.25000
ADP-200010,19711216,8.09924,8.09924,7.93617,7.93617,3680,18.25000
ADP-200010,19711217,8.37103,8.37103,8.09924,8.09924,36564,18.62500
ADP-200010,19711220,8.42539,8.53410,8.31667,8.47974,10119,19.50000
ADP-200010,19711221,8.58846,8.64282,8.47974,8.53410,6209,19.62500
ADP-200010,19711222,8.47974,8.58846,8.37103,8.42539,3220,19.37500
ADP-200010,19711223,8.37103,8.42539,8.26231,8.31667,2990,19.12500
ADP-200010,19711227,8.26231,8.42539,8.26231,8.42539,6439,19.37500
ADP-200010,19711228,8.37103,8.47974,8.31667,8.42539,6439,19.37500
ADP-200010,19711229,8.58846,8.69717,8.58846,8.69717,5520,20.00000
ADP-200010,19711230,8.80589,8.80589,8.58846,8.58846,5290,19.75000
ADP-200010,19711231,8.58846,8.64282,8.58846,8.64282,4370,19.87500
ADP-200010,19720103,8.75153,8.75153,8.58846,8.58846,6899,19.75000
ADP-200010,19720104,8.47974,8.58846,8.37103,8.42539,5520,19.37500
ADP-200010,19720105,8.58846,8.64282,8.47974,8.58846,2760,19.75000
ADP-200010,19720106,8.69717,8.69717,8.47974,8.47974,2530,19.50000
ADP-200010,19720107,8.47974,8.58846,8.47974,8.58846,6209,19.75000
ADP-200010,19720110,8.47974,8.47974,8.37103,8.37103,2760,19.25000
ADP-200010,19720111,8.47974,8.69717,8.47974,8.69717,3680,20.00000
ADP-200010,19720112,8.91460,9.13203,8.75153,9.02332,9429,20.75000
ADP-200010,19720113,8.96896,8.96896,8.86024,8.86024,2300,20.37500
ADP-200010,19720114,8.86024,8.96896,8.86024,8.96896,2530,20.62500
ADP-200010,19720117,8.96896,8.96896,8.75153,8.75153,2530,20.12500
ADP-200010,19720118,8.91460,8.91460,8.80589,8.80589,6209,20.25000
ADP-200010,19720119,9.02332,9.02332,8.69717,8.69717,7359,20.00000
ADP-200010,19720120,8.58846,8.58846,8.26231,8.26231,3680,19.00000
ADP-200010,19720121,8.37103,8.47974,8.26231,8.37103,2300,19.25000
ADP-200010,19720124,8.42539,8.53410,8.31667,8.37103,4600,19.25000
ADP-200010,19720125,8.37103,8.47974,8.26231,8.31667,3220,19.12500
ADP-200010,19720126,8.47974,8.47974,8.26231,8.26231,2760,19.00000
ADP-200010,19720127,8.26231,8.47974,8.26231,8.47974,10809,19.50000
ADP-200010,19720128,8.53410,8.64282,8.53410,8.64282,4830,19.87500
ADP-200010,19720131,8.69717,8.86024,8.69717,8.86024,3680,20.37500
ADP-200010,19720201,8.80589,8.86024,8.69717,8.80589,5290,20.25000
ADP-200010,19720202,8.80589,8.91460,8.69717,8.86024,6209,20.37500
ADP-200010,19720203,9.34946,9.51253,9.13203,9.29510,25296,21.37500
ADP-200010,19720204,9.34946,9.45817,9.24075,9.34946,15178,21.50000
ADP-200010,19720207,9.34946,9.45817,9.24075,9.34946,6899,21.50000
ADP-200010,19720208,9.18639,9.34946,9.18639,9.34946,6899,21.50000
ADP-200010,19720209,9.40382,9.40382,9.13203,9.13203,5290,21.00000
ADP-200010,19720210,9.24075,9.24075,8.91460,8.91460,7819,20.50000
ADP-200010,19720211,8.91460,8.91460,8.69717,8.69717,11498,20.00000
ADP-200010,19720214,9.02332,9.18639,8.80589,8.91460,16558,20.50000
ADP-200010,19720215,9.29510,9.67560,8.91460,9.56689,22307,22.00000
ADP-200010,19720216,9.83868,10.00175,9.67560,9.78432,17937,22.50000
ADP-200010,19720217,9.78432,9.78432,9.62125,9.62125,9889,22.12500
ADP-200010,19720218,9.83868,9.83868,9.40382,9.40382,15638,21.62500
ADP-200010,19720222,9.83868,9.94739,9.72996,9.89303,28975,22.75000
ADP-200010,19720223,10.32789,10.70839,9.94739,10.65404,56801,24.50000
ADP-200010,19720224,10.70839,10.70839,10.21918,10.21918,22996,23.50000
ADP-200010,19720225,10.43661,10.59968,10.32789,10.38225,13338,23.87500
ADP-200010,19720228,10.32789,10.54532,10.11046,10.16482,22767,23.37500
ADP-200010,19720229,10.32789,10.59968,10.32789,10.59968,25986,24.37500
ADP-200010,19720301,10.87146,10.98018,10.70839,10.92582,38404,25.12500
ADP-200010,19720302,10.76275,10.98018,10.59968,10.70839,19777,24.62500
ADP-200010,19720303,10.76275,10.81711,10.70839,10.76275,11269,24.75000
ADP-200010,19720306,10.87146,10.92582,10.81711,10.87146,16328,25.00000
ADP-200010,19720307,10.92582,10.92582,10.76275,10.76275,9659,24.75000
ADP-200010,19720308,10.65404,10.87146,10.65404,10.87146,24606,25.00000
ADP-200010,19720309,10.87146,10.87146,10.43661,10.43661,21157,24.00000
ADP-200010,19720310,10.16482,10.38225,9.94739,10.11046,24376,23.25000
ADP-200010,19720313,10.00175,10.16482,9.78432,9.89303,12648,22.75000
ADP-200010,19720314,10.00175,10.43661,10.00175,10.43661,9889,24.00000
ADP-200010,19720315,10.43661,10.81711,10.43661,10.81711,27366,24.87500
ADP-200010,19720316,10.65404,10.81711,10.43661,10.49096,16788,24.12500
ADP-200010,19720317,10.43661,10.59968,10.32789,10.38225,7819,23.87500
ADP-200010,19720320,10.38225,10.38225,9.94739,9.94739,12418,22.87500
ADP-200010,19720321,10.05610,10.05610,9.78432,9.78432,17018,22.50000
ADP-200010,19720322,9.78432,10.05610,9.78432,10.05610,3220,23.12500
ADP-200010,19720323,10.05610,10.16482,9.94739,10.11046,7819,23.25000
ADP-200010,19720324,10.05610,10.16482,10.05610,10.16482,8049,23.37500
ADP-200010,19720327,10.11046,10.16482,10.00175,10.11046,4140,23.25000
ADP-200010,19720328,9.94739,10.16482,9.94739,10.16482,9889,23.37500
ADP-200010,19720329,10.16482,10.32789,10.00175,10.27353,5979,23.62500
ADP-200010,19720330,10.16482,10.38225,10.16482,10.38225,5060,23.87500
ADP-200010,19720403,10.49096,10.49096,10.38225,10.38225,10349,23.87500
ADP-200010,19720404,10.27353,10.38225,10.27353,10.38225,2300,23.87500
ADP-200010,19720405,10.32789,10.38225,10.21918,10.32789,10809,23.75000
ADP-200010,19720406,10.38225,10.38225,10.05610,10.05610,8279,23.12500
ADP-200010,19720407,9.89303,10.05610,9.89303,10.05610,4140,23.12500
ADP-200010,19720410,10.11046,10.11046,10.00175,10.00175,2990,23.00000
ADP-200010,19720411,9.94739,10.11046,9.78432,9.89303,11269,22.75000
ADP-200010,19720412,9.89303,10.05610,9.78432,9.94739,8969,22.87500
ADP-200010,19720413,9.94739,9.94739,9.78432,9.78432,5290,22.50000
ADP-200010,19720414,9.83868,10.00175,9.83868,10.00175,8739,23.00000
ADP-200010,19720417,10.11046,10.11046,9.94739,9.94739,3220,22.87500
ADP-200010,19720418,10.11046,10.21918,9.94739,10.00175,14718,23.00000
ADP-200010,19720419,10.16482,10.16482,9.83868,9.83868,8279,22.62500
ADP-200010,19720420,9.62125,9.78432,9.45817,9.67560,6669,22.25000
ADP-200010,19720421,9.78432,9.94739,9.56689,9.78432,9199,22.50000
ADP-200010,19720424,9.83868,9.83868,9.62125,9.62125,8739,22.12500
ADP-200010,19720425,9.78432,9.94739,9.67560,9.83868,14488,22.62500
ADP-200010,19720426,9.89303,9.94739,9.78432,9.89303,5060,22.75000
ADP-200010,19720427,9.83868,9.89303,9.78432,9.83868,7129,22.62500
ADP-200010,19720428,9.56689,9.83868,9.29510,9.34946,10119,21.50000
ADP-200010,19720501,9.13203,9.29510,8.96896,9.07767,4830,20.87500
ADP-200010,19720502,8.91460,9.07767,8.80589,8.91460,16558,20.50000
ADP-200010,19720503,8.91460,8.96896,8.80589,8.91460,5060,20.50000
ADP-200010,19720504,8.91460,9.24075,8.91460,9.24075,8509,21.25000
ADP-200010,19720505,9.45817,9.67560,9.24075,9.56689,10349,22.00000
ADP-200010,19720508,9.45817,9.56689,9.40382,9.51253,6669,21.87500
ADP-200010,19720509,9.13203,9.34946,8.91460,9.07767,13568,20.87500
ADP-200010,19720510,9.13203,9.24075,9.07767,9.13203,2760,21.00000
ADP-200010,19720511,8.80589,9.02332,8.64282,8.69717,8279,20.00000
ADP-200010,19720512,8.96896,9.13203,8.80589,9.02332,5749,20.75000
ADP-200010,19720515,9.29510,9.51253,9.07767,9.29510,4830,21.37500
ADP-200010,19720516,9.18639,9.45817,9.18639,9.45817,5520,21.75000
ADP-200010,19720517,9.45817,9.51253,9.40382,9.45817,2760,21.75000
ADP-200010,19720518,9.34946,9.45817,9.29510,9.40382,2990,21.62500
ADP-200010,19720519,9.51253,9.67560,9.34946,9.45817,6209,21.75000
ADP-200010,19720522,9.24075,9.45817,9.24075,9.45817,6439,21.75000
ADP-200010,19720523,9.40382,9.40382,9.13203,9.13203,2070,21.00000
ADP-200010,19720524,9.13203,9.13203,9.02332,9.02332,3450,20.75000
ADP-200010,19720525,9.02332,9.02332,8.80589,8.80589,5979,20.25000
ADP-200010,19720526,8.80589,8.80589,8.64282,8.64282,8279,19.87500
ADP-200010,19720530,8.75153,8.86024,8.64282,8.80589,3910,20.25000
ADP-200010,19720531,8.80589,8.80589,8.64282,8.64282,1380,19.87500
ADP-200010,19720601,8.69717,8.69717,8.58846,8.58846,3910,19.75000
ADP-200010,19720602,8.80589,8.80589,8.53410,8.53410,5060,19.62500
ADP-200010,19720605,8.64282,8.64282,8.47974,8.47974,3910,19.50000
ADP-200010,19720606,8.37103,8.37103,8.15360,8.15360,7359,18.75000
ADP-200010,19720607,8.15360,8.20796,8.04488,8.15360,6669,18.75000
ADP-200010,19720608,8.26231,8.26231,8.09924,8.09924,5520,18.62500
ADP-200010,19720609,8.15360,8.15360,8.09924,8.09924,8279,18.62500
ADP-200010,19720612,8.15360,8.20796,8.09924,8.15360,3680,18.75000
ADP-200010,19720613,8.15360,8.15360,8.15360,8.15360,2070,18.75000
ADP-200010,19720614,8.20796,8.31667,8.20796,8.31667,3910,19.12500
ADP-200010,19720615,8.42539,8.53410,8.31667,8.47974,10349,19.50000
ADP-200010,19720616,8.47974,8.53410,8.37103,8.42539,7359,19.37500
ADP-200010,19720619,8.47974,8.47974,8.37103,8.37103,920,19.25000
ADP-200010,19720620,8.53410,8.53410,8.42539,8.42539,5520,19.37500
ADP-200010,19720621,8.37103,8.53410,8.37103,8.53410,4370,19.62500
ADP-200010,19720622,8.37103,8.47974,8.37103,8.47974,3680,19.50000
ADP-200010,19720623,8.47974,8.53410,8.42539,8.47974,1150,19.50000
ADP-200010,19720626,8.47974,8.47974,8.42539,8.42539,1610,19.37500
ADP-200010,19720627,8.53410,8.53410,8.15360,8.15360,4370,18.75000
ADP-200010,19720628,8.15360,8.15360,8.04488,8.04488,3220,18.50000
ADP-200010,19720629,8.04488,8.04488,7.93617,7.93617,2530,18.25000
ADP-200010,19720630,7.82746,8.04488,7.82746,8.04488,3680,18.50000
ADP-200010,19720703,8.15360,8.31667,8.15360,8.31667,4370,19.12500
ADP-200010,19720705,8.47974,8.47974,8.31667,8.31667,6439,19.12500
ADP-200010,19720706,8.37103,8.42539,8.31667,8.37103,9429,19.25000
ADP-200010,19720707,8.31667,8.31667,7.99053,7.99053,3680,18.37500
ADP-200010,19720710,8.09924,8.15360,8.04488,8.09924,1840,18.62500
ADP-200010,19720711,7.99053,7.99053,7.88181,7.88181,1380,18.12500
ADP-200010,19720712,7.93617,8.04488,7.88181,7.93617,5979,18.25000
ADP-200010,19720713,7.82746,7.82746,7.77310,7.77310,7819,17.87500
ADP-200010,19720714,7.82746,7.88181,7.71874,7.77310,2070,17.87500
ADP-200010,19720717,7.82746,7.82746,7.50131,7.50131,3220,17.25000
ADP-200010,19720718,7.17517,7.39260,7.17517,7.39260,10119,17.00000
ADP-200010,19720719,7.39260,7.71874,7.39260,7.71874,5979,17.75000
ADP-200010,19720720,7.82746,7.93617,7.82746,7.93617,2530,18.25000
ADP-200010,19720721,7.82746,7.99053,7.82746,7.99053,2530,18.37500
ADP-200010,19720724,7.93617,7.99053,7.88181,7.93617,2530,18.25000
ADP-200010,19720725,7.93617,8.26231,7.93617,8.26231,9659,19.00000
ADP-200010,19720726,8.37103,8.42539,8.26231,8.31667,5979,19.12500
ADP-200010,19720727,8.37103,8.37103,8.26231,8.26231,1380,19.00000
ADP-200010,19720728,8.37103,8.37103,8.09924,8.09924,3220,18.62500
ADP-200010,19720731,7.93617,8.04488,7.77310,7.82746,6209,18.00000
ADP-200010,19720801,7.61003,7.71874,7.61003,7.71874,2760,17.75000
ADP-200010,19720802,7.71874,8.15360,7.71874,8.15360,8049,18.75000
ADP-200010,19720803,8.04488,8.09924,7.93617,7.99053,5979,18.37500
ADP-200010,19720804,8.04488,8.04488,7.93617,7.93617,4600,18.25000
ADP-200010,19720807,8.04488,8.04488,7.88181,7.88181,7819,18.12500
ADP-200010,19720808,7.88181,7.88181,7.66438,7.66438,2070,17.62500
ADP-200010,19720809,7.61003,7.77310,7.61003,7.77310,2530,17.87500
ADP-200010,19720810,7.93617,7.99053,7.82746,7.93617,4140,18.25000
ADP-200010,19720811,7.93617,7.93617,7.82746,7.82746,2070,18.00000
ADP-200010,19720814,8.04488,8.15360,7.88181,8.04488,5749,18.50000
ADP-200010,19720815,7.93617,7.99053,7.82746,7.93617,1380,18.25000
ADP-200010,19720816,7.88181,7.88181,7.82746,7.82746,920,18.00000
ADP-200010,19720817,7.82746,7.88181,7.77310,7.82746,1610,18.00000
ADP-200010,19720818,7.71874,7.82746,7.71874,7.82746,5060,18.00000
ADP-200010,19720821,7.82746,8.04488,7.82746,8.04488,4600,18.50000
ADP-200010,19720822,7.99053,8.04488,7.93617,7.99053,2760,18.37500
ADP-200010,19720823,7.93617,8.04488,7.82746,7.88181,5060,18.12500
ADP-200010,19720824,7.88181,7.93617,7.88181,7.93617,690,18.25000
ADP-200010,19720825,7.88181,7.99053,7.77310,7.88181,3680,18.12500
ADP-200010,19720828,8.04488,8.04488,7.71874,7.71874,5060,17.75000
ADP-200010,19720829,7.66438,7.77310,7.66438,7.77310,690,17.87500
ADP-200010,19720830,7.71874,7.93617,7.71874,7.93617,2530,18.25000
ADP-200010,19720831,8.04488,8.04488,7.88181,7.88181,2990,18.12500
ADP-200010,19720901,7.82746,8.04488,7.82746,8.04488,4370,18.50000
ADP-200010,19720905,8.09924,8.09924,8.04488,8.04488,4600,18.50000
ADP-200010,19720906,8.04488,8.04488,8.04488,8.04488,2760,18.50000
ADP-200010,19720907,8.15360,8.26231,8.15360,8.26231,1150,19.00000
ADP-200010,19720908,8.26231,8.26231,8.09924,8.09924,5979,18.62500
ADP-200010,19720911,7.99053,8.09924,7.99053,8.09924,3680,18.62500
ADP-200010,19720912,8.20796,8.20796,8.04488,8.04488,2070,18.50000
ADP-200010,19720913,7.93617,8.04488,7.77310,7.82746,3450,18.00000
ADP-200010,19720914,7.61003,7.71874,7.61003,7.71874,4830,17.75000
ADP-200010,19720915,7.61003,7.71874,7.50131,7.61003,8509,17.50000
ADP-200010,19720918,7.44695,7.55567,7.44695,7.55567,2070,17.37500
ADP-200010,19720919,7.66438,7.66438,7.61003,7.61003,1150,17.50000
ADP-200010,19720920,7.50131,7.71874,7.28388,7.39260,9199,17.00000
ADP-200010,19720921,7.50131,7.50131,7.28388,7.28388,4600,16.75000
ADP-200010,19720922,7.28388,7.39260,7.28388,7.39260,2530,17.00000
ADP-200010,19720925,7.39260,7.39260,7.33824,7.33824,1610,16.87500
ADP-200010,19720926,7.39260,7.50131,7.39260,7.50131,690,17.25000
ADP-200010,19720927,7.55567,7.66438,7.55567,7.66438,2760,17.62500
ADP-200010,19720928,7.44695,7.77310,7.12081,7.39260,134987,17.00000
ADP-200010,19720929,7.71874,7.71874,7.39260,7.39260,10119,17.00000
ADP-200010,19721002,7.44695,7.44695,7.39260,7.39260,5060,17.00000
ADP-200010,19721003,7.44695,7.44695,7.44695,7.44695,230,17.12500
ADP-200010,19721004,7.28388,7.33824,7.22953,7.28388,2530,16.75000
ADP-200010,19721005,7.33824,7.33824,7.28388,7.28388,3450,16.75000
ADP-200010,19721006,7.33824,7.50131,7.17517,7.39260,8049,17.00000
ADP-200010,19721009,7.44695,7.44695,7.44695,7.44695,1840,17.12500
ADP-200010,19721010,7.50131,7.55567,7.44695,7.50131,3910,17.25000
ADP-200010,19721011,7.50131,7.50131,7.39260,7.39260,2530,17.00000
ADP-200010,19721012,7.28388,7.39260,7.28388,7.39260,5290,17.00000
ADP-200010,19721013,7.33824,7.33824,7.28388,7.28388,1610,16.75000
ADP-200010,19721016,7.22953,7.22953,7.22953,7.22953,920,16.62500
ADP-200010,19721017,7.17517,7.22953,7.17517,7.22953,8049,16.62500
ADP-200010,19721018,7.33824,7.33824,7.22953,7.22953,5520,16.62500
ADP-200010,19721019,7.50131,7.66438,7.50131,7.66438,9889,17.62500
ADP-200010,19721020,7.66438,7.88181,7.66438,7.88181,11039,18.12500
ADP-200010,19721023,7.93617,7.99053,7.88181,7.93617,7589,18.25000
ADP-200010,19721024,7.93617,7.93617,7.71874,7.71874,6669,17.75000
ADP-200010,19721025,7.61003,7.71874,7.44695,7.55567,9889,17.37500
ADP-200010,19721026,7.88181,7.88181,7.71874,7.71874,7359,17.75000
ADP-200010,19721027,7.71874,7.77310,7.71874,7.77310,2990,17.87500
ADP-200010,19721030,7.61003,7.71874,7.50131,7.55567,3220,17.37500
ADP-200010,19721031,7.17517,7.55567,7.17517,7.55567,26446,17.37500
ADP-200010,19721101,7.55567,7.66438,7.55567,7.66438,6209,17.62500
ADP-200010,19721102,7.71874,7.71874,7.61003,7.61003,2760,17.50000
ADP-200010,19721103,7.55567,7.77310,7.55567,7.77310,2760,17.87500
ADP-200010,19721106,7.88181,8.15360,7.88181,8.15360,10119,18.75000
ADP-200010,19721108,8.53410,8.69717,8.37103,8.58846,22996,19.75000
ADP-200010,19721109,8.37103,8.64282,8.37103,8.64282,6899,19.87500
ADP-200010,19721110,9.13203,9.45817,8.75153,9.13203,30585,21.00000
ADP-200010,19721113,9.24075,9.34946,9.13203,9.18639,8739,21.12500
ADP-200010,19721114,9.24075,9.29510,9.13203,9.24075,7589,21.25000
ADP-200010,19721115,9.18639,9.34946,9.02332,9.07767,10349,20.87500
ADP-200010,19721116,8.86024,8.96896,8.75153,8.86024,2760,20.37500
ADP-200010,19721117,8.75153,8.96896,8.53410,8.69717,10119,20.00000
ADP-200010,19721120,8.75153,8.75153,8.58846,8.58846,5290,19.75000
ADP-200010,19721121,8.58846,8.91460,8.58846,8.91460,11728,20.50000
ADP-200010,19721122,9.13203,9.24075,9.07767,9.18639,11728,21.12500
ADP-200010,19721124,9.18639,9.29510,9.07767,9.18639,4600,21.12500
ADP-200010,19721127,9.18639,9.18639,8.86024,8.86024,3450,20.37500
ADP-200010,19721128,8.69717,8.80589,8.69717,8.80589,3680,20.25000
ADP-200010,19721129,8.69717,8.69717,8.64282,8.64282,1380,19.87500
ADP-200010,19721130,8.80589,8.91460,8.80589,8.91460,2070,20.50000
ADP-200010,19721201,9.24075,9.56689,8.96896,9.51253,20237,21.87500
ADP-200010,19721204,9.72996,9.89303,9.56689,9.67560,10809,22.25000
ADP-200010,19721205,9.67560,9.78432,9.51253,9.62125,8509,22.12500
ADP-200010,19721206,9.40382,9.56689,9.24075,9.34946,5749,21.50000
ADP-200010,19721207,9.51253,9.51253,9.40382,9.40382,7359,21.62500
ADP-200010,19721208,9.29510,9.51253,9.29510,9.51253,5060,21.87500
ADP-200010,19721211,9.45817,9.78432,9.45817,9.78432,21847,22.50000
ADP-200010,19721212,9.78432,9.89303,9.72996,9.78432,8739,22.50000
ADP-200010,19721213,9.67560,9.83868,9.51253,9.56689,5060,22.00000
ADP-200010,19721214,9.34946,9.62125,9.34946,9.62125,8969,22.12500
ADP-200010,19721215,9.51253,9.51253,8.96896,8.96896,11039,20.62500
ADP-200010,19721218,8.80589,8.80589,8.47974,8.47974,14948,19.50000
ADP-200010,19721219,8.58846,8.64282,8.47974,8.58846,5290,19.75000
ADP-200010,19721220,8.53410,8.69717,8.37103,8.58846,2530,19.75000
ADP-200010,19721221,8.47974,8.47974,8.47974,8.47974,1150,19.50000
ADP-200010,19721222,8.53410,8.53410,8.37103,8.37103,2990,19.25000
ADP-200010,19721226,8.37103,8.47974,8.26231,8.37103,5979,19.25000
ADP-200010,19721227,8.26231,8.37103,8.15360,8.31667,8969,19.12500
ADP-200010,19721229,8.26231,8.37103,8.09924,8.31667,15178,19.12500
ADP-200010,19730102,8.42539,8.86024,8.42539,8.86024,4600,20.37500
ADP-200010,19730103,8.86024,9.34946,8.86024,9.34946,4140,21.50000
ADP-200010,19730104,9.24075,9.56689,8.96896,9.34946,15178,21.50000
ADP-200010,19730105,9.29510,9.29510,9.02332,9.02332,7589,20.75000
ADP-200010,19730108,9.13203,9.13203,9.02332,9.02332,5060,20.75000
ADP-200010,19730109,9.07767,9.07767,8.86024,8.86024,6209,20.37500
ADP-200010,19730110,9.02332,9.02332,8.86024,8.86024,5060,20.37500
ADP-200010,19730111,9.02332,9.34946,8.69717,9.24075,19317,21.25000
ADP-200010,19730112,9.29510,9.29510,9.02332,9.02332,5979,20.75000
ADP-200010,19730115,9.07767,9.07767,8.58846,8.58846,10809,19.75000
ADP-200010,19730116,8.69717,8.69717,8.53410,8.53410,8049,19.62500
ADP-200010,19730117,8.53410,8.58846,8.53410,8.58846,2300,19.75000
ADP-200010,19730118,8.53410,8.58846,8.47974,8.53410,5290,19.62500
ADP-200010,19730119,8.26231,8.47974,8.26231,8.47974,2760,19.50000
ADP-200010,19730122,8.47974,8.53410,8.37103,8.42539,2300,19.37500
ADP-200010,19730123,8.53410,8.53410,8.37103,8.37103,2300,19.25000
ADP-200010,19730124,8.15360,8.37103,8.15360,8.37103,11958,19.25000
ADP-200010,19730126,8.26231,8.47974,8.26231,8.47974,2990,19.50000
ADP-200010,19730129,8.58846,8.58846,8.47974,8.47974,4600,19.50000
ADP-200010,19730130,8.42539,8.42539,8.31667,8.31667,1840,19.12500
ADP-200010,19730131,8.47974,8.47974,8.31667,8.31667,1380,19.12500
ADP-200010,19730201,8.37103,8.37103,8.26231,8.26231,2760,19.00000
ADP-200010,19730202,8.26231,8.26231,8.15360,8.15360,2990,18.75000
ADP-200010,19730205,8.09924,8.26231,8.09924,8.26231,2070,19.00000
ADP-200010,19730206,8.20796,8.20796,8.15360,8.15360,1610,18.75000
ADP-200010,19730207,8.26231,8.26231,8.15360,8.15360,6209,18.75000
ADP-200010,19730208,8.09924,8.09924,7.88181,7.88181,7359,18.12500
ADP-200010,19730209,8.04488,8.15360,7.93617,8.04488,6439,18.50000
ADP-200010,19730212,7.93617,8.09924,7.93617,8.09924,1840,18.62500
ADP-200010,19730213,8.04488,8.15360,7.93617,8.04488,4370,18.50000
ADP-200010,19730214,8.09924,8.09924,7.99053,7.99053,920,18.37500
ADP-200010,19730215,7.71874,7.82746,7.71874,7.82746,13568,18.00000
ADP-200010,19730216,7.82746,7.93617,7.71874,7.88181,13568,18.12500
ADP-200010,19730220,8.04488,8.04488,7.88181,7.88181,2760,18.12500
ADP-200010,19730221,7.88181,7.88181,7.82746,7.82746,2070,18.00000
ADP-200010,19730222,7.77310,7.82746,7.77310,7.82746,1150,18.00000
ADP-200010,19730223,7.93617,7.93617,7.71874,7.71874,3680,17.75000
ADP-200010,19730226,7.77310,7.77310,7.66438,7.66438,6899,17.62500
ADP-200010,19730227,7.66438,7.77310,7.55567,7.66438,2760,17.62500
ADP-200010,19730228,7.61003,7.61003,7.50131,7.50131,1840,17.25000
ADP-200010,19730301,7.61003,7.61003,7.50131,7.50131,1840,17.25000
ADP-200010,19730302,7.28388,7.61003,7.28388,7.61003,9659,17.50000
ADP-200010,19730305,7.93617,8.09924,7.77310,8.04488,7589,18.50000
ADP-200010,19730306,7.99053,8.15360,7.99053,8.15360,2300,18.75000
ADP-200010,19730307,8.15360,8.20796,8.09924,8.15360,2990,18.75000
ADP-200010,19730308,8.20796,8.31667,8.20796,8.31667,2760,19.12500
ADP-200010,19730309,8.15360,8.69717,8.15360,8.69717,9429,20.00000
ADP-200010,19730312,8.80589,8.96896,8.69717,8.91460,6899,20.50000
ADP-200010,19730313,8.91460,9.07767,8.69717,8.80589,8969,20.25000
ADP-200010,19730314,8.75153,8.86024,8.64282,8.75153,2760,20.12500
ADP-200010,19730315,9.07767,9.07767,8.69717,8.69717,20697,20.00000
ADP-200010,19730316,8.58846,8.69717,8.47974,8.58846,6209,19.75000
ADP-200010,19730319,8.37103,8.69717,8.09924,8.20796,7589,18.87500
ADP-200010,19730320,8.15360,8.26231,8.15360,8.26231,6899,19.00000
ADP-200010,19730321,8.58846,8.58846,8.37103,8.37103,9429,19.25000
ADP-200010,19730322,8.26231,8.31667,8.20796,8.26231,8739,19.00000
ADP-200010,19730323,8.37103,8.37103,8.26231,8.26231,8279,19.00000
ADP-200010,19730326,8.26231,8.26231,8.20796,8.20796,4830,18.87500
ADP-200010,19730327,8.31667,8.31667,8.26231,8.26231,1380,19.00000
ADP-200010,19730328,8.20796,8.37103,8.20796,8.37103,5520,19.25000
ADP-200010,19730329,8.47974,8.69717,8.31667,8.64282,11728,19.87500
ADP-200010,19730330,8.58846,8.69717,8.47974,8.58846,7359,19.75000
ADP-200010,19730402,8.47974,8.58846,8.42539,8.53410,7589,19.62500
ADP-200010,19730403,8.26231,8.42539,8.09924,8.20796,7129,18.87500
ADP-200010,19730404,8.15360,8.15360,7.93617,7.93617,3910,18.25000
ADP-200010,19730405,7.93617,7.93617,7.66438,7.66438,8279,17.62500
ADP-200010,19730406,7.82746,7.88181,7.71874,7.82746,6209,18.00000
ADP-200010,19730409,7.71874,7.88181,7.71874,7.88181,6439,18.12500
ADP-200010,19730410,8.09924,8.09924,7.77310,7.77310,5749,17.87500
ADP-200010,19730411,7.88181,7.88181,7.82746,7.82746,11269,18.00000
ADP-200010,19730412,8.09924,8.26231,7.93617,8.15360,25066,18.75000
ADP-200010,19730413,8.15360,8.26231,8.15360,8.26231,4370,19.00000
ADP-200010,19730416,8.04488,8.20796,7.93617,7.99053,5290,18.37500
ADP-200010,19730417,8.04488,8.04488,7.82746,7.82746,5979,18.00000
ADP-200010,19730418,7.71874,7.82746,7.71874,7.82746,6439,18.00000
ADP-200010,19730419,7.71874,7.82746,7.71874,7.82746,2760,18.00000
ADP-200010,19730423,7.77310,7.77310,7.61003,7.61003,2300,17.50000
ADP-200010,19730424,7.61003,7.77310,7.50131,7.66438,5060,17.62500
ADP-200010,19730425,7.71874,7.77310,7.61003,7.66438,3680,17.62500
ADP-200010,19730426,7.82746,7.93617,7.66438,7.82746,4370,18.00000
ADP-200010,19730427,7.71874,7.71874,7.55567,7.55567,2990,17.37500
ADP-200010,19730430,7.55567,7.55567,7.44695,7.44695,6669,17.12500
ADP-200010,19730501,7.44695,7.55567,7.44695,7.55567,5520,17.37500
ADP-200010,19730502,7.55567,7.88181,7.55567,7.88181,5979,18.12500
ADP-200010,19730503,7.71874,7.88181,7.55567,7.71874,4600,17.75000
ADP-200010,19730504,7.77310,7.77310,7.61003,7.61003,1150,17.50000
ADP-200010,19730507,7.82746,7.82746,7.71874,7.71874,2070,17.75000
ADP-200010,19730508,7.71874,7.77310,7.66438,7.71874,1840,17.75000
ADP-200010,19730509,7.66438,7.77310,7.55567,7.66438,4600,17.62500
ADP-200010,19730510,7.66438,7.66438,7.50131,7.50131,1380,17.25000
ADP-200010,19730511,7.39260,7.55567,7.39260,7.55567,4830,17.37500
ADP-200010,19730514,7.50131,7.50131,7.50131,7.50131,4830,17.25000
ADP-200010,19730515,6.95774,7.39260,6.95774,7.39260,9889,17.00000
ADP-200010,19730516,7.28388,7.28388,7.22953,7.22953,1380,16.62500
ADP-200010,19730517,7.33824,7.33824,7.17517,7.17517,5749,16.50000
ADP-200010,19730518,7.17517,7.17517,6.90338,6.90338,8509,15.87500
ADP-200010,19730521,6.90338,6.90338,6.52288,6.52288,10119,15.00000
ADP-200010,19730522,6.57724,6.68595,6.46852,6.57724,7359,15.12500
ADP-200010,19730523,6.68595,6.68595,6.52288,6.52288,6669,15.00000
ADP-200010,19730524,6.52288,6.63160,6.52288,6.63160,920,15.25000
ADP-200010,19730525,6.84902,6.90338,6.74031,6.79467,10809,15.62500
ADP-200010,19730529,6.84902,7.01210,6.84902,7.01210,2990,16.12500
ADP-200010,19730530,7.12081,7.12081,7.01210,7.01210,3680,16.12500
ADP-200010,19730531,6.95774,6.95774,6.57724,6.57724,2530,15.12500
ADP-200010,19730601,6.52288,6.74031,6.52288,6.74031,2760,15.50000
ADP-200010,19730604,6.84902,6.84902,6.52288,6.52288,1380,15.00000
ADP-200010,19730605,6.52288,6.74031,6.35981,6.63160,6209,15.25000
ADP-200010,19730606,6.63160,6.63160,6.57724,6.57724,1150,15.12500
ADP-200010,19730607,6.52288,6.63160,6.52288,6.63160,1840,15.25000
ADP-200010,19730608,6.79467,6.79467,6.74031,6.74031,2760,15.50000
ADP-200010,19730611,6.74031,6.74031,6.63160,6.63160,5749,15.25000
ADP-200010,19730612,6.63160,6.74031,6.63160,6.74031,5979,15.50000
ADP-200010,19730613,6.84902,6.84902,6.74031,6.74031,2530,15.50000
ADP-200010,19730615,6.63160,6.74031,6.63160,6.74031,1610,15.50000
ADP-200010,19730618,6.68595,6.68595,6.68595,6.68595,230,15.37500
ADP-200010,19730619,6.63160,6.84902,6.63160,6.84902,5749,15.75000
ADP-200010,19730620,6.74031,6.79467,6.74031,6.79467,1150,15.62500
ADP-200010,19730621,6.79467,6.90338,6.79467,6.90338,1610,15.87500
ADP-200010,19730622,6.63160,6.90338,6.63160,6.90338,10809,15.87500
ADP-200010,19730625,6.79467,6.79467,6.74031,6.74031,460,15.50000
ADP-200010,19730626,6.84902,6.84902,6.63160,6.63160,1840,15.25000
ADP-200010,19730627,6.63160,6.79467,6.63160,6.79467,2760,15.62500
ADP-200010,19730628,6.79467,6.90338,6.79467,6.90338,1150,15.87500
ADP-200010,19730629,6.95774,6.95774,6.95774,6.95774,2530,16.00000
ADP-200010,19730702,7.01210,7.01210,6.95774,6.95774,3220,16.00000
ADP-200010,19730703,6.84902,6.95774,6.84902,6.95774,3220,16.00000
ADP-200010,19730705,6.95774,6.95774,6.74031,6.74031,3910,15.50000
ADP-200010,19730706,6.68595,6.84902,6.68595,6.84902,5290,15.75000
ADP-200010,19730709,6.79467,6.79467,6.79467,6.79467,460,15.62500
ADP-200010,19730710,6.84902,6.95774,6.84902,6.95774,920,16.00000
ADP-200010,19730711,6.84902,6.95774,6.84902,6.95774,920,16.00000
ADP-200010,19730712,6.95774,7.12081,6.79467,6.95774,10579,16.00000
ADP-200010,19730713,6.90338,6.90338,6.74031,6.74031,1380,15.50000
ADP-200010,19730716,6.63160,6.84902,6.63160,6.84902,6439,15.75000
ADP-200010,19730717,7.06645,7.22953,6.84902,6.95774,6209,16.00000
ADP-200010,19730718,6.95774,7.12081,6.95774,7.12081,920,16.37500
ADP-200010,19730719,6.90338,7.12081,6.90338,7.12081,5749,16.37500
ADP-200010,19730720,7.17517,7.17517,7.17517,7.17517,690,16.50000
ADP-200010,19730723,7.17517,7.33824,7.17517,7.33824,5749,16.87500
ADP-200010,19730724,7.17517,7.22953,7.12081,7.17517,2300,16.50000
ADP-200010,19730725,7.17517,7.28388,7.06645,7.12081,3680,16.37500
ADP-200010,19730726,7.12081,7.71874,7.12081,7.71874,6669,17.75000
ADP-200010,19730727,7.61003,7.61003,7.55567,7.55567,2760,17.37500
ADP-200010,19730730,7.55567,7.71874,7.55567,7.71874,3680,17.75000
ADP-200010,19730731,7.77310,7.77310,7.55567,7.55567,2530,17.37500
ADP-200010,19730801,7.55567,7.55567,7.33824,7.33824,1840,16.87500
ADP-200010,19730802,7.22953,7.22953,7.01210,7.01210,3450,16.12500
ADP-200010,19730803,7.12081,7.33824,7.12081,7.33824,1840,16.87500
ADP-200010,19730806,7.17517,7.22953,7.06645,7.12081,2300,16.37500
ADP-200010,19730807,7.06645,7.06645,6.95774,6.95774,1610,16.00000
ADP-200010,19730808,6.95774,7.06645,6.84902,6.95774,2070,16.00000
ADP-200010,19730809,6.84902,6.84902,6.79467,6.79467,2990,15.62500
ADP-200010,19730810,6.57724,6.74031,6.57724,6.74031,8279,15.50000
ADP-200010,19730813,6.79467,6.79467,6.68595,6.68595,690,15.37500
ADP-200010,19730814,6.63160,6.63160,6.63160,6.63160,230,15.25000
ADP-200010,19730815,6.74031,6.74031,6.63160,6.63160,2760,15.25000
ADP-200010,19730816,6.74031,6.74031,6.74031,6.74031,1840,15.50000
ADP-200010,19730817,6.74031,6.84902,6.74031,6.84902,3910,15.75000
ADP-200010,19730820,6.79467,6.79467,6.74031,6.74031,2070,15.50000
ADP-200010,19730821,6.74031,6.74031,6.74031,6.74031,690,15.50000
ADP-200010,19730822,6.68595,6.74031,6.68595,6.74031,4830,15.50000
ADP-200010,19730823,6.74031,6.84902,6.74031,6.84902,1610,15.75000
ADP-200010,19730824,6.95774,6.95774,6.84902,6.84902,2070,15.75000
ADP-200010,19730827,6.95774,6.95774,6.84902,6.84902,460,15.75000
ADP-200010,19730828,6.79467,6.95774,6.79467,6.95774,2530,16.00000
ADP-200010,19730829,6.95774,7.17517,6.95774,7.17517,2300,16.50000
ADP-200010,19730830,7.28388,7.33824,7.28388,7.33824,920,16.87500
ADP-200010,19730831,7.28388,7.33824,7.28388,7.33824,460,16.87500
ADP-200010,19730904,7.39260,7.39260,7.06645,7.06645,2990,16.25000
ADP-200010,19730905,7.01210,7.06645,7.01210,7.06645,5749,16.25000
ADP-200010,19730906,7.12081,7.50131,7.12081,7.50131,8739,17.25000
ADP-200010,19730907,7.71874,7.88181,7.50131,7.82746,9429,18.00000
ADP-200010,19730910,7.99053,7.99053,7.82746,7.82746,8049,18.00000
ADP-200010,19730911,7.66438,7.82746,7.50131,7.61003,3680,17.50000
ADP-200010,19730912,7.61003,7.61003,7.50131,7.50131,690,17.25000
ADP-200010,19730913,7.50131,7.50131,7.39260,7.39260,6439,17.00000
ADP-200010,19730914,7.39260,7.55567,7.28388,7.44695,4370,17.12500
ADP-200010,19730917,7.50131,7.50131,7.39260,7.39260,2070,17.00000
ADP-200010,19730918,7.33824,7.39260,7.33824,7.39260,2530,17.00000
ADP-200010,19730919,7.61003,7.71874,7.44695,7.61003,5749,17.50000
ADP-200010,19730920,7.71874,7.82746,7.66438,7.77310,6899,17.87500
ADP-200010,19730921,7.93617,8.04488,7.82746,7.88181,7819,18.12500
ADP-200010,19730924,7.99053,8.04488,7.99053,8.04488,1150,18.50000
ADP-200010,19730925,7.99053,7.99053,7.82746,7.82746,2070,18.00000
ADP-200010,19730926,7.82746,7.82746,7.82746,7.82746,690,18.00000
ADP-200010,19730927,7.93617,7.99053,7.82746,7.88181,1380,18.12500
ADP-200010,19730928,7.88181,7.88181,7.82746,7.82746,2530,18.00000
ADP-200010,19731001,7.82746,7.82746,7.71874,7.71874,690,17.75000
ADP-200010,19731002,7.71874,7.71874,7.50131,7.50131,5290,17.25000
ADP-200010,19731003,7.61003,7.71874,7.61003,7.71874,8279,17.75000
ADP-200010,19731004,7.77310,7.77310,7.71874,7.71874,3450,17.75000
ADP-200010,19731005,7.50131,7.71874,7.50131,7.71874,7819,17.75000
ADP-200010,19731008,7.93617,8.15360,7.77310,8.04488,18397,18.50000
ADP-200010,19731009,8.09924,8.09924,7.99053,7.99053,8509,18.37500
ADP-200010,19731010,7.93617,7.93617,7.71874,7.71874,4370,17.75000
ADP-200010,19731011,7.99053,8.15360,7.82746,7.99053,5520,18.37500
ADP-200010,19731012,7.99053,8.09924,7.88181,7.93617,12418,18.25000
ADP-200010,19731015,8.09924,8.15360,8.04488,8.09924,13338,18.62500
ADP-200010,19731016,8.04488,8.15360,7.93617,8.04488,8509,18.50000
ADP-200010,19731017,8.20796,8.20796,8.09924,8.09924,11039,18.62500
ADP-200010,19731018,8.04488,8.15360,7.99053,8.04488,2530,18.50000
ADP-200010,19731019,7.99053,8.09924,7.99053,8.09924,6669,18.62500
ADP-200010,19731022,8.04488,8.04488,7.77310,7.77310,8509,17.87500
ADP-200010,19731023,7.55567,8.04488,7.55567,8.04488,9199,18.50000
ADP-200010,19731024,8.04488,8.37103,8.04488,8.37103,14718,19.25000
ADP-200010,19731025,8.26231,8.37103,8.20796,8.26231,5749,19.00000
ADP-200010,19731026,8.26231,8.26231,8.09924,8.09924,1610,18.62500
ADP-200010,19731029,8.20796,8.20796,8.04488,8.04488,2070,18.50000
ADP-200010,19731030,8.04488,8.09924,8.04488,8.09924,2300,18.62500
ADP-200010,19731031,8.04488,8.04488,8.04488,8.04488,2530,18.50000
ADP-200010,19731101,7.93617,7.93617,7.71874,7.71874,1380,17.75000
ADP-200010,19731102,7.77310,7.77310,7.50131,7.50131,7819,17.25000
ADP-200010,19731105,7.39260,7.39260,6.79467,6.79467,8509,15.62500
ADP-200010,19731106,6.95774,7.12081,6.84902,6.95774,9429,16.00000
ADP-200010,19731107,6.95774,7.06645,6.90338,6.95774,1150,16.00000
ADP-200010,19731108,7.01210,7.06645,6.95774,7.01210,4140,16.12500
ADP-200010,19731109,6.95774,6.95774,6.74031,6.74031,3680,15.50000
ADP-200010,19731112,6.84902,6.84902,6.74031,6.74031,4830,15.50000
ADP-200010,19731113,6.79467,6.79467,6.63160,6.63160,5979,15.25000
ADP-200010,19731114,6.57724,6.57724,6.30545,6.30545,3220,14.50000
ADP-200010,19731115,6.30545,6.30545,6.08802,6.08802,7819,14.00000
ADP-200010,19731116,6.08802,6.52288,6.08802,6.52288,9889,15.00000
ADP-200010,19731119,6.57724,6.63160,6.52288,6.57724,10809,15.12500
ADP-200010,19731120,6.52288,6.57724,6.41417,6.52288,18397,15.00000
ADP-200010,19731121,6.41417,6.52288,6.30545,6.41417,5290,14.75000
ADP-200010,19731123,6.35981,6.35981,6.30545,6.30545,4600,14.50000
ADP-200010,19731126,6.19674,6.25109,6.08802,6.14238,6669,14.12500
ADP-200010,19731127,6.14238,6.14238,6.08802,6.08802,3680,14.00000
ADP-200010,19731128,6.08802,6.08802,6.08802,6.08802,3910,14.00000
ADP-200010,19731129,6.35981,6.35981,6.08802,6.08802,9659,14.00000
ADP-200010,19731130,6.14238,6.14238,6.08802,6.08802,4370,14.00000
ADP-200010,19731203,6.08802,6.08802,6.03366,6.03366,7129,13.87500
ADP-200010,19731204,5.92495,6.19674,5.92495,6.19674,6899,14.25000
ADP-200010,19731205,6.08802,6.25109,5.97931,6.08802,8969,14.00000
ADP-200010,19731206,6.03366,6.14238,6.03366,6.14238,4830,14.12500
ADP-200010,19731207,6.08802,6.30545,6.08802,6.30545,2300,14.50000
ADP-200010,19731210,6.30545,6.30545,6.19674,6.19674,3910,14.25000
ADP-200010,19731211,6.19674,6.19674,6.14238,6.14238,1380,14.12500
ADP-200010,19731212,6.08802,6.14238,5.97931,6.08802,8969,14.00000
ADP-200010,19731213,5.87059,6.03366,5.87059,6.03366,12648,13.87500
ADP-200010,19731214,6.03366,6.03366,5.65316,5.65316,8279,13.00000
ADP-200010,19731217,5.65316,5.65316,5.54445,5.54445,3910,12.75000
ADP-200010,19731218,5.59881,5.65316,5.59881,5.65316,3680,13.00000
ADP-200010,19731219,5.65316,5.65316,5.38138,5.38138,5979,12.37500
ADP-200010,19731220,5.38138,5.38138,5.27266,5.27266,7589,12.12500
ADP-200010,19731221,5.27266,5.32702,5.21831,5.27266,5979,12.12500
ADP-200010,19731224,5.43573,5.43573,5.27266,5.27266,4830,12.12500
ADP-200010,19731226,5.27266,5.38138,5.27266,5.38138,6439,12.37500
ADP-200010,19731227,5.43573,5.54445,5.32702,5.49009,7819,12.62500
ADP-200010,19731228,5.43573,5.49009,5.32702,5.38138,9889,12.37500
ADP-200010,19731231,5.32702,5.65316,5.32702,5.65316,17477,13.00000
ADP-200010,19740102,5.81624,5.81624,5.76188,5.76188,3910,13.25000
ADP-200010,19740103,5.59881,6.03366,5.59881,6.03366,4370,13.87500
ADP-200010,19740104,6.03366,6.14238,6.03366,6.14238,1840,14.12500
ADP-200010,19740107,6.25109,6.52288,6.25109,6.52288,1840,15.00000
ADP-200010,19740108,6.63160,6.84902,6.46852,6.52288,6899,15.00000
ADP-200010,19740109,6.35981,6.35981,6.19674,6.19674,5749,14.25000
ADP-200010,19740110,5.97931,6.30545,5.97931,6.30545,3910,14.50000
ADP-200010,19740111,6.41417,6.52288,6.41417,6.52288,460,15.00000
ADP-200010,19740114,6.52288,6.57724,6.41417,6.52288,2990,15.00000
ADP-200010,19740115,6.46852,6.57724,6.35981,6.52288,1840,15.00000
ADP-200010,19740116,6.57724,6.57724,6.46852,6.46852,3680,14.87500
ADP-200010,19740117,6.52288,6.57724,6.46852,6.52288,2530,15.00000
ADP-200010,19740118,6.52288,6.79467,6.52288,6.79467,4830,15.62500
ADP-200010,19740121,6.74031,6.74031,6.74031,6.74031,1150,15.50000
ADP-200010,19740122,6.74031,6.84902,6.63160,6.74031,2530,15.50000
ADP-200010,19740123,6.84902,6.84902,6.84902,6.84902,1380,15.75000
ADP-200010,19740124,6.84902,6.95774,6.84902,6.95774,2530,16.00000
ADP-200010,19740125,6.79467,6.95774,6.79467,6.95774,4140,16.00000
ADP-200010,19740128,6.84902,6.95774,6.84902,6.95774,2300,16.00000
ADP-200010,19740129,6.84902,6.95774,6.84902,6.95774,1380,16.00000
ADP-200010,19740130,6.90338,7.06645,6.90338,7.06645,2530,16.25000
ADP-200010,19740131,6.90338,7.06645,6.90338,7.06645,1610,16.25000
ADP-200010,19740201,6.95774,7.06645,6.95774,7.06645,1380,16.25000
ADP-200010,19740204,7.06645,7.06645,6.84902,6.84902,3450,15.75000
ADP-200010,19740205,6.84902,6.84902,6.74031,6.74031,1380,15.50000
ADP-200010,19740206,6.84902,6.84902,6.68595,6.68595,9659,15.37500
ADP-200010,19740207,6.74031,6.79467,6.68595,6.74031,1840,15.50000
ADP-200010,19740208,6.84902,6.84902,6.68595,6.68595,1610,15.37500
ADP-200010,19740211,6.52288,6.63160,6.52288,6.63160,5979,15.25000
ADP-200010,19740212,6.68595,6.68595,6.57724,6.57724,690,15.12500
ADP-200010,19740213,6.52288,6.63160,6.52288,6.63160,2070,15.25000
ADP-200010,19740214,6.57724,6.63160,6.57724,6.63160,2300,15.25000
ADP-200010,19740215,6.52288,6.52288,6.52288,6.52288,460,15.00000
ADP-200010,19740219,6.63160,6.63160,6.52288,6.52288,2300,15.00000
ADP-200010,19740220,6.68595,6.68595,6.57724,6.57724,2530,15.12500
ADP-200010,19740221,6.68595,6.74031,6.68595,6.74031,1610,15.50000
ADP-200010,19740222,6.68595,6.74031,6.68595,6.74031,460,15.50000
ADP-200010,19740225,6.68595,6.79467,6.68595,6.79467,1380,15.62500
ADP-200010,19740226,6.79467,6.90338,6.79467,6.90338,1610,15.87500
ADP-200010,19740227,6.95774,7.06645,6.95774,7.06645,1150,16.25000
ADP-200010,19740228,7.01210,7.01210,6.95774,6.95774,2070,16.00000
ADP-200010,19740304,6.95774,7.06645,6.95774,7.06645,1380,16.25000
ADP-200010,19740305,7.06645,7.06645,7.06645,7.06645,2990,16.25000
ADP-200010,19740306,7.06645,7.12081,7.06645,7.12081,5290,16.37500
ADP-200010,19740307,7.12081,7.12081,7.01210,7.01210,2760,16.12500
ADP-200010,19740308,7.01210,7.01210,6.95774,6.95774,1610,16.00000
ADP-200010,19740311,6.84902,6.95774,6.84902,6.95774,1610,16.00000
ADP-200010,19740312,7.06645,7.06645,6.95774,6.95774,4600,16.00000
ADP-200010,19740313,7.06645,7.06645,6.95774,6.95774,2990,16.00000
ADP-200010,19740314,7.06645,7.06645,6.95774,6.95774,920,16.00000
ADP-200010,19740315,6.84902,7.06645,6.84902,7.06645,6899,16.25000
ADP-200010,19740318,7.06645,7.06645,7.06645,7.06645,230,16.25000
ADP-200010,19740319,6.95774,7.06645,6.90338,6.95774,2990,16.00000
ADP-200010,19740320,6.95774,6.95774,6.84902,6.84902,1150,15.75000
ADP-200010,19740321,6.79467,6.79467,6.79467,6.79467,690,15.62500
ADP-200010,19740322,6.84902,6.84902,6.63160,6.63160,1610,15.25000
ADP-200010,19740325,6.63160,6.63160,6.63160,6.63160,690,15.25000
ADP-200010,19740326,6.63160,6.74031,6.63160,6.74031,1380,15.50000
ADP-200010,19740327,6.63160,6.74031,6.46852,6.52288,5520,15.00000
ADP-200010,19740328,6.46852,6.46852,6.30545,6.30545,4370,14.50000
ADP-200010,19740329,6.30545,6.30545,6.25109,6.25109,3450,14.37500
ADP-200010,19740401,6.25109,6.35981,6.25109,6.35981,2760,14.62500
ADP-200010,19740402,6.25109,6.25109,6.25109,6.25109,1610,14.37500
ADP-200010,19740403,6.19674,6.30545,6.19674,6.30545,1150,14.50000
ADP-200010,19740404,6.41417,6.52288,6.41417,6.52288,3450,15.00000
ADP-200010,19740405,6.52288,6.63160,6.52288,6.63160,2990,15.25000
ADP-200010,19740408,6.79467,6.79467,6.68595,6.68595,3220,15.37500
ADP-200010,19740409,6.84902,6.84902,6.74031,6.74031,2070,15.50000
ADP-200010,19740410,6.74031,6.84902,6.74031,6.84902,920,15.75000
ADP-200010,19740415,6.79467,6.84902,6.79467,6.84902,920,15.75000
ADP-200010,19740416,6.90338,7.06645,6.90338,7.06645,1840,16.25000
ADP-200010,19740417,7.01210,7.06645,7.01210,7.06645,3450,16.25000
ADP-200010,19740418,7.01210,7.06645,7.01210,7.06645,1610,16.25000
ADP-200010,19740419,7.01210,7.01210,7.01210,7.01210,460,16.12500
ADP-200010,19740422,7.12081,7.12081,7.01210,7.01210,460,16.12500
ADP-200010,19740423,7.01210,7.01210,6.90338,6.90338,2990,15.87500
ADP-200010,19740424,6.84902,7.06645,6.84902,7.06645,1380,16.25000
ADP-200010,19740425,7.01210,7.01210,6.79467,6.79467,4370,15.62500
ADP-200010,19740426,6.79467,6.95774,6.79467,6.95774,1150,16.00000
ADP-200010,19740429,7.06645,7.06645,6.95774,6.95774,9429,16.00000
ADP-200010,19740430,7.06645,7.17517,7.01210,7.12081,2530,16.37500
ADP-200010,19740501,7.06645,7.33824,7.06645,7.33824,5060,16.87500
ADP-200010,19740502,7.33824,7.33824,7.22953,7.22953,2070,16.62500
ADP-200010,19740503,7.12081,7.12081,7.12081,7.12081,460,16.37500
ADP-200010,19740506,7.22953,7.22953,7.12081,7.12081,1380,16.37500
ADP-200010,19740507,7.17517,7.17517,7.17517,7.17517,230,16.50000
ADP-200010,19740508,7.06645,7.06645,6.95774,6.95774,1380,16.00000
ADP-200010,19740509,7.12081,7.28388,7.12081,7.28388,4140,16.75000
ADP-200010,19740510,7.61003,7.61003,7.39260,7.39260,10349,17.00000
ADP-200010,19740513,7.28388,7.28388,7.17517,7.17517,920,16.50000
ADP-200010,19740514,7.06645,7.06645,7.01210,7.01210,1840,16.12500
ADP-200010,19740515,7.01210,7.01210,6.95774,6.95774,2530,16.00000
ADP-200010,19740516,6.95774,7.12081,6.95774,7.12081,1610,16.37500
ADP-200010,19740517,6.95774,6.95774,6.95774,6.95774,4370,16.00000
ADP-200010,19740520,6.95774,6.95774,6.95774,6.95774,460,16.00000
ADP-200010,19740521,6.90338,6.95774,6.90338,6.95774,2530,16.00000
ADP-200010,19740522,7.01210,7.01210,6.95774,6.95774,2070,16.00000
ADP-200010,19740523,6.95774,6.95774,6.95774,6.95774,3910,16.00000
ADP-200010,19740524,6.95774,6.95774,6.90338,6.90338,1380,15.87500
ADP-200010,19740528,7.01210,7.01210,6.95774,6.95774,1610,16.00000
ADP-200010,19740529,6.90338,6.90338,6.84902,6.84902,690,15.75000
ADP-200010,19740530,6.84902,6.95774,6.84902,6.95774,1380,16.00000
ADP-200010,19740531,6.90338,6.95774,6.90338,6.95774,2530,16.00000
ADP-200010,19740603,6.95774,6.95774,6.74031,6.74031,920,15.50000
ADP-200010,19740604,6.79467,6.95774,6.79467,6.95774,920,16.00000
ADP-200010,19740605,6.95774,6.95774,6.95774,6.95774,230,16.00000
ADP-200010,19740606,6.90338,6.95774,6.90338,6.95774,1380,16.00000
ADP-200010,19740607,7.12081,7.12081,7.06645,7.06645,1840,16.25000
ADP-200010,19740610,7.06645,7.06645,7.06645,7.06645,920,16.25000
ADP-200010,19740611,7.17517,7.28388,7.17517,7.28388,920,16.75000
ADP-200010,19740612,7.33824,7.33824,7.22953,7.22953,4830,16.62500
ADP-200010,19740613,7.12081,7.33824,7.12081,7.33824,920,16.87500
ADP-200010,19740614,7.33824,7.33824,7.22953,7.22953,1150,16.62500
ADP-200010,19740617,7.22953,7.22953,7.06645,7.06645,1840,16.25000
ADP-200010,19740618,7.01210,7.01210,7.01210,7.01210,1380,16.12500
ADP-200010,19740619,6.95774,6.95774,6.95774,6.95774,460,16.00000
ADP-200010,19740621,6.84902,7.01210,6.74031,6.90338,6439,15.87500
ADP-200010,19740624,6.84902,6.95774,6.84902,6.95774,4370,16.00000
ADP-200010,19740625,6.95774,6.95774,6.95774,6.95774,920,16.00000
ADP-200010,19740626,7.01210,7.01210,7.01210,7.01210,230,16.12500
ADP-200010,19740627,6.84902,6.95774,6.84902,6.95774,3910,16.00000
ADP-200010,19740628,6.79467,6.95774,6.79467,6.95774,2070,16.00000
ADP-200010,19740701,6.84902,6.84902,6.84902,6.84902,1380,15.75000
ADP-200010,19740702,6.90338,6.90338,6.74031,6.74031,3220,15.50000
ADP-200010,19740703,6.63160,6.63160,6.63160,6.63160,690,15.25000
ADP-200010,19740708,6.63160,6.63160,6.30545,6.30545,6669,14.50000
ADP-200010,19740709,6.14238,6.14238,6.14238,6.14238,2530,14.12500
ADP-200010,19740710,6.25109,6.25109,6.14238,6.14238,2070,14.12500
ADP-200010,19740711,6.08802,6.08802,6.08802,6.08802,920,14.00000
ADP-200010,19740712,6.30545,6.41417,6.25109,6.30545,4140,14.50000
ADP-200010,19740715,6.25109,6.41417,6.08802,6.14238,4140,14.12500
ADP-200010,19740716,6.14238,6.30545,6.14238,6.30545,2070,14.50000
ADP-200010,19740717,6.25109,6.79467,6.25109,6.79467,2530,15.62500
ADP-200010,19740718,6.90338,7.01210,6.90338,7.01210,920,16.12500
ADP-200010,19740719,7.01210,7.12081,7.01210,7.12081,5749,16.37500
ADP-200010,19740722,7.06645,7.06645,7.01210,7.01210,690,16.12500
ADP-200010,19740723,7.06645,7.06645,6.95774,6.95774,1840,16.00000
ADP-200010,19740724,6.79467,6.95774,6.79467,6.95774,3910,16.00000
ADP-200010,19740725,7.06645,7.06645,6.95774,6.95774,1610,16.00000
ADP-200010,19740726,6.95774,6.95774,6.74031,6.74031,1150,15.50000
ADP-200010,19740729,6.74031,6.84902,6.74031,6.84902,2070,15.75000
ADP-200010,19740730,6.84902,6.84902,6.68595,6.68595,1150,15.37500
ADP-200010,19740731,6.74031,6.74031,6.63160,6.63160,1150,15.25000
ADP-200010,19740801,6.52288,6.63160,6.52288,6.63160,4600,15.25000
ADP-200010,19740802,6.68595,6.68595,6.46852,6.46852,2990,14.87500
ADP-200010,19740805,6.41417,6.52288,6.35981,6.46852,2530,14.87500
ADP-200010,19740806,6.74031,6.84902,6.57724,6.74031,2530,15.50000
ADP-200010,19740807,6.52288,6.63160,6.52288,6.63160,2070,15.25000
ADP-200010,19740808,6.63160,6.63160,6.52288,6.52288,690,15.00000
ADP-200010,19740809,6.52288,6.79467,6.52288,6.79467,2530,15.62500
ADP-200010,19740812,6.90338,6.95774,6.90338,6.95774,2070,16.00000
ADP-200010,19740813,7.12081,7.12081,6.95774,6.95774,4830,16.00000
ADP-200010,19740814,6.84902,6.84902,6.84902,6.84902,1150,15.75000
ADP-200010,19740815,6.79467,6.79467,6.74031,6.74031,1610,15.50000
ADP-200010,19740816,6.74031,6.84902,6.74031,6.84902,690,15.75000
ADP-200010,19740819,6.79467,6.79467,6.79467,6.79467,230,15.62500
ADP-200010,19740820,6.74031,6.95774,6.74031,6.95774,3450,16.00000
ADP-200010,19740821,6.84902,6.84902,6.84902,6.84902,2990,15.75000
ADP-200010,19740822,6.74031,6.74031,6.63160,6.63160,5060,15.25000
ADP-200010,19740823,6.57724,6.57724,6.52288,6.52288,2300,15.00000
ADP-200010,19740826,6.52288,6.52288,6.52288,6.52288,2300,15.00000
ADP-200010,19740827,6.46852,6.52288,6.46852,6.52288,460,15.00000
ADP-200010,19740828,6.52288,6.52288,6.52288,6.52288,230,15.00000
ADP-200010,19740829,6.41417,6.41417,6.08802,6.08802,2300,14.00000
ADP-200010,19740830,6.08802,6.08802,6.08802,6.08802,690,14.00000
ADP-200010,19740903,6.19674,6.35981,6.08802,6.30545,8049,14.50000
ADP-200010,19740904,6.30545,6.30545,6.08802,6.08802,2990,14.00000
ADP-200010,19740905,6.19674,6.19674,6.08802,6.08802,1380,14.00000
ADP-200010,19740906,6.08802,6.08802,6.08802,6.08802,1150,14.00000
ADP-200010,19740909,6.19674,6.19674,6.08802,6.08802,2070,14.00000
ADP-200010,19740910,5.97931,5.97931,5.92495,5.92495,460,13.62500
ADP-200010,19740911,5.87059,6.08802,5.87059,6.08802,2760,14.00000
ADP-200010,19740912,6.08802,6.08802,5.92495,5.92495,7359,13.62500
ADP-200010,19740913,5.87059,5.87059,5.76188,5.76188,1150,13.25000
ADP-200010,19740916,5.76188,5.76188,5.59881,5.59881,1610,12.87500
ADP-200010,19740917,5.81624,5.92495,5.70752,5.81624,2530,13.37500
ADP-200010,19740918,5.87059,5.97931,5.81624,5.87059,3220,13.50000
ADP-200010,19740919,5.92495,5.92495,5.87059,5.87059,2530,13.50000
ADP-200010,19740920,6.14238,6.30545,5.97931,6.25109,5290,14.37500
ADP-200010,19740923,6.46852,6.46852,6.19674,6.19674,2530,14.25000
ADP-200010,19740924,6.30545,6.30545,6.19674,6.19674,920,14.25000
ADP-200010,19740925,6.30545,6.41417,6.30545,6.41417,6439,14.75000
ADP-200010,19740926,6.30545,6.41417,6.19674,6.30545,1610,14.50000
ADP-200010,19740927,6.41417,6.41417,6.30545,6.30545,6209,14.50000
ADP-200010,19740930,6.19674,6.30545,6.19674,6.30545,2530,14.50000
ADP-200010,19741001,6.19674,6.30545,6.14238,6.19674,1840,14.25000
ADP-200010,19741002,6.19674,6.19674,6.19674,6.19674,920,14.25000
ADP-200010,19741003,6.19674,6.19674,6.14238,6.14238,690,14.12500
ADP-200010,19741004,6.19674,6.25109,6.19674,6.25109,920,14.37500
ADP-200010,19741007,6.35981,6.35981,6.25109,6.25109,690,14.37500
ADP-200010,19741008,6.30545,6.41417,6.30545,6.41417,1150,14.75000
ADP-200010,19741009,6.41417,6.41417,6.30545,6.30545,5060,14.50000
ADP-200010,19741010,6.30545,6.30545,6.30545,6.30545,460,14.50000
ADP-200010,19741011,6.46852,6.46852,6.30545,6.30545,2760,14.50000
ADP-200010,19741014,6.68595,6.95774,6.41417,6.84902,5979,15.75000
ADP-200010,19741015,6.84902,6.84902,6.74031,6.74031,4600,15.50000
ADP-200010,19741016,6.63160,6.74031,6.63160,6.74031,1840,15.50000
ADP-200010,19741017,6.68595,6.79467,6.68595,6.79467,2300,15.62500
ADP-200010,19741018,6.84902,6.90338,6.84902,6.90338,690,15.87500
ADP-200010,19741021,6.95774,7.06645,6.90338,6.95774,6669,16.00000
ADP-200010,19741022,7.12081,7.17517,7.06645,7.12081,3910,16.37500
ADP-200010,19741023,7.06645,7.17517,6.90338,6.95774,2760,16.00000
ADP-200010,19741024,6.95774,6.95774,6.74031,6.74031,3220,15.50000
ADP-200010,19741025,6.68595,6.68595,6.57724,6.57724,1840,15.12500
ADP-200010,19741028,6.52288,6.52288,6.19674,6.19674,3220,14.25000
ADP-200010,19741029,6.35981,6.41417,6.30545,6.35981,1380,14.62500
ADP-200010,19741030,6.41417,6.52288,6.41417,6.52288,1380,15.00000
ADP-200010,19741031,6.63160,6.74031,6.57724,6.68595,2760,15.37500
ADP-200010,19741101,7.17517,7.50131,6.79467,7.28388,9429,16.75000
ADP-200010,19741104,7.12081,7.17517,7.06645,7.12081,1380,16.37500
ADP-200010,19741105,7.22953,7.28388,7.17517,7.22953,3450,16.62500
ADP-200010,19741106,7.39260,7.50131,7.33824,7.39260,3450,17.00000
ADP-200010,19741107,7.39260,7.39260,7.22953,7.22953,2070,16.62500
ADP-200010,19741108,7.17517,7.17517,7.12081,7.12081,1610,16.37500
ADP-200010,19741111,7.17517,7.28388,7.12081,7.17517,2530,16.50000
ADP-200010,19741112,7.12081,7.22953,7.12081,7.22953,1840,16.62500
ADP-200010,19741113,7.22953,7.22953,7.17517,7.17517,460,16.50000
ADP-200010,19741114,7.33824,7.33824,7.22953,7.22953,1840,16.62500
ADP-200010,19741115,7.17517,7.17517,7.12081,7.12081,690,16.37500
ADP-200010,19741118,7.12081,7.12081,6.74031,6.74031,3450,15.50000
ADP-200010,19741119,6.74031,6.74031,6.63160,6.63160,920,15.25000
ADP-200010,19741120,6.74031,6.74031,6.63160,6.63160,920,15.25000
ADP-200010,19741121,6.74031,6.74031,6.63160,6.63160,1610,15.25000
ADP-200010,19741122,6.74031,6.74031,6.57724,6.57724,1840,15.12500
ADP-200010,19741125,6.52288,6.52288,5.97931,5.97931,7589,13.75000
ADP-200010,19741126,6.25109,6.41417,6.08802,6.30545,2760,14.50000
ADP-200010,19741127,6.25109,6.25109,6.08802,6.08802,2760,14.00000
ADP-200010,19741129,6.08802,6.08802,6.08802,6.08802,230,14.00000
ADP-200010,19741202,6.08802,6.14238,5.97931,6.03366,2070,13.87500
ADP-200010,19741203,5.87059,5.87059,5.76188,5.76188,1150,13.25000
ADP-200010,19741204,5.65316,5.76188,5.49009,5.59881,1840,12.87500
ADP-200010,19741205,5.76188,5.76188,5.54445,5.54445,4600,12.75000
ADP-200010,19741206,5.38138,5.65316,5.10959,5.21831,3680,12.00000
ADP-200010,19741209,5.32702,5.32702,5.10959,5.10959,4140,11.75000
ADP-200010,19741210,5.21831,5.21831,4.94652,4.94652,5290,11.37500
ADP-200010,19741211,5.21831,5.49009,4.94652,5.27266,6899,12.12500
ADP-200010,19741212,5.38138,5.38138,5.21831,5.21831,2070,12.00000
ADP-200010,19741213,5.43573,5.43573,5.43573,5.43573,7359,12.50000
ADP-200010,19741216,5.59881,5.59881,5.32702,5.32702,4830,12.25000
ADP-200010,19741217,5.21831,5.21831,5.00088,5.00088,2760,11.50000
ADP-200010,19741218,5.21831,5.21831,5.10959,5.10959,4140,11.75000
ADP-200010,19741219,5.21831,5.21831,5.10959,5.10959,2530,11.75000
ADP-200010,19741220,5.16395,5.16395,5.00088,5.00088,1840,11.50000
ADP-200010,19741223,5.10959,5.10959,5.00088,5.00088,11498,11.50000
ADP-200010,19741224,4.94652,4.94652,4.94652,4.94652,690,11.37500
ADP-200010,19741226,4.94652,4.94652,4.89216,4.89216,2760,11.25000
ADP-200010,19741227,4.89216,5.21831,4.89216,5.21831,4370,12.00000
ADP-200010,19741230,5.00088,5.32702,5.00088,5.32702,16788,12.25000
ADP-200010,19741231,5.32702,5.65316,5.32702,5.65316,6669,13.00000
ADP-200010,19750102,5.43573,5.54445,5.43573,5.54445,2070,12.75000
ADP-200010,19750103,5.54445,5.70752,5.54445,5.70752,2300,13.12500
ADP-200010,19750106,5.70752,5.70752,5.70752,5.70752,2300,13.12500
ADP-200010,19750107,5.65316,5.70752,5.65316,5.70752,460,13.12500
ADP-200010,19750108,5.70752,5.70752,5.70752,5.70752,460,13.12500
ADP-200010,19750109,5.59881,5.59881,5.59881,5.59881,230,12.87500
ADP-200010,19750110,5.65316,5.76188,5.65316,5.76188,1150,13.25000
ADP-200010,19750113,5.87059,6.08802,5.87059,6.08802,2300,14.00000
ADP-200010,19750114,6.19674,6.19674,6.19674,6.19674,1150,14.25000
ADP-200010,19750115,6.19674,6.19674,6.08802,6.08802,1610,14.00000
ADP-200010,19750116,6.08802,6.08802,6.08802,6.08802,1150,14.00000
ADP-200010,19750117,6.08802,6.08802,5.97931,5.97931,1380,13.75000
ADP-200010,19750120,6.08802,6.08802,5.87059,5.87059,1840,13.50000
ADP-200010,19750121,6.08802,6.08802,5.81624,5.81624,4830,13.37500
ADP-200010,19750122,5.92495,5.92495,5.92495,5.92495,690,13.62500
ADP-200010,19750123,6.03366,6.03366,5.92495,5.92495,1150,13.62500
ADP-200010,19750124,5.97931,5.97931,5.81624,5.81624,1150,13.37500
ADP-200010,19750127,5.97931,5.97931,5.92495,5.92495,4140,13.62500
ADP-200010,19750128,5.97931,6.14238,5.97931,6.14238,1380,14.12500
ADP-200010,19750129,6.25109,6.25109,6.14238,6.14238,3220,14.12500
ADP-200010,19750130,6.30545,6.30545,6.19674,6.19674,2070,14.25000
ADP-200010,19750131,6.30545,6.30545,6.30545,6.30545,1150,14.50000
ADP-200010,19750203,6.35981,6.41417,6.30545,6.35981,2300,14.62500
ADP-200010,19750204,6.30545,6.41417,6.30545,6.41417,3680,14.75000
ADP-200010,19750205,6.30545,6.30545,6.19674,6.19674,2760,14.25000
ADP-200010,19750206,6.41417,6.41417,6.30545,6.30545,2300,14.50000
ADP-200010,19750207,6.19674,6.30545,6.14238,6.19674,2300,14.25000
ADP-200010,19750210,6.19674,6.25109,6.19674,6.25109,690,14.37500
ADP-200010,19750211,6.14238,6.25109,6.14238,6.25109,920,14.37500
ADP-200010,19750212,6.30545,6.30545,6.19674,6.19674,3680,14.25000
ADP-200010,19750213,6.30545,6.30545,6.14238,6.14238,1610,14.12500
ADP-200010,19750214,6.30545,6.30545,6.30545,6.30545,690,14.50000
ADP-200010,19750218,6.35981,6.46852,6.35981,6.46852,3220,14.87500
ADP-200010,19750219,6.46852,6.46852,6.35981,6.35981,1610,14.62500
ADP-200010,19750220,6.35981,6.46852,6.35981,6.46852,1610,14.87500
ADP-200010,19750221,6.41417,6.52288,6.30545,6.41417,3910,14.75000
ADP-200010,19750224,6.41417,6.41417,6.30545,6.30545,2070,14.50000
ADP-200010,19750225,6.30545,6.30545,6.30545,6.30545,230,14.50000
ADP-200010,19750226,6.08802,6.30545,6.08802,6.30545,3910,14.50000
ADP-200010,19750227,6.30545,6.35981,6.19674,6.30545,2300,14.50000
ADP-200010,19750228,6.30545,6.30545,6.30545,6.30545,230,14.50000
ADP-200010,19750303,6.30545,6.41417,6.30545,6.41417,3910,14.75000
ADP-200010,19750304,6.35981,6.41417,6.30545,6.35981,2300,14.62500
ADP-200010,19750305,6.46852,6.46852,6.35981,6.35981,1380,14.62500
ADP-200010,19750306,6.41417,6.46852,6.30545,6.41417,3680,14.75000
ADP-200010,19750307,6.46852,6.46852,6.35981,6.35981,2070,14.62500
ADP-200010,19750310,6.52288,6.52288,6.30545,6.30545,8509,14.50000
ADP-200010,19750311,6.41417,6.46852,6.35981,6.41417,2990,14.75000
ADP-200010,19750312,6.46852,6.63160,6.46852,6.63160,3910,15.25000
ADP-200010,19750313,6.68595,6.68595,6.52288,6.52288,3450,15.00000
ADP-200010,19750314,6.52288,6.63160,6.46852,6.52288,3910,15.00000
ADP-200010,19750317,6.52288,6.63160,6.46852,6.57724,1610,15.12500
ADP-200010,19750318,6.46852,6.57724,6.35981,6.46852,3450,14.87500
ADP-200010,19750319,6.35981,6.35981,6.35981,6.35981,230,14.62500
ADP-200010,19750320,6.30545,6.35981,6.30545,6.35981,1380,14.62500
ADP-200010,19750321,6.35981,6.35981,6.30545,6.30545,1380,14.50000
ADP-200010,19750324,6.35981,6.35981,6.14238,6.14238,5060,14.12500
ADP-200010,19750325,6.19674,6.30545,6.19674,6.30545,2990,14.50000
ADP-200010,19750326,6.35981,6.35981,6.03366,6.03366,3910,13.87500
ADP-200010,19750327,6.14238,6.25109,6.14238,6.25109,1150,14.37500
ADP-200010,19750331,6.30545,6.35981,6.19674,6.30545,4140,14.50000
ADP-200010,19750401,6.30545,6.30545,6.30545,6.30545,690,14.50000
ADP-200010,19750402,6.30545,6.30545,6.19674,6.19674,1380,14.25000
ADP-200010,19750403,6.30545,6.30545,6.08802,6.08802,6669,14.00000
ADP-200010,19750404,6.08802,6.19674,6.08802,6.19674,1380,14.25000
ADP-200010,19750407,6.19674,6.30545,6.19674,6.30545,1150,14.50000
ADP-200010,19750408,6.30545,6.30545,6.08802,6.08802,1150,14.00000
ADP-200010,19750409,6.08802,6.08802,6.08802,6.08802,460,14.00000
ADP-200010,19750410,6.25109,6.25109,6.03366,6.03366,3680,13.87500
ADP-200010,19750411,6.03366,6.03366,5.97931,5.97931,920,13.75000
ADP-200010,19750414,6.08802,6.14238,5.97931,6.03366,8509,13.87500
ADP-200010,19750415,6.08802,6.14238,6.03366,6.08802,3450,14.00000
ADP-200010,19750416,6.14238,6.14238,6.03366,6.03366,2530,13.87500
ADP-200010,19750417,6.19674,6.19674,6.08802,6.08802,3680,14.00000
ADP-200010,19750418,6.08802,6.08802,6.08802,6.08802,2530,14.00000
ADP-200010,19750421,6.08802,6.25109,6.08802,6.25109,2070,14.37500
ADP-200010,19750422,6.25109,6.41417,6.25109,6.41417,11498,14.75000
ADP-200010,19750423,6.30545,6.41417,6.25109,6.30545,2300,14.50000
ADP-200010,19750424,6.30545,6.35981,6.19674,6.30545,1840,14.50000
ADP-200010,19750425,6.35981,6.35981,6.30545,6.30545,2990,14.50000
ADP-200010,19750428,6.30545,6.30545,5.97931,5.97931,5979,13.75000
ADP-200010,19750429,5.97931,6.08802,5.81624,5.87059,7129,13.50000
ADP-200010,19750430,5.81624,5.87059,5.76188,5.81624,2070,13.37500
ADP-200010,19750501,5.87059,5.87059,5.76188,5.76188,4370,13.25000
ADP-200010,19750502,5.87059,5.87059,5.81624,5.81624,3680,13.37500
ADP-200010,19750505,5.81624,5.81624,5.65316,5.65316,5520,13.00000
ADP-200010,19750506,5.65316,5.76188,5.65316,5.76188,9659,13.25000
ADP-200010,19750507,5.81624,5.81624,5.65316,5.65316,5749,13.00000
ADP-200010,19750508,5.65316,5.81624,5.65316,5.81624,2300,13.37500
ADP-200010,19750509,5.81624,5.81624,5.65316,5.65316,5520,13.00000
ADP-200010,19750512,5.87059,5.87059,5.76188,5.76188,5060,13.25000
ADP-200010,19750513,5.70752,5.76188,5.70752,5.76188,1840,13.25000
ADP-200010,19750514,5.76188,5.81624,5.76188,5.81624,1150,13.37500
ADP-200010,19750515,5.76188,5.76188,5.76188,5.76188,2760,13.25000
ADP-200010,19750519,5.70752,5.70752,5.70752,5.70752,2070,13.12500
ADP-200010,19750520,5.70752,5.70752,5.70752,5.70752,1380,13.12500
ADP-200010,19750521,5.70752,5.76188,5.70752,5.76188,1150,13.25000
ADP-200010,19750523,5.70752,5.87059,5.70752,5.87059,2990,13.50000
ADP-200010,19750527,5.76188,5.76188,5.76188,5.76188,1380,13.25000
ADP-200010,19750528,5.87059,5.87059,5.76188,5.76188,2530,13.25000
ADP-200010,19750529,5.76188,5.76188,5.76188,5.76188,460,13.25000
ADP-200010,19750530,5.81624,5.81624,5.81624,5.81624,1610,13.37500
ADP-200010,19750602,5.70752,5.76188,5.70752,5.76188,4830,13.25000
ADP-200010,19750603,5.76188,5.92495,5.76188,5.92495,2990,13.62500
ADP-200010,19750604,5.87059,5.87059,5.87059,5.87059,1610,13.50000
ADP-200010,19750605,5.65316,5.76188,5.59881,5.70752,3680,13.12500
ADP-200010,19750606,5.70752,5.70752,5.59881,5.59881,3910,12.87500
ADP-200010,19750609,5.65316,5.65316,5.65316,5.65316,2070,13.00000
ADP-200010,19750610,5.70752,5.70752,5.70752,5.70752,460,13.12500
ADP-200010,19750611,5.81624,5.81624,5.76188,5.76188,4600,13.25000
ADP-200010,19750612,5.87059,5.92495,5.87059,5.92495,2760,13.62500
ADP-200010,19750613,5.92495,5.92495,5.87059,5.87059,2070,13.50000
ADP-200010,19750617,5.92495,5.92495,5.70752,5.70752,3680,13.12500
ADP-200010,19750618,5.70752,5.70752,5.70752,5.70752,460,13.12500
ADP-200010,19750619,5.76188,5.81624,5.70752,5.76188,1610,13.25000
ADP-200010,19750620,5.81624,5.87059,5.76188,5.81624,3220,13.37500
ADP-200010,19750623,5.70752,5.81624,5.70752,5.81624,1150,13.37500
ADP-200010,19750624,5.87059,5.87059,5.70752,5.70752,4830,13.12500
ADP-200010,19750625,5.76188,5.76188,5.70752,5.70752,4600,13.12500
ADP-200010,19750626,5.70752,5.81624,5.70752,5.81624,1840,13.37500
ADP-200010,19750627,5.92495,5.92495,5.81624,5.81624,2990,13.37500
ADP-200010,19750630,5.87059,5.87059,5.87059,5.87059,2300,13.50000
ADP-200010,19750701,5.87059,5.87059,5.76188,5.76188,4370,13.25000
ADP-200010,19750702,5.87059,5.87059,5.81624,5.81624,2070,13.37500
ADP-200010,19750703,5.76188,5.76188,5.70752,5.70752,2300,13.12500
ADP-200010,19750707,5.76188,5.81624,5.70752,5.76188,6669,13.25000
ADP-200010,19750708,5.81624,5.81624,5.81624,5.81624,460,13.37500
ADP-200010,19750709,5.76188,6.03366,5.76188,6.03366,4830,13.87500
ADP-200010,19750710,6.03366,6.03366,6.03366,6.03366,1150,13.87500
ADP-200010,19750711,6.14238,6.25109,6.03366,6.19674,5749,14.25000
ADP-200010,19750714,6.35981,6.35981,6.19674,6.19674,7129,14.25000
ADP-200010,19750715,6.35981,6.35981,6.25109,6.25109,6899,14.37500
ADP-200010,19750716,6.35981,6.35981,6.25109,6.25109,9429,14.37500
ADP-200010,19750717,6.30545,6.30545,6.30545,6.30545,1840,14.50000
ADP-200010,19750718,6.30545,6.30545,6.19674,6.19674,2300,14.25000
ADP-200010,19750721,6.30545,6.35981,6.25109,6.30545,6209,14.50000
ADP-200010,19750722,6.30545,6.30545,6.14238,6.14238,1150,14.12500
ADP-200010,19750723,6.30545,6.30545,6.14238,6.14238,7359,14.12500
ADP-200010,19750724,6.30545,6.30545,6.14238,6.14238,1840,14.12500
ADP-200010,19750725,6.08802,6.08802,5.97931,5.97931,2760,13.75000
ADP-200010,19750728,5.76188,5.87059,5.65316,5.70752,3680,13.12500
ADP-200010,19750729,5.65316,5.65316,5.65316,5.65316,1380,13.00000
ADP-200010,19750730,5.54445,5.65316,5.54445,5.65316,920,13.00000
ADP-200010,19750731,5.54445,5.70752,5.54445,5.70752,1610,13.12500
ADP-200010,19750801,5.70752,5.70752,5.65316,5.65316,460,13.00000
ADP-200010,19750804,5.59881,5.65316,5.59881,5.65316,460,13.00000
ADP-200010,19750805,5.65316,5.65316,5.65316,5.65316,460,13.00000
ADP-200010,19750806,5.65316,5.70752,5.65316,5.70752,1610,13.12500
ADP-200010,19750807,5.76188,5.76188,5.65316,5.65316,1610,13.00000
ADP-200010,19750808,5.65316,5.65316,5.59881,5.59881,2530,12.87500
ADP-200010,19750811,5.65316,5.65316,5.54445,5.54445,6669,12.75000
ADP-200010,19750812,5.54445,5.54445,5.38138,5.38138,5979,12.37500
ADP-200010,19750813,5.43573,5.43573,5.32702,5.32702,1840,12.25000
ADP-200010,19750814,5.38138,5.38138,5.21831,5.21831,4600,12.00000
ADP-200010,19750815,5.32702,5.32702,5.32702,5.32702,230,12.25000
ADP-200010,19750818,5.38138,5.38138,5.32702,5.32702,690,12.25000
ADP-200010,19750819,5.21831,5.27266,5.16395,5.21831,920,12.00000
ADP-200010,19750820,5.27266,5.27266,5.27266,5.27266,230,12.12500
ADP-200010,19750821,5.10959,5.21831,5.10959,5.21831,2530,12.00000
ADP-200010,19750822,5.10959,5.21831,5.10959,5.21831,460,12.00000
ADP-200010,19750826,5.38138,5.38138,5.38138,5.38138,2300,12.37500
ADP-200010,19750827,5.32702,5.32702,5.32702,5.32702,230,12.25000
ADP-200010,19750828,5.32702,5.32702,5.32702,5.32702,460,12.25000
ADP-200010,19750829,5.21831,5.32702,5.21831,5.32702,2530,12.25000
ADP-200010,19750902,5.21831,5.21831,5.21831,5.21831,920,12.00000
ADP-200010,19750903,5.21831,5.21831,5.21831,5.21831,230,12.00000
ADP-200010,19750904,5.16395,5.21831,5.10959,5.16395,4830,11.87500
ADP-200010,19750905,5.16395,5.16395,5.16395,5.16395,230,11.87500
ADP-200010,19750908,5.10959,5.16395,5.10959,5.16395,1150,11.87500
ADP-200010,19750909,5.10959,5.10959,5.10959,5.10959,2760,11.75000
ADP-200010,19750910,5.10959,5.10959,5.10959,5.10959,230,11.75000
ADP-200010,19750911,5.21831,5.21831,5.10959,5.10959,1380,11.75000
ADP-200010,19750912,5.10959,5.10959,5.00088,5.00088,1610,11.50000
ADP-200010,19750915,5.00088,5.00088,4.94652,4.94652,1150,11.37500
ADP-200010,19750916,4.94652,4.94652,4.94652,4.94652,920,11.37500
ADP-200010,19750917,5.00088,5.00088,5.00088,5.00088,1150,11.50000
ADP-200010,19750918,4.94652,4.94652,4.94652,4.94652,230,11.37500
ADP-200010,19750919,4.94652,4.94652,4.94652,4.94652,1150,11.37500
ADP-200010,19750922,5.00088,5.00088,4.94652,4.94652,3910,11.37500
ADP-200010,19750923,4.94652,4.94652,4.89216,4.89216,2530,11.25000
ADP-200010,19750924,4.89216,4.94652,4.78345,4.83780,2300,11.12500
ADP-200010,19750925,4.72909,4.83780,4.72909,4.83780,4370,11.12500
ADP-200010,19750926,4.83780,4.83780,4.83780,4.83780,2990,11.12500
ADP-200010,19750929,4.94652,4.94652,4.94652,4.94652,1150,11.37500
ADP-200010,19750930,4.83780,4.89216,4.83780,4.89216,2530,11.25000
ADP-200010,19751001,4.89216,4.89216,4.89216,4.89216,2760,11.25000
ADP-200010,19751002,4.89216,5.00088,4.89216,5.00088,3450,11.50000
ADP-200010,19751003,4.94652,5.05523,4.94652,5.05523,4600,11.62500
ADP-200010,19751006,5.05523,5.10959,5.05523,5.10959,2990,11.75000
ADP-200010,19751007,5.16395,5.16395,5.10959,5.10959,1150,11.75000
ADP-200010,19751008,5.05523,5.05523,5.05523,5.05523,2760,11.62500
ADP-200010,19751009,5.05523,5.05523,5.05523,5.05523,230,11.62500
ADP-200010,19751010,5.05523,5.05523,5.00088,5.00088,2760,11.50000
ADP-200010,19751013,5.00088,5.00088,5.00088,5.00088,2070,11.50000
ADP-200010,19751014,5.00088,5.05523,5.00088,5.05523,2300,11.62500
ADP-200010,19751015,5.00088,5.05523,5.00088,5.05523,1840,11.62500
ADP-200010,19751016,5.00088,5.05523,5.00088,5.05523,690,11.62500
ADP-200010,19751017,5.00088,5.05523,5.00088,5.05523,1840,11.62500
ADP-200010,19751020,5.00088,5.00088,5.00088,5.00088,2070,11.50000
ADP-200010,19751021,5.05523,5.05523,5.05523,5.05523,2530,11.62500
ADP-200010,19751022,5.05523,5.21831,5.05523,5.21831,6209,12.00000
ADP-200010,19751024,5.21831,5.21831,5.21831,5.21831,1150,12.00000
ADP-200010,19751027,5.05523,5.10959,5.05523,5.10959,3680,11.75000
ADP-200010,19751028,5.10959,5.10959,5.10959,5.10959,1610,11.75000
ADP-200010,19751029,5.21831,5.32702,5.10959,5.27266,3680,12.12500
ADP-200010,19751030,5.27266,5.27266,5.27266,5.27266,690,12.12500
ADP-200010,19751031,5.43573,5.43573,5.27266,5.27266,3450,12.12500
ADP-200010,19751103,5.21831,5.27266,5.10959,5.16395,2530,11.87500
ADP-200010,19751104,5.10959,5.10959,5.05523,5.05523,920,11.62500
ADP-200010,19751105,5.05523,5.05523,5.00088,5.00088,3450,11.50000
ADP-200010,19751106,5.00088,5.00088,4.89216,4.89216,3220,11.25000
ADP-200010,19751107,4.89216,4.89216,4.83780,4.83780,2760,11.12500
ADP-200010,19751110,4.78345,4.78345,4.78345,4.78345,230,11.00000
ADP-200010,19751111,4.78345,4.78345,4.78345,4.78345,1380,11.00000
ADP-200010,19751112,4.78345,4.89216,4.78345,4.89216,2300,11.25000
ADP-200010,19751113,5.05523,5.05523,4.78345,4.78345,4830,11.00000
ADP-200010,19751114,4.78345,4.83780,4.78345,4.83780,2990,11.12500
ADP-200010,19751117,4.78345,4.83780,4.78345,4.83780,2530,11.12500
ADP-200010,19751118,4.78345,4.78345,4.78345,4.78345,230,11.00000
ADP-200010,19751119,4.89216,4.89216,4.67473,4.67473,8049,10.75000
ADP-200010,19751120,4.72909,4.72909,4.62038,4.62038,4370,10.62500
ADP-200010,19751121,4.62038,4.62038,4.56602,4.56602,2300,10.50000
ADP-200010,19751124,4.51166,4.51166,4.40295,4.40295,1610,10.12500
ADP-200010,19751125,4.45730,4.45730,4.40295,4.40295,3910,10.12500
ADP-200010,19751126,4.45730,4.45730,4.18552,4.18552,7129,9.62500
ADP-200010,19751128,4.29423,4.29423,4.18552,4.18552,4370,9.62500
ADP-200010,19751201,4.23987,4.23987,4.13116,4.13116,7129,9.50000
ADP-200010,19751202,4.13116,4.23987,4.13116,4.23987,2530,9.75000
ADP-200010,19751203,4.13116,4.13116,4.07680,4.07680,3910,9.37500
ADP-200010,19751204,4.02244,4.02244,3.91373,3.91373,6209,9.00000
ADP-200010,19751205,3.91373,4.07680,3.91373,4.07680,4830,9.37500
ADP-200010,19751208,4.02244,4.07680,4.02244,4.07680,920,9.37500
ADP-200010,19751209,4.02244,4.02244,4.02244,4.02244,230,9.25000
ADP-200010,19751210,4.13116,4.13116,4.02244,4.02244,3680,9.25000
ADP-200010,19751211,4.07680,4.07680,3.91373,3.91373,8049,9.00000
ADP-200010,19751212,3.91373,4.02244,3.91373,4.02244,1380,9.25000
ADP-200010,19751215,3.96809,3.96809,3.91373,3.91373,5520,9.00000
ADP-200010,19751216,3.91373,4.02244,3.91373,4.02244,6669,9.25000
ADP-200010,19751217,4.13116,4.13116,4.07680,4.07680,2990,9.37500
ADP-200010,19751218,4.07680,4.07680,4.07680,4.07680,3450,9.37500
ADP-200010,19751219,4.18552,4.18552,4.13116,4.13116,4830,9.50000
ADP-200010,19751222,4.07680,4.18552,4.07680,4.18552,5290,9.62500
ADP-200010,19751223,4.18552,4.29423,4.18552,4.29423,7129,9.87500
ADP-200010,19751224,4.29423,4.34859,4.29423,4.34859,1610,10.00000
ADP-200010,19751226,4.29423,4.34859,4.23987,4.29423,3220,9.87500
ADP-200010,19751229,4.34859,4.34859,4.23987,4.23987,7129,9.75000
ADP-200010,19751230,4.23987,4.29423,4.18552,4.23987,6899,9.75000
ADP-200010,19751231,4.34859,4.51166,4.34859,4.51166,6209,10.37500
ADP-200010,19760102,4.51166,4.56602,4.51166,4.56602,460,10.50000
ADP-200010,19760105,4.62038,4.67473,4.62038,4.67473,1840,10.75000
ADP-200010,19760106,4.67473,4.78345,4.67473,4.78345,5749,11.00000
ADP-200010,19760107,4.83780,4.94652,4.72909,4.83780,7359,11.12500
ADP-200010,19760108,4.83780,4.83780,4.67473,4.67473,2300,10.75000
ADP-200010,19760109,4.62038,4.67473,4.56602,4.62038,1610,10.62500
ADP-200010,19760112,4.67473,4.67473,4.67473,4.67473,1610,10.75000
ADP-200010,19760113,4.78345,4.83780,4.67473,4.72909,8969,10.87500
ADP-200010,19760114,4.72909,4.94652,4.72909,4.94652,1840,11.37500
ADP-200010,19760115,4.83780,4.89216,4.83780,4.89216,690,11.25000
ADP-200010,19760116,4.78345,4.78345,4.78345,4.78345,690,11.00000
ADP-200010,19760119,4.67473,4.89216,4.67473,4.89216,3220,11.25000
ADP-200010,19760120,5.00088,5.10959,4.94652,5.05523,12878,11.62500
ADP-200010,19760121,5.00088,5.21831,5.00088,5.21831,3450,12.00000
ADP-200010,19760122,5.21831,5.27266,5.10959,5.16395,1840,11.87500
ADP-200010,19760123,5.21831,5.27266,5.16395,5.21831,3680,12.00000
ADP-200010,19760126,5.21831,5.38138,5.21831,5.38138,5749,12.37500
ADP-200010,19760127,5.59881,5.59881,5.49009,5.49009,10579,12.62500
ADP-200010,19760128,5.54445,5.54445,5.54445,5.54445,690,12.75000
ADP-200010,19760129,5.43573,5.49009,5.38138,5.43573,1150,12.50000
ADP-200010,19760130,5.54445,5.54445,5.54445,5.54445,920,12.75000
ADP-200010,19760202,5.38138,5.38138,5.38138,5.38138,2530,12.37500
ADP-200010,19760203,5.54445,5.54445,5.49009,5.49009,3450,12.62500
ADP-200010,19760204,5.49009,5.49009,5.38138,5.38138,1610,12.37500
ADP-200010,19760205,5.38138,5.43573,5.38138,5.43573,1610,12.50000
ADP-200010,19760206,5.38138,5.38138,5.38138,5.38138,1150,12.37500
ADP-200010,19760209,5.43573,5.43573,5.32702,5.32702,2070,12.25000
ADP-200010,19760210,5.38138,5.38138,5.38138,5.38138,690,12.37500
ADP-200010,19760211,5.32702,5.43573,5.32702,5.43573,3450,12.50000
ADP-200010,19760212,5.59881,5.76188,5.59881,5.76188,9429,13.25000
ADP-200010,19760213,5.65316,5.76188,5.59881,5.65316,3680,13.00000
ADP-200010,19760217,5.65316,5.65316,5.59881,5.59881,1840,12.87500
ADP-200010,19760218,5.59881,5.65316,5.59881,5.65316,1840,13.00000
ADP-200010,19760219,5.65316,6.03366,5.65316,6.03366,7359,13.87500
ADP-200010,19760220,6.08802,6.08802,5.92495,5.92495,4830,13.62500
ADP-200010,19760223,5.92495,5.97931,5.87059,5.92495,1150,13.62500
ADP-200010,19760224,5.87059,5.92495,5.76188,5.81624,1840,13.37500
ADP-200010,19760225,5.70752,5.76188,5.70752,5.76188,2530,13.25000
ADP-200010,19760226,5.92495,5.92495,5.87059,5.87059,3450,13.50000
ADP-200010,19760227,5.76188,5.76188,5.70752,5.70752,2530,13.12500
ADP-200010,19760301,5.70752,5.70752,5.70752,5.70752,230,13.12500
ADP-200010,19760302,5.76188,5.76188,5.70752,5.70752,1610,13.12500
ADP-200010,19760303,5.76188,5.76188,5.70752,5.70752,7359,13.12500
ADP-200010,19760304,5.70752,5.70752,5.70752,5.70752,920,13.12500
ADP-200010,19760305,5.76188,5.76188,5.70752,5.70752,2760,13.12500
ADP-200010,19760308,5.76188,5.76188,5.76188,5.76188,230,13.25000
ADP-200010,19760309,5.76188,5.76188,5.70752,5.70752,1840,13.12500
ADP-200010,19760310,5.76188,5.76188,5.65316,5.65316,2300,13.00000
ADP-200010,19760311,5.65316,5.65316,5.65316,5.65316,1840,13.00000
ADP-200010,19760312,5.65316,5.65316,5.21831,5.21831,8969,12.00000
ADP-200010,19760315,5.10959,5.10959,4.94652,4.94652,6209,11.37500
ADP-200010,19760316,4.83780,5.05523,4.83780,5.05523,5290,11.62500
ADP-200010,19760317,5.27266,5.43573,5.10959,5.38138,6669,12.37500
ADP-200010,19760318,5.43573,5.49009,5.43573,5.49009,1380,12.62500
ADP-200010,19760319,5.43573,5.54445,5.43573,5.54445,1380,12.75000
ADP-200010,19760322,5.43573,5.54445,5.43573,5.54445,920,12.75000
ADP-200010,19760323,5.43573,5.49009,5.43573,5.49009,920,12.62500
ADP-200010,19760324,5.38138,5.49009,5.38138,5.49009,1840,12.62500
ADP-200010,19760325,5.43573,5.43573,5.43573,5.43573,920,12.50000
ADP-200010,19760326,5.49009,5.49009,5.49009,5.49009,920,12.62500
ADP-200010,19760329,5.54445,5.65316,5.54445,5.65316,3680,13.00000
ADP-200010,19760330,5.76188,5.76188,5.76188,5.76188,3910,13.25000
ADP-200010,19760331,5.65316,5.76188,5.59881,5.65316,2070,13.00000
ADP-200010,19760401,5.54445,5.54445,5.54445,5.54445,460,12.75000
ADP-200010,19760402,5.65316,5.76188,5.65316,5.76188,1840,13.25000
ADP-200010,19760405,5.87059,5.87059,5.81624,5.81624,2070,13.37500
ADP-200010,19760406,5.81624,5.81624,5.76188,5.76188,1610,13.25000
ADP-200010,19760407,5.81624,5.81624,5.70752,5.70752,2990,13.12500
ADP-200010,19760408,5.76188,5.76188,5.65316,5.65316,5979,13.00000
ADP-200010,19760409,5.65316,5.81624,5.65316,5.81624,2070,13.37500
ADP-200010,19760412,5.76188,5.76188,5.70752,5.70752,2530,13.12500
ADP-200010,19760413,5.76188,5.76188,5.76188,5.76188,920,13.25000
ADP-200010,19760414,5.87059,5.87059,5.81624,5.81624,4370,13.37500
ADP-200010,19760415,5.97931,5.97931,5.97931,5.97931,3450,13.75000
ADP-200010,19760419,6.03366,6.03366,5.97931,5.97931,1840,13.75000
ADP-200010,19760420,5.97931,5.97931,5.81624,5.81624,3450,13.37500
ADP-200010,19760421,5.81624,5.97931,5.81624,5.97931,3680,13.75000
ADP-200010,19760422,5.97931,5.97931,5.92495,5.92495,3450,13.62500
ADP-200010,19760423,5.97931,5.97931,5.92495,5.92495,2990,13.62500
ADP-200010,19760426,5.87059,5.97931,5.87059,5.97931,2990,13.75000
ADP-200010,19760427,5.97931,6.08802,5.81624,5.92495,10119,13.62500
ADP-200010,19760428,6.03366,6.03366,5.87059,5.87059,3910,13.50000
ADP-200010,19760429,5.81624,5.81624,5.81624,5.81624,460,13.37500
ADP-200010,19760430,5.87059,6.03366,5.87059,6.03366,5060,13.87500
ADP-200010,19760503,6.03366,6.03366,5.92495,5.92495,3910,13.62500
ADP-200010,19760504,6.03366,6.03366,5.97931,5.97931,690,13.75000
ADP-200010,19760505,6.19674,6.19674,6.03366,6.03366,2990,13.87500
ADP-200010,19760506,6.03366,6.14238,5.92495,6.08802,10119,14.00000
ADP-200010,19760507,6.08802,6.19674,6.08802,6.19674,31735,14.25000
ADP-200010,19760510,6.25109,6.52288,6.25109,6.52288,6439,15.00000
ADP-200010,19760511,6.41417,6.52288,6.35981,6.46852,3910,14.87500
ADP-200010,19760512,6.41417,6.57724,6.41417,6.57724,5979,15.12500
ADP-200010,19760513,6.57724,6.57724,6.52288,6.52288,2990,15.00000
ADP-200010,19760514,6.52288,6.52288,6.41417,6.41417,1380,14.75000
ADP-200010,19760517,6.52288,6.52288,6.41417,6.41417,690,14.75000
ADP-200010,19760519,6.35981,6.35981,6.30545,6.30545,460,14.50000
ADP-200010,19760520,6.25109,6.30545,6.25109,6.30545,920,14.50000
ADP-200010,19760521,6.30545,6.30545,6.30545,6.30545,230,14.50000
ADP-200010,19760524,6.25109,6.25109,6.19674,6.19674,2070,14.25000
ADP-200010,19760525,6.14238,6.14238,6.14238,6.14238,1150,14.12500
ADP-200010,19760526,6.14238,6.19674,6.14238,6.19674,460,14.25000
ADP-200010,19760527,6.14238,6.14238,6.14238,6.14238,230,14.12500
ADP-200010,19760528,6.03366,6.14238,6.03366,6.14238,4600,14.12500
ADP-200010,19760601,6.25109,6.30545,6.25109,6.30545,5520,14.50000
ADP-200010,19760602,6.19674,6.19674,6.19674,6.19674,460,14.25000
ADP-200010,19760603,6.08802,6.08802,6.03366,6.03366,2530,13.87500
ADP-200010,19760608,6.03366,6.03366,5.97931,5.97931,920,13.75000
ADP-200010,19760609,5.97931,5.97931,5.92495,5.92495,920,13.62500
ADP-200010,19760610,5.87059,5.87059,5.76188,5.76188,1840,13.25000
ADP-200010,19760614,5.76188,5.76188,5.76188,5.76188,690,13.25000
ADP-200010,19760615,5.81624,5.81624,5.76188,5.76188,1840,13.25000
ADP-200010,19760616,5.70752,5.70752,5.70752,5.70752,1380,13.12500
ADP-200010,19760617,5.76188,5.76188,5.76188,5.76188,460,13.25000
ADP-200010,19760618,5.76188,6.03366,5.76188,6.03366,7129,13.87500
ADP-200010,19760621,5.92495,5.92495,5.92495,5.92495,920,13.62500
ADP-200010,19760622,5.87059,5.87059,5.76188,5.76188,2300,13.25000
ADP-200010,19760623,5.65316,5.65316,5.65316,5.65316,920,13.00000
ADP-200010,19760624,5.59881,5.70752,5.59881,5.70752,2530,13.12500
ADP-200010,19760625,5.70752,5.76188,5.65316,5.70752,3680,13.12500
ADP-200010,19760628,5.65316,5.65316,5.65316,5.65316,230,13.00000
ADP-200010,19760629,5.59881,5.65316,5.59881,5.65316,920,13.00000
ADP-200010,19760630,5.76188,5.81624,5.65316,5.70752,6899,13.12500
ADP-200010,19760701,5.81624,5.87059,5.81624,5.87059,7589,13.50000
ADP-200010,19760702,5.70752,5.87059,5.70752,5.87059,1610,13.50000
ADP-200010,19760706,5.70752,5.87059,5.70752,5.87059,3450,13.50000
ADP-200010,19760707,5.87059,5.87059,5.76188,5.76188,690,13.25000
ADP-200010,19760708,5.76188,5.76188,5.76188,5.76188,1380,13.25000
ADP-200010,19760709,5.76188,5.81624,5.70752,5.76188,1840,13.25000
ADP-200010,19760712,5.92495,6.14238,5.92495,6.14238,13338,14.12500
ADP-200010,19760713,5.97931,6.08802,5.92495,6.03366,24376,13.87500
ADP-200010,19760714,5.87059,5.97931,5.87059,5.97931,31735,13.75000
ADP-200010,19760715,6.08802,6.08802,5.92495,5.92495,8739,13.62500
ADP-200010,19760716,5.97931,5.97931,5.97931,5.97931,1150,13.75000
ADP-200010,19760719,5.97931,5.97931,5.92495,5.92495,5749,13.62500
ADP-200010,19760720,5.92495,5.97931,5.87059,5.92495,8739,13.62500
ADP-200010,19760721,5.97931,5.97931,5.97931,5.97931,1610,13.75000
ADP-200010,19760722,5.92495,5.97931,5.92495,5.97931,2300,13.75000
ADP-200010,19760723,5.92495,5.92495,5.92495,5.92495,230,13.62500
ADP-200010,19760726,5.92495,5.97931,5.92495,5.97931,1610,13.75000
ADP-200010,19760727,5.92495,5.92495,5.92495,5.92495,1150,13.62500
ADP-200010,19760728,5.92495,5.92495,5.76188,5.76188,3220,13.25000
ADP-200010,19760729,5.65316,5.65316,5.54445,5.54445,3910,12.75000
ADP-200010,19760730,5.65316,5.76188,5.65316,5.76188,3680,13.25000
ADP-200010,19760802,5.87059,5.87059,5.59881,5.59881,4830,12.87500
ADP-200010,19760803,5.54445,5.70752,5.38138,5.49009,6209,12.62500
ADP-200010,19760804,5.49009,5.49009,5.32702,5.32702,2760,12.25000
ADP-200010,19760805,5.32702,5.59881,5.32702,5.59881,1610,12.87500
ADP-200010,19760806,5.65316,5.65316,5.65316,5.65316,1150,13.00000
ADP-200010,19760809,5.76188,5.76188,5.54445,5.54445,3450,12.75000
ADP-200010,19760810,5.59881,5.59881,5.59881,5.59881,460,12.87500
ADP-200010,19760811,5.59881,5.65316,5.59881,5.65316,690,13.00000
ADP-200010,19760812,5.65316,5.65316,5.59881,5.59881,460,12.87500
ADP-200010,19760813,5.54445,5.54445,5.54445,5.54445,1610,12.75000
ADP-200010,19760816,5.54445,5.54445,5.54445,5.54445,230,12.75000
ADP-200010,19760817,5.32702,5.43573,5.21831,5.32702,16788,12.25000
ADP-200010,19760818,5.21831,5.21831,5.16395,5.16395,1380,11.87500
ADP-200010,19760820,5.16395,5.16395,5.16395,5.16395,460,11.87500
ADP-200010,19760823,5.16395,5.16395,5.16395,5.16395,230,11.87500
ADP-200010,19760824,5.16395,5.16395,5.16395,5.16395,460,11.87500
ADP-200010,19760825,5.05523,5.05523,5.00088,5.00088,5290,11.50000
ADP-200010,19760827,5.00088,5.00088,5.00088,5.00088,460,11.50000
ADP-200010,19760830,5.10959,5.10959,5.10959,5.10959,1610,11.75000
ADP-200010,19760831,5.10959,5.10959,5.10959,5.10959,230,11.75000
ADP-200010,19760901,5.10959,5.16395,5.10959,5.16395,1380,11.87500
ADP-200010,19760902,5.16395,5.21831,5.16395,5.21831,1380,12.00000
ADP-200010,19760903,5.27266,5.27266,5.16395,5.16395,460,11.87500
ADP-200010,19760907,5.16395,5.21831,5.16395,5.21831,2070,12.00000
ADP-200010,19760908,5.21831,5.21831,5.21831,5.21831,1150,12.00000
ADP-200010,19760910,5.21831,5.38138,5.21831,5.38138,5290,12.37500
ADP-200010,19760913,5.43573,5.43573,5.43573,5.43573,1380,12.50000
ADP-200010,19760914,5.32702,5.32702,5.21831,5.21831,920,12.00000
ADP-200010,19760915,5.16395,5.16395,5.10959,5.10959,1610,11.75000
ADP-200010,19760916,5.16395,5.16395,5.16395,5.16395,230,11.87500
ADP-200010,19760917,5.16395,5.27266,5.16395,5.27266,5060,12.12500
ADP-200010,19760920,5.32702,5.32702,5.21831,5.21831,460,12.00000
ADP-200010,19760921,5.16395,5.27266,5.16395,5.27266,5290,12.12500
ADP-200010,19760922,5.27266,5.32702,5.27266,5.32702,2760,12.25000
ADP-200010,19760923,5.32702,5.32702,5.21831,5.21831,6669,12.00000
ADP-200010,19760924,5.21831,5.21831,5.21831,5.21831,230,12.00000
ADP-200010,19760927,5.05523,5.10959,5.05523,5.10959,1610,11.75000
ADP-200010,19760928,5.10959,5.10959,5.00088,5.00088,3910,11.50000
ADP-200010,19760929,4.94652,5.00088,4.89216,4.94652,2990,11.37500
ADP-200010,19760930,4.89216,4.89216,4.89216,4.89216,230,11.25000
ADP-200010,19761001,4.94652,4.94652,4.89216,4.89216,1150,11.25000
ADP-200010,19761004,5.00088,5.10959,5.00088,5.10959,4140,11.75000
ADP-200010,19761005,5.00088,5.00088,4.89216,4.89216,690,11.25000
ADP-200010,19761006,4.89216,4.94652,4.89216,4.94652,1150,11.37500
ADP-200010,19761007,4.94652,4.94652,4.83780,4.83780,2300,11.12500
ADP-200010,19761008,4.94652,5.00088,4.94652,5.00088,3680,11.50000
ADP-200010,19761011,4.89216,4.89216,4.83780,4.83780,2070,11.12500
ADP-200010,19761012,4.78345,4.94652,4.78345,4.94652,2990,11.37500
ADP-200010,19761013,5.00088,5.00088,5.00088,5.00088,7359,11.50000
ADP-200010,19761014,5.00088,5.00088,5.00088,5.00088,690,11.50000
ADP-200010,19761015,5.00088,5.00088,5.00088,5.00088,1380,11.50000
ADP-200010,19761018,5.05523,5.05523,5.05523,5.05523,230,11.62500
ADP-200010,19761019,5.05523,5.32702,5.05523,5.32702,4600,12.25000
ADP-200010,19761022,5.16395,5.16395,5.00088,5.00088,4140,11.50000
ADP-200010,19761025,4.89216,4.89216,4.83780,4.83780,1840,11.12500
ADP-200010,19761026,4.83780,5.05523,4.83780,5.05523,3450,11.62500
ADP-200010,19761027,5.05523,5.05523,5.05523,5.05523,690,11.62500
ADP-200010,19761028,4.94652,4.94652,4.94652,4.94652,460,11.37500
ADP-200010,19761029,5.05523,5.05523,5.00088,5.00088,690,11.50000
ADP-200010,19761101,5.00088,5.00088,4.94652,4.94652,920,11.37500
ADP-200010,19761103,4.83780,4.94652,4.83780,4.94652,1380,11.37500
ADP-200010,19761104,4.94652,4.94652,4.94652,4.94652,2070,11.37500
ADP-200010,19761105,4.94652,4.94652,4.89216,4.89216,1610,11.25000
ADP-200010,19761108,4.89216,4.89216,4.67473,4.67473,5520,10.75000
ADP-200010,19761109,4.78345,4.78345,4.67473,4.67473,1150,10.75000
ADP-200010,19761110,4.78345,4.78345,4.78345,4.78345,4140,11.00000
ADP-200010,19761111,4.78345,4.78345,4.72909,4.72909,2760,10.87500
ADP-200010,19761112,4.78345,4.78345,4.72909,4.72909,1610,10.87500
ADP-200010,19761115,4.72909,4.72909,4.67473,4.67473,2070,10.75000
ADP-200010,19761116,4.62038,4.67473,4.62038,4.67473,1150,10.75000
ADP-200010,19761117,4.67473,4.67473,4.56602,4.56602,3910,10.50000
ADP-200010,19761118,4.51166,4.56602,4.51166,4.56602,2760,10.50000
ADP-200010,19761119,4.45730,4.56602,4.40295,4.45730,6899,10.25000
ADP-200010,19761122,4.45730,4.56602,4.45730,4.56602,3680,10.50000
ADP-200010,19761123,4.67473,4.89216,4.67473,4.89216,8509,11.25000
ADP-200010,19761124,4.67473,4.67473,4.67473,4.67473,460,10.75000
ADP-200010,19761126,4.78345,4.78345,4.78345,4.78345,690,11.00000
ADP-200010,19761129,4.56602,4.67473,4.56602,4.67473,7819,10.75000
ADP-200010,19761130,4.62038,4.67473,4.56602,4.62038,3910,10.62500
ADP-200010,19761201,4.62038,4.62038,4.51166,4.51166,3910,10.37500
ADP-200010,19761202,4.51166,4.51166,4.45730,4.45730,3220,10.25000
ADP-200010,19761203,4.45730,4.56602,4.45730,4.56602,3450,10.50000
ADP-200010,19761206,4.56602,4.56602,4.45730,4.45730,3680,10.25000
ADP-200010,19761207,4.45730,4.45730,4.34859,4.34859,12648,10.00000
ADP-200010,19761208,4.34859,4.40295,4.23987,4.34859,7589,10.00000
ADP-200010,19761209,4.45730,4.56602,4.40295,4.45730,3220,10.25000
ADP-200010,19761210,4.45730,4.56602,4.45730,4.56602,4830,10.50000
ADP-200010,19761213,4.56602,4.67473,4.56602,4.67473,2300,10.75000
ADP-200010,19761214,4.56602,4.72909,4.45730,4.56602,13798,10.50000
ADP-200010,19761215,4.51166,4.56602,4.51166,4.56602,5060,10.50000
ADP-200010,19761216,4.56602,4.56602,4.45730,4.45730,5749,10.25000
ADP-200010,19761217,4.56602,4.56602,4.45730,4.45730,3680,10.25000
ADP-200010,19761220,4.51166,4.51166,4.45730,4.45730,5290,10.25000
ADP-200010,19761221,4.45730,4.51166,4.45730,4.51166,6209,10.37500
ADP-200010,19761222,4.45730,4.51166,4.45730,4.51166,2990,10.37500
ADP-200010,19761223,4.51166,4.51166,4.51166,4.51166,1610,10.37500
ADP-200010,19761227,4.45730,4.51166,4.45730,4.51166,12188,10.37500
ADP-200010,19761228,4.45730,4.56602,4.45730,4.56602,7819,10.50000
ADP-200010,19761229,4.62038,4.62038,4.56602,4.56602,8739,10.50000
ADP-200010,19761230,4.56602,4.67473,4.56602,4.67473,15868,10.75000
ADP-200010,19761231,4.67473,4.72909,4.62038,4.67473,11269,10.75000
ADP-200010,19770103,4.62038,4.72909,4.62038,4.72909,4370,10.87500
ADP-200010,19770104,4.72909,4.78345,4.72909,4.78345,5979,11.00000
ADP-200010,19770105,4.83780,4.83780,4.78345,4.78345,3910,11.00000
ADP-200010,19770106,4.78345,4.83780,4.78345,4.83780,4370,11.12500
ADP-200010,19770107,4.89216,4.94652,4.83780,4.89216,6439,11.25000
ADP-200010,19770110,4.94652,5.05523,4.94652,5.05523,2760,11.62500
ADP-200010,19770111,5.10959,5.10959,4.94652,4.94652,4370,11.37500
ADP-200010,19770112,5.00088,5.00088,5.00088,5.00088,690,11.50000
ADP-200010,19770113,5.21831,5.21831,5.10959,5.10959,5749,11.75000
ADP-200010,19770114,5.00088,5.10959,5.00088,5.10959,8739,11.75000
ADP-200010,19770117,5.21831,5.27266,5.10959,5.21831,12878,12.00000
ADP-200010,19770118,5.21831,5.21831,5.21831,5.21831,4140,12.00000
ADP-200010,19770119,5.32702,5.32702,5.32702,5.32702,11039,12.25000
ADP-200010,19770120,5.27266,5.27266,5.21831,5.21831,3450,12.00000
ADP-200010,19770121,5.21831,5.21831,5.16395,5.16395,920,11.87500
ADP-200010,19770124,5.10959,5.21831,5.10959,5.21831,4600,12.00000
ADP-200010,19770125,5.21831,5.38138,5.21831,5.38138,6209,12.37500
ADP-200010,19770126,5.38138,5.43573,5.38138,5.43573,5060,12.50000
ADP-200010,19770127,5.38138,5.38138,5.38138,5.38138,690,12.37500
ADP-200010,19770128,5.32702,5.32702,5.27266,5.27266,460,12.12500
ADP-200010,19770131,5.21831,5.21831,5.16395,5.16395,3450,11.87500
ADP-200010,19770201,5.16395,5.16395,5.16395,5.16395,2300,11.87500
ADP-200010,19770202,5.16395,5.16395,5.16395,5.16395,1150,11.87500
ADP-200010,19770203,5.16395,5.16395,5.16395,5.16395,230,11.87500
ADP-200010,19770204,5.16395,5.27266,5.16395,5.27266,5520,12.12500
ADP-200010,19770207,5.27266,5.27266,5.10959,5.10959,4830,11.75000
ADP-200010,19770209,5.00088,5.10959,4.94652,5.00088,4830,11.50000
ADP-200010,19770211,5.00088,5.16395,5.00088,5.16395,6899,11.87500
ADP-200010,19770214,5.05523,5.10959,5.00088,5.05523,920,11.62500
ADP-200010,19770215,5.00088,5.00088,5.00088,5.00088,460,11.50000
ADP-200010,19770216,5.05523,5.05523,5.05523,5.05523,230,11.62500
ADP-200010,19770217,4.94652,4.94652,4.89216,4.89216,690,11.25000
ADP-200010,19770218,4.83780,4.83780,4.83780,4.83780,920,11.12500
ADP-200010,19770222,4.78345,4.78345,4.72909,4.72909,1380,10.87500
ADP-200010,19770223,4.78345,4.83780,4.78345,4.83780,4600,11.12500
ADP-200010,19770224,4.94652,5.00088,4.94652,5.00088,2760,11.50000
ADP-200010,19770225,5.00088,5.00088,5.00088,5.00088,9199,11.50000
ADP-200010,19770228,4.89216,4.89216,4.89216,4.89216,460,11.25000
ADP-200010,19770301,4.89216,4.94652,4.83780,4.89216,2760,11.25000
ADP-200010,19770302,4.89216,4.89216,4.83780,4.83780,1380,11.12500
ADP-200010,19770304,4.83780,4.89216,4.83780,4.89216,2300,11.25000
ADP-200010,19770307,4.89216,4.89216,4.89216,4.89216,230,11.25000
ADP-200010,19770308,4.89216,4.89216,4.89216,4.89216,690,11.25000
ADP-200010,19770309,4.83780,4.83780,4.72909,4.72909,1610,10.87500
ADP-200010,19770310,4.78345,4.78345,4.78345,4.78345,230,11.00000
ADP-200010,19770311,4.72909,4.78345,4.67473,4.72909,1150,10.87500
ADP-200010,19770314,4.67473,4.72909,4.67473,4.72909,1150,10.87500
ADP-200010,19770315,4.67473,4.72909,4.67473,4.72909,920,10.87500
ADP-200010,19770316,4.72909,4.72909,4.67473,4.67473,5979,10.75000
ADP-200010,19770317,4.56602,4.62038,4.56602,4.62038,2300,10.62500
ADP-200010,19770318,4.62038,4.62038,4.56602,4.56602,2070,10.50000
ADP-200010,19770321,4.62038,4.62038,4.62038,4.62038,1610,10.62500
ADP-200010,19770322,4.51166,4.56602,4.45730,4.51166,8739,10.37500
ADP-200010,19770323,4.56602,4.62038,4.45730,4.56602,4140,10.50000
ADP-200010,19770324,4.62038,4.62038,4.56602,4.56602,920,10.50000
ADP-200010,19770325,4.56602,4.56602,4.51166,4.51166,2760,10.37500
ADP-200010,19770328,4.51166,4.51166,4.45730,4.45730,1380,10.25000
ADP-200010,19770329,4.45730,4.51166,4.45730,4.51166,2300,10.37500
ADP-200010,19770330,4.45730,4.45730,4.45730,4.45730,690,10.25000
ADP-200010,19770331,4.51166,4.51166,4.51166,4.51166,230,10.37500
ADP-200010,19770401,4.45730,4.45730,4.45730,4.45730,460,10.25000
ADP-200010,19770404,4.56602,4.56602,4.45730,4.45730,4140,10.25000
ADP-200010,19770405,4.40295,4.45730,4.40295,4.45730,1150,10.25000
ADP-200010,19770406,4.34859,4.34859,4.34859,4.34859,2530,10.00000
ADP-200010,19770407,4.45730,4.45730,4.45730,4.45730,1610,10.25000
ADP-200010,19770411,4.34859,4.34859,4.34859,4.34859,460,10.00000
ADP-200010,19770412,4.40295,4.45730,4.40295,4.45730,1150,10.25000
ADP-200010,19770413,4.51166,4.51166,4.45730,4.45730,1380,10.25000
ADP-200010,19770414,4.72909,4.72909,4.62038,4.62038,16098,10.62500
ADP-200010,19770415,4.62038,4.62038,4.62038,4.62038,690,10.62500
ADP-200010,19770418,4.72909,4.72909,4.62038,4.62038,1150,10.62500
ADP-200010,19770419,4.62038,4.62038,4.56602,4.56602,1840,10.50000
ADP-200010,19770420,4.56602,4.56602,4.51166,4.51166,1380,10.37500
ADP-200010,19770421,4.51166,4.51166,4.51166,4.51166,920,10.37500
ADP-200010,19770422,4.45730,4.45730,4.45730,4.45730,460,10.25000
ADP-200010,19770425,4.45730,4.45730,4.45730,4.45730,2530,10.25000
ADP-200010,19770426,4.40295,4.40295,4.40295,4.40295,920,10.12500
ADP-200010,19770427,4.40295,4.40295,4.40295,4.40295,690,10.12500
ADP-200010,19770428,4.40295,4.40295,4.40295,4.40295,5749,10.12500
ADP-200010,19770429,4.45730,4.45730,4.45730,4.45730,230,10.25000
ADP-200010,19770502,4.45730,4.45730,4.40295,4.40295,690,10.12500
ADP-200010,19770503,4.45730,4.62038,4.45730,4.62038,1380,10.62500
ADP-200010,19770504,4.83780,5.00088,4.67473,4.83780,11269,11.12500
ADP-200010,19770505,4.83780,4.83780,4.83780,4.83780,230,11.12500
ADP-200010,19770506,4.78345,4.78345,4.78345,4.78345,5290,11.00000
ADP-200010,19770509,4.72909,4.72909,4.67473,4.67473,1150,10.75000
ADP-200010,19770510,4.72909,4.72909,4.56602,4.56602,11958,10.50000
ADP-200010,19770511,4.62038,4.62038,4.62038,4.62038,690,10.62500
ADP-200010,19770512,4.62038,4.62038,4.56602,4.56602,1380,10.50000
ADP-200010,19770513,4.56602,4.56602,4.56602,4.56602,460,10.50000
ADP-200010,19770518,4.62038,4.62038,4.62038,4.62038,690,10.62500
ADP-200010,19770520,4.78345,4.83780,4.67473,4.78345,6209,11.00000
ADP-200010,19770523,4.89216,4.89216,4.78345,4.78345,3450,11.00000
ADP-200010,19770524,4.78345,4.78345,4.56602,4.56602,7819,10.50000
ADP-200010,19770525,4.56602,4.67473,4.56602,4.67473,1380,10.75000
ADP-200010,19770526,4.56602,4.56602,4.56602,4.56602,690,10.50000
ADP-200010,19770527,4.56602,4.56602,4.51166,4.51166,1840,10.37500
ADP-200010,19770531,4.56602,4.56602,4.56602,4.56602,230,10.50000
ADP-200010,19770601,4.51166,4.62038,4.51166,4.62038,1380,10.62500
ADP-200010,19770602,4.51166,4.56602,4.51166,4.56602,3450,10.50000
ADP-200010,19770603,4.62038,4.62038,4.62038,4.62038,2530,10.62500
ADP-200010,19770606,4.67473,4.67473,4.62038,4.62038,2070,10.62500
ADP-200010,19770607,4.67473,4.67473,4.51166,4.51166,3450,10.37500
ADP-200010,19770608,4.56602,4.56602,4.45730,4.45730,4600,10.25000
ADP-200010,19770609,4.51166,4.56602,4.51166,4.56602,1610,10.50000
ADP-200010,19770610,4.56602,4.56602,4.45730,4.45730,2760,10.25000
ADP-200010,19770613,4.45730,4.56602,4.45730,4.56602,3680,10.50000
ADP-200010,19770614,4.67473,4.67473,4.67473,4.67473,690,10.75000
ADP-200010,19770615,4.56602,4.56602,4.56602,4.56602,230,10.50000
ADP-200010,19770617,4.51166,4.51166,4.51166,4.51166,2070,10.37500
ADP-200010,19770620,4.51166,4.51166,4.51166,4.51166,460,10.37500
ADP-200010,19770621,4.51166,4.51166,4.51166,4.51166,1610,10.37500
ADP-200010,19770622,4.51166,4.51166,4.51166,4.51166,460,10.37500
ADP-200010,19770623,4.51166,4.56602,4.51166,4.56602,2990,10.50000
ADP-200010,19770624,4.56602,4.56602,4.51166,4.51166,2990,10.37500
ADP-200010,19770627,4.51166,4.56602,4.51166,4.56602,2990,10.50000
ADP-200010,19770628,4.51166,4.51166,4.51166,4.51166,1380,10.37500
ADP-200010,19770629,4.67473,4.72909,4.56602,4.67473,6439,10.75000
ADP-200010,19770630,4.72909,4.72909,4.67473,4.67473,2070,10.75000
ADP-200010,19770701,4.72909,4.72909,4.72909,4.72909,460,10.87500
ADP-200010,19770705,4.72909,4.78345,4.72909,4.78345,13338,11.00000
ADP-200010,19770706,4.72909,4.72909,4.67473,4.67473,1150,10.75000
ADP-200010,19770707,4.67473,4.78345,4.67473,4.78345,4830,11.00000
ADP-200010,19770708,4.83780,4.83780,4.78345,4.78345,1610,11.00000
ADP-200010,19770711,4.83780,4.83780,4.78345,4.78345,920,11.00000
ADP-200010,19770713,4.78345,4.78345,4.78345,4.78345,690,11.00000
ADP-200010,19770715,4.78345,4.78345,4.78345,4.78345,1380,11.00000
ADP-200010,19770718,4.83780,4.83780,4.83780,4.83780,690,11.12500
ADP-200010,19770719,4.72909,4.89216,4.72909,4.89216,5060,11.25000
ADP-200010,19770720,4.89216,5.00088,4.89216,5.00088,4140,11.50000
ADP-200010,19770721,5.00088,5.10959,4.89216,5.05523,3910,11.62500
ADP-200010,19770722,5.21831,5.38138,5.10959,5.21831,5749,12.00000
ADP-200010,19770725,5.32702,5.43573,5.27266,5.38138,2530,12.37500
ADP-200010,19770726,5.38138,5.38138,5.27266,5.27266,2990,12.12500
ADP-200010,19770727,5.21831,5.21831,5.05523,5.05523,1840,11.62500
ADP-200010,19770728,5.00088,5.00088,4.94652,4.94652,1840,11.37500
ADP-200010,19770729,4.94652,5.05523,4.94652,5.05523,920,11.62500
ADP-200010,19770801,5.00088,5.00088,5.00088,5.00088,1150,11.50000
ADP-200010,19770802,5.10959,5.10959,5.10959,5.10959,690,11.75000
ADP-200010,19770803,5.05523,5.10959,5.05523,5.10959,2530,11.75000
ADP-200010,19770804,5.21831,5.21831,5.21831,5.21831,2530,12.00000
ADP-200010,19770805,5.21831,5.32702,5.21831,5.32702,8739,12.25000
ADP-200010,19770808,5.32702,5.32702,5.32702,5.32702,1610,12.25000
ADP-200010,19770809,5.32702,5.38138,5.27266,5.32702,2530,12.25000
ADP-200010,19770810,5.27266,5.32702,5.27266,5.32702,3910,12.25000
ADP-200010,19770811,5.43573,5.43573,5.32702,5.32702,15868,12.25000
ADP-200010,19770812,5.32702,5.32702,5.32702,5.32702,920,12.25000
ADP-200010,19770815,5.32702,5.32702,5.27266,5.27266,7589,12.12500
ADP-200010,19770816,5.27266,5.27266,5.27266,5.27266,460,12.12500
ADP-200010,19770817,5.32702,5.32702,5.32702,5.32702,5520,12.25000
ADP-200010,19770818,5.32702,5.32702,5.27266,5.27266,2070,12.12500
ADP-200010,19770819,5.27266,5.27266,5.21831,5.21831,4370,12.00000
ADP-200010,19770822,5.21831,5.32702,5.21831,5.32702,3450,12.25000
ADP-200010,19770823,5.43573,5.43573,5.32702,5.32702,6439,12.25000
ADP-200010,19770824,5.43573,5.49009,5.43573,5.49009,5520,12.62500
ADP-200010,19770825,5.43573,5.49009,5.43573,5.49009,4830,12.62500
ADP-200010,19770826,5.43573,5.49009,5.38138,5.43573,10349,12.50000
ADP-200010,19770829,5.38138,5.38138,5.27266,5.27266,3910,12.12500
ADP-200010,19770830,5.21831,5.21831,5.21831,5.21831,1380,12.00000
ADP-200010,19770831,5.21831,5.21831,5.21831,5.21831,2070,12.00000
ADP-200010,19770902,5.32702,5.38138,5.32702,5.38138,920,12.37500
ADP-200010,19770906,5.27266,5.27266,5.16395,5.16395,1840,11.87500
ADP-200010,19770907,5.21831,5.32702,5.21831,5.32702,2070,12.25000
ADP-200010,19770908,5.21831,5.32702,5.21831,5.32702,460,12.25000
ADP-200010,19770909,5.32702,5.32702,5.21831,5.21831,3910,12.00000
ADP-200010,19770912,5.21831,5.21831,5.21831,5.21831,3220,12.00000
ADP-200010,19770913,5.21831,5.21831,5.16395,5.16395,1380,11.87500
ADP-200010,19770914,5.16395,5.21831,5.16395,5.21831,5060,12.00000
ADP-200010,19770915,5.21831,5.21831,5.21831,5.21831,460,12.00000
ADP-200010,19770916,5.21831,5.21831,5.05523,5.05523,920,11.62500
ADP-200010,19770919,5.05523,5.05523,5.05523,5.05523,230,11.62500
ADP-200010,19770921,5.05523,5.16395,5.05523,5.16395,6669,11.87500
ADP-200010,19770923,5.05523,5.05523,5.05523,5.05523,690,11.62500
ADP-200010,19770926,5.05523,5.05523,5.05523,5.05523,460,11.62500
ADP-200010,19770927,5.00088,5.05523,4.94652,5.00088,12418,11.50000
ADP-200010,19770928,5.00088,5.00088,5.00088,5.00088,1150,11.50000
ADP-200010,19770929,5.00088,5.00088,5.00088,5.00088,1150,11.50000
ADP-200010,19770930,5.00088,5.00088,5.00088,5.00088,230,11.50000
ADP-200010,19771003,5.00088,5.00088,5.00088,5.00088,460,11.50000
ADP-200010,19771004,5.00088,5.05523,5.00088,5.05523,1610,11.62500
ADP-200010,19771005,5.00088,5.05523,4.94652,5.00088,5749,11.50000
ADP-200010,19771006,4.94652,4.94652,4.94652,4.94652,460,11.37500
ADP-200010,19771007,5.00088,5.00088,5.00088,5.00088,460,11.50000
ADP-200010,19771010,5.10959,5.21831,5.00088,5.16395,10809,11.87500
ADP-200010,19771011,5.21831,5.21831,5.21831,5.21831,2300,12.00000
ADP-200010,19771012,5.27266,5.27266,5.21831,5.21831,3220,12.00000
ADP-200010,19771013,5.32702,5.32702,5.32702,5.32702,3220,12.25000
ADP-200010,19771014,5.32702,5.32702,5.27266,5.27266,2760,12.12500
ADP-200010,19771017,5.27266,5.27266,5.27266,5.27266,4140,12.12500
ADP-200010,19771018,5.32702,5.32702,5.32702,5.32702,230,12.25000
ADP-200010,19771019,5.32702,5.32702,5.32702,5.32702,690,12.25000
ADP-200010,19771020,5.27266,5.27266,5.27266,5.27266,460,12.12500
ADP-200010,19771021,5.32702,5.43573,5.27266,5.38138,4830,12.37500
ADP-200010,19771024,5.38138,5.43573,5.38138,5.43573,2300,12.50000
ADP-200010,19771025,5.38138,5.38138,5.32702,5.32702,690,12.25000
ADP-200010,19771026,5.32702,5.49009,5.32702,5.49009,2300,12.62500
ADP-200010,19771027,5.65316,5.65316,5.54445,5.54445,5290,12.75000
ADP-200010,19771028,5.43573,5.54445,5.43573,5.54445,3680,12.75000
ADP-200010,19771031,5.54445,5.54445,5.54445,5.54445,460,12.75000
ADP-200010,19771101,5.49009,5.49009,5.49009,5.49009,460,12.62500
ADP-200010,19771102,5.43573,5.43573,5.32702,5.32702,13338,12.25000
ADP-200010,19771103,5.43573,5.43573,5.43573,5.43573,920,12.50000
ADP-200010,19771107,5.38138,5.54445,5.38138,5.54445,4830,12.75000
ADP-200010,19771108,5.54445,5.54445,5.43573,5.43573,2760,12.50000
ADP-200010,19771109,5.59881,5.59881,5.59881,5.59881,690,12.87500
ADP-200010,19771110,5.49009,5.49009,5.43573,5.43573,3450,12.50000
ADP-200010,19771111,5.49009,5.49009,5.49009,5.49009,230,12.62500
ADP-200010,19771114,5.54445,5.59881,5.54445,5.59881,4600,12.87500
ADP-200010,19771115,5.54445,5.59881,5.54445,5.59881,1380,12.87500
ADP-200010,19771116,5.54445,5.65316,5.49009,5.54445,3910,12.75000
ADP-200010,19771117,5.65316,5.65316,5.54445,5.54445,8969,12.75000
ADP-200010,19771118,5.54445,5.54445,5.54445,5.54445,920,12.75000
ADP-200010,19771121,5.54445,5.54445,5.54445,5.54445,690,12.75000
ADP-200010,19771122,5.59881,5.59881,5.59881,5.59881,690,12.87500
ADP-200010,19771123,5.70752,5.70752,5.70752,5.70752,230,13.12500
ADP-200010,19771125,5.70752,5.81624,5.70752,5.81624,2300,13.37500
ADP-200010,19771128,5.92495,6.08802,5.92495,6.08802,8739,14.00000
ADP-200010,19771129,6.46852,6.46852,6.19674,6.19674,8509,14.25000
ADP-200010,19771130,6.14238,6.30545,6.14238,6.30545,4600,14.50000
ADP-200010,19771201,6.30545,6.52288,6.30545,6.52288,8509,15.00000
ADP-200010,19771202,6.52288,6.68595,6.52288,6.68595,11498,15.37500
ADP-200010,19771205,6.41417,6.52288,6.35981,6.46852,11498,14.87500
ADP-200010,19771206,6.41417,6.41417,6.19674,6.19674,4600,14.25000
ADP-200010,19771207,6.08802,6.19674,6.08802,6.19674,1840,14.25000
ADP-200010,19771208,6.19674,6.30545,6.08802,6.19674,2300,14.25000
ADP-200010,19771209,6.08802,6.14238,6.03366,6.08802,3680,14.00000
ADP-200010,19771212,6.08802,6.19674,6.08802,6.19674,2070,14.25000
ADP-200010,19771213,6.08802,6.08802,6.08802,6.08802,4370,14.00000
ADP-200010,19771214,6.08802,6.14238,6.08802,6.14238,2070,14.12500
ADP-200010,19771215,6.30545,6.30545,6.25109,6.25109,920,14.37500
ADP-200010,19771216,6.35981,6.35981,6.19674,6.19674,2070,14.25000
ADP-200010,19771219,6.19674,6.25109,6.19674,6.25109,2070,14.37500
ADP-200010,19771220,6.30545,6.30545,6.25109,6.25109,1610,14.37500
ADP-200010,19771221,6.19674,6.25109,6.19674,6.25109,3220,14.37500
ADP-200010,19771222,6.35981,6.35981,6.30545,6.30545,460,14.50000
ADP-200010,19771223,6.46852,6.52288,6.41417,6.46852,6899,14.87500
ADP-200010,19771227,6.46852,6.52288,6.46852,6.52288,2990,15.00000
ADP-200010,19771228,6.46852,6.52288,6.46852,6.52288,2760,15.00000
ADP-200010,19771229,6.52288,6.52288,6.46852,6.46852,4600,14.87500
ADP-200010,19771230,6.41417,6.52288,6.41417,6.52288,3220,15.00000
ADP-200010,19780103,6.63160,6.63160,6.52288,6.52288,2070,15.00000
ADP-200010,19780104,6.57724,6.68595,6.57724,6.68595,2990,15.37500
ADP-200010,19780105,6.52288,6.63160,6.52288,6.63160,4600,15.25000
ADP-200010,19780106,6.57724,6.57724,6.52288,6.52288,8969,15.00000
ADP-200010,19780109,6.41417,6.52288,6.41417,6.52288,8739,15.00000
ADP-200010,19780110,6.35981,6.46852,6.35981,6.46852,5749,14.87500
ADP-200010,19780111,6.35981,6.35981,6.30545,6.30545,4600,14.50000
ADP-200010,19780112,6.41417,6.41417,6.35981,6.35981,460,14.62500
ADP-200010,19780113,6.35981,6.35981,6.35981,6.35981,460,14.62500
ADP-200010,19780116,6.46852,6.46852,6.46852,6.46852,3680,14.87500
ADP-200010,19780117,6.46852,6.52288,6.46852,6.52288,4600,15.00000
ADP-200010,19780118,6.52288,6.52288,6.52288,6.52288,460,15.00000
ADP-200010,19780119,6.46852,6.52288,6.41417,6.46852,3910,14.87500
ADP-200010,19780120,6.46852,6.46852,6.46852,6.46852,3680,14.87500
ADP-200010,19780123,6.30545,6.30545,6.30545,6.30545,690,14.50000
ADP-200010,19780124,6.30545,6.41417,6.30545,6.41417,1380,14.75000
ADP-200010,19780125,6.52288,6.52288,6.52288,6.52288,7129,15.00000
ADP-200010,19780126,6.52288,6.52288,6.41417,6.41417,2070,14.75000
ADP-200010,19780130,6.57724,6.57724,6.52288,6.52288,7129,15.00000
ADP-200010,19780131,6.63160,6.63160,6.52288,6.52288,2530,15.00000
ADP-200010,19780201,6.52288,6.52288,6.52288,6.52288,230,15.00000
ADP-200010,19780202,6.52288,6.84902,6.52288,6.84902,5060,15.75000
ADP-200010,19780203,6.74031,6.74031,6.68595,6.68595,3450,15.37500
ADP-200010,19780206,6.79467,6.79467,6.63160,6.63160,2990,15.25000
ADP-200010,19780208,6.57724,6.57724,6.57724,6.57724,1380,15.12500
ADP-200010,19780209,6.57724,6.57724,6.52288,6.52288,1150,15.00000
ADP-200010,19780210,6.52288,6.52288,6.52288,6.52288,2300,15.00000
ADP-200010,19780213,6.63160,6.63160,6.52288,6.52288,690,15.00000
ADP-200010,19780214,6.63160,6.74031,6.63160,6.74031,2530,15.50000
ADP-200010,19780215,6.68595,6.68595,6.68595,6.68595,4370,15.37500
ADP-200010,19780216,6.68595,6.68595,6.68595,6.68595,920,15.37500
ADP-200010,19780217,6.63160,6.68595,6.63160,6.68595,1840,15.37500
ADP-200010,19780221,6.52288,6.63160,6.52288,6.63160,8279,15.25000
ADP-200010,19780222,6.63160,6.63160,6.63160,6.63160,460,15.25000
ADP-200010,19780223,6.63160,6.63160,6.52288,6.52288,7359,15.00000
ADP-200010,19780224,6.63160,6.63160,6.63160,6.63160,3220,15.25000
ADP-200010,19780227,6.63160,6.63160,6.52288,6.52288,2530,15.00000
ADP-200010,19780228,6.52288,6.57724,6.52288,6.57724,8509,15.12500
ADP-200010,19780301,6.52288,6.52288,6.52288,6.52288,230,15.00000
ADP-200010,19780302,6.63160,6.74031,6.57724,6.63160,3450,15.25000
ADP-200010,19780303,6.74031,6.84902,6.68595,6.79467,2070,15.62500
ADP-200010,19780306,6.68595,6.68595,6.63160,6.63160,2070,15.25000
ADP-200010,19780307,6.52288,6.74031,6.52288,6.74031,6669,15.50000
ADP-200010,19780308,6.74031,6.74031,6.74031,6.74031,690,15.50000
ADP-200010,19780309,6.63160,6.63160,6.63160,6.63160,460,15.25000
ADP-200010,19780310,6.74031,6.74031,6.74031,6.74031,690,15.50000
ADP-200010,19780313,6.68595,6.74031,6.68595,6.74031,460,15.50000
ADP-200010,19780314,6.74031,6.74031,6.57724,6.57724,1150,15.12500
ADP-200010,19780315,6.57724,6.63160,6.57724,6.63160,460,15.25000
ADP-200010,19780316,6.74031,6.74031,6.74031,6.74031,460,15.50000
ADP-200010,19780317,6.79467,6.79467,6.68595,6.68595,1150,15.37500
ADP-200010,19780320,6.74031,6.84902,6.63160,6.79467,5749,15.62500
ADP-200010,19780321,6.74031,6.79467,6.74031,6.79467,920,15.62500
ADP-200010,19780322,6.84902,6.84902,6.84902,6.84902,1150,15.75000
ADP-200010,19780323,6.84902,6.90338,6.74031,6.84902,2300,15.75000
ADP-200010,19780327,6.63160,6.84902,6.63160,6.84902,5520,15.75000
ADP-200010,19780328,6.95774,6.95774,6.84902,6.84902,3680,15.75000
ADP-200010,19780329,6.84902,6.84902,6.84902,6.84902,460,15.75000
ADP-200010,19780330,6.84902,6.84902,6.84902,6.84902,230,15.75000
ADP-200010,19780331,6.79467,6.84902,6.79467,6.84902,1380,15.75000
ADP-200010,19780403,6.90338,6.95774,6.90338,6.95774,920,16.00000
ADP-200010,19780404,6.95774,6.95774,6.95774,6.95774,690,16.00000
ADP-200010,19780405,6.95774,6.95774,6.95774,6.95774,2300,16.00000
ADP-200010,19780406,6.95774,6.95774,6.95774,6.95774,2760,16.00000
ADP-200010,19780407,6.90338,6.95774,6.90338,6.95774,2300,16.00000
ADP-200010,19780410,6.95774,6.95774,6.95774,6.95774,460,16.00000
ADP-200010,19780411,6.95774,6.95774,6.95774,6.95774,690,16.00000
ADP-200010,19780412,6.95774,6.95774,6.95774,6.95774,3680,16.00000
ADP-200010,19780413,6.95774,6.95774,6.95774,6.95774,1150,16.00000
ADP-200010,19780414,7.06645,7.12081,6.95774,7.06645,2990,16.25000
ADP-200010,19780417,7.17517,7.17517,7.17517,7.17517,2300,16.50000
ADP-200010,19780418,7.28388,7.28388,7.06645,7.06645,11498,16.25000
ADP-200010,19780419,7.06645,7.17517,7.06645,7.17517,8279,16.50000
ADP-200010,19780420,7.17517,7.17517,7.12081,7.12081,2760,16.37500
ADP-200010,19780421,7.06645,7.17517,7.01210,7.12081,6439,16.37500
ADP-200010,19780424,7.12081,7.12081,7.01210,7.01210,2070,16.12500
ADP-200010,19780425,7.01210,7.01210,7.01210,7.01210,1380,16.12500
ADP-200010,19780426,7.01210,7.01210,7.01210,7.01210,1840,16.12500
ADP-200010,19780427,6.95774,7.12081,6.95774,7.12081,2070,16.37500
ADP-200010,19780428,7.12081,7.12081,7.12081,7.12081,6439,16.37500
ADP-200010,19780501,7.01210,7.01210,7.01210,7.01210,920,16.12500
ADP-200010,19780502,7.01210,7.01210,6.95774,6.95774,8969,16.00000
ADP-200010,19780503,6.84902,6.90338,6.79467,6.84902,8739,15.75000
ADP-200010,19780504,6.79467,6.79467,6.79467,6.79467,1380,15.62500
ADP-200010,19780505,6.74031,6.84902,6.74031,6.84902,10809,15.75000
ADP-200010,19780508,6.74031,6.74031,6.74031,6.74031,5520,15.50000
ADP-200010,19780509,6.74031,6.79467,6.68595,6.74031,4370,15.50000
ADP-200010,19780510,6.74031,6.74031,6.74031,6.74031,920,15.50000
ADP-200010,19780511,6.79467,6.95774,6.79467,6.95774,2300,16.00000
ADP-200010,19780512,6.90338,7.01210,6.90338,7.01210,3220,16.12500
ADP-200010,19780515,6.95774,7.06645,6.95774,7.06645,1840,16.25000
ADP-200010,19780516,7.17517,7.17517,7.01210,7.01210,7589,16.12500
ADP-200010,19780517,7.06645,7.06645,7.01210,7.01210,1150,16.12500
ADP-200010,19780518,7.01210,7.01210,6.79467,6.79467,6209,15.62500
ADP-200010,19780519,6.63160,6.63160,6.63160,6.63160,5979,15.25000
ADP-200010,19780522,6.68595,6.68595,6.63160,6.63160,920,15.25000
ADP-200010,19780523,6.63160,6.63160,6.63160,6.63160,3220,15.25000
ADP-200010,19780524,6.74031,6.74031,6.63160,6.63160,1380,15.25000
ADP-200010,19780525,6.63160,6.79467,6.63160,6.79467,3680,15.62500
ADP-200010,19780530,6.68595,6.68595,6.57724,6.57724,2990,15.12500
ADP-200010,19780531,6.74031,6.74031,6.57724,6.57724,690,15.12500
ADP-200010,19780601,6.63160,6.63160,6.63160,6.63160,920,15.25000
ADP-200010,19780602,6.68595,6.68595,6.68595,6.68595,2300,15.37500
ADP-200010,19780605,6.79467,6.79467,6.68595,6.68595,1380,15.37500
ADP-200010,19780606,6.74031,6.74031,6.63160,6.63160,1380,15.25000
ADP-200010,19780607,6.57724,6.74031,6.57724,6.74031,2070,15.50000
ADP-200010,19780608,6.63160,6.63160,6.63160,6.63160,1840,15.25000
ADP-200010,19780609,6.68595,6.68595,6.63160,6.63160,1150,15.25000
ADP-200010,19780612,6.63160,6.74031,6.63160,6.74031,2300,15.50000
ADP-200010,19780613,6.74031,6.74031,6.68595,6.68595,1150,15.37500
ADP-200010,19780614,6.68595,6.68595,6.68595,6.68595,2070,15.37500
ADP-200010,19780615,6.68595,6.74031,6.68595,6.74031,4830,15.50000
ADP-200010,19780616,6.63160,6.63160,6.52288,6.52288,11039,15.00000
ADP-200010,19780619,6.57724,6.63160,6.52288,6.57724,2990,15.12500
ADP-200010,19780620,6.57724,6.57724,6.57724,6.57724,2070,15.12500
ADP-200010,19780621,6.52288,6.52288,6.52288,6.52288,2300,15.00000
ADP-200010,19780622,6.52288,6.52288,6.52288,6.52288,6669,15.00000
ADP-200010,19780623,6.52288,6.52288,6.52288,6.52288,5290,15.00000
ADP-200010,19780626,6.52288,6.52288,6.52288,6.52288,1380,15.00000
ADP-200010,19780627,6.52288,6.57724,6.52288,6.57724,1380,15.12500
ADP-200010,19780628,6.52288,6.57724,6.52288,6.57724,690,15.12500
ADP-200010,19780629,6.63160,6.79467,6.63160,6.79467,1610,15.62500
ADP-200010,19780630,6.84902,6.84902,6.79467,6.79467,1840,15.62500
ADP-200010,19780703,6.68595,6.79467,6.68595,6.79467,2070,15.62500
ADP-200010,19780705,6.74031,6.74031,6.74031,6.74031,230,15.50000
ADP-200010,19780706,6.74031,6.74031,6.74031,6.74031,1150,15.50000
ADP-200010,19780707,6.79467,6.79467,6.79467,6.79467,2300,15.62500
ADP-200010,19780710,6.74031,6.74031,6.74031,6.74031,460,15.50000
ADP-200010,19780711,6.74031,6.74031,6.74031,6.74031,2530,15.50000
ADP-200010,19780712,6.74031,6.74031,6.74031,6.74031,230,15.50000
ADP-200010,19780713,6.68595,6.79467,6.68595,6.79467,4140,15.62500
ADP-200010,19780714,6.74031,6.74031,6.74031,6.74031,460,15.50000
ADP-200010,19780717,6.74031,6.74031,6.68595,6.68595,1380,15.37500
ADP-200010,19780718,6.74031,6.74031,6.68595,6.68595,5060,15.37500
ADP-200010,19780719,6.74031,6.84902,6.68595,6.74031,2070,15.50000
ADP-200010,19780720,6.79467,6.79467,6.79467,6.79467,460,15.62500
ADP-200010,19780721,6.74031,6.79467,6.68595,6.74031,6209,15.50000
ADP-200010,19780724,6.68595,6.68595,6.68595,6.68595,230,15.37500
ADP-200010,19780725,6.68595,6.68595,6.68595,6.68595,460,15.37500
ADP-200010,19780726,6.74031,6.74031,6.68595,6.68595,690,15.37500
ADP-200010,19780727,6.68595,6.74031,6.68595,6.74031,5520,15.50000
ADP-200010,19780728,6.84902,6.84902,6.74031,6.74031,8509,15.50000
ADP-200010,19780731,6.74031,7.17517,6.74031,7.17517,7819,16.50000
ADP-200010,19780801,7.17517,7.22953,7.06645,7.17517,2990,16.50000
ADP-200010,19780802,7.06645,7.06645,7.06645,7.06645,1150,16.25000
ADP-200010,19780803,7.01210,7.01210,6.90338,6.90338,5749,15.87500
ADP-200010,19780804,6.90338,6.95774,6.90338,6.95774,2990,16.00000
ADP-200010,19780807,6.95774,6.95774,6.95774,6.95774,2760,16.00000
ADP-200010,19780808,6.90338,6.95774,6.90338,6.95774,2530,16.00000
ADP-200010,19780809,6.95774,6.95774,6.90338,6.90338,9429,15.87500
ADP-200010,19780810,6.95774,6.95774,6.95774,6.95774,460,16.00000
ADP-200010,19780811,6.95774,7.17517,6.95774,7.17517,8279,16.50000
ADP-200010,19780814,7.17517,7.17517,7.17517,7.17517,1840,16.50000
ADP-200010,19780815,7.17517,7.17517,7.06645,7.06645,2760,16.25000
ADP-200010,19780816,7.12081,7.17517,7.12081,7.17517,1150,16.50000
ADP-200010,19780817,7.12081,7.12081,7.12081,7.12081,1380,16.37500
ADP-200010,19780821,7.12081,7.12081,7.01210,7.01210,1150,16.12500
ADP-200010,19780822,6.90338,6.90338,6.90338,6.90338,230,15.87500
ADP-200010,19780823,6.79467,6.79467,6.79467,6.79467,920,15.62500
ADP-200010,19780824,6.90338,6.90338,6.84902,6.84902,460,15.75000
ADP-200010,19780825,6.95774,6.95774,6.95774,6.95774,1150,16.00000
ADP-200010,19780828,6.95774,6.95774,6.90338,6.90338,2300,15.87500
ADP-200010,19780829,6.90338,7.06645,6.90338,7.06645,4830,16.25000
ADP-200010,19780830,7.01210,7.01210,7.01210,7.01210,460,16.12500
ADP-200010,19780831,6.95774,6.95774,6.95774,6.95774,1150,16.00000
ADP-200010,19780901,6.95774,6.95774,6.95774,6.95774,460,16.00000
ADP-200010,19780905,7.01210,7.06645,6.95774,7.01210,690,16.12500
ADP-200010,19780906,7.17517,7.17517,7.12081,7.12081,3450,16.37500
ADP-200010,19780907,7.12081,7.12081,7.06645,7.06645,1840,16.25000
ADP-200010,19780908,7.06645,7.06645,7.01210,7.01210,2300,16.12500
ADP-200010,19780911,7.01210,7.01210,7.01210,7.01210,690,16.12500
ADP-200010,19780912,7.01210,7.01210,7.01210,7.01210,460,16.12500
ADP-200010,19780913,7.12081,7.12081,7.06645,7.06645,1150,16.25000
ADP-200010,19780914,7.06645,7.06645,7.01210,7.01210,1840,16.12500
ADP-200010,19780915,7.01210,7.01210,6.95774,6.95774,1840,16.00000
ADP-200010,19780918,7.01210,7.01210,6.95774,6.95774,2990,16.00000
ADP-200010,19780919,6.84902,6.95774,6.84902,6.95774,460,16.00000
ADP-200010,19780920,6.95774,7.01210,6.84902,6.90338,4370,15.87500
ADP-200010,19780921,6.95774,7.06645,6.90338,7.01210,7589,16.12500
ADP-200010,19780922,6.95774,6.95774,6.95774,6.95774,1150,16.00000
ADP-200010,19780926,7.06645,7.12081,7.06645,7.12081,1380,16.37500
ADP-200010,19780927,7.12081,7.12081,7.12081,7.12081,1150,16.37500
ADP-200010,19780928,7.06645,7.06645,7.06645,7.06645,460,16.25000
ADP-200010,19780929,7.06645,7.06645,7.06645,7.06645,920,16.25000
ADP-200010,19781002,7.06645,7.06645,7.06645,7.06645,230,16.25000
ADP-200010,19781003,7.06645,7.17517,7.06645,7.17517,920,16.50000
ADP-200010,19781004,7.06645,7.06645,6.95774,6.95774,1380,16.00000
ADP-200010,19781005,7.01210,7.01210,6.90338,6.90338,1380,15.87500
ADP-200010,19781006,6.90338,6.90338,6.90338,6.90338,230,15.87500
ADP-200010,19781009,6.95774,6.95774,6.95774,6.95774,460,16.00000
ADP-200010,19781011,6.90338,6.90338,6.90338,6.90338,230,15.87500
ADP-200010,19781013,6.90338,6.90338,6.68595,6.68595,2760,15.37500
ADP-200010,19781016,6.74031,6.74031,6.63160,6.63160,2990,15.25000
ADP-200010,19781017,6.63160,6.68595,6.63160,6.68595,1610,15.37500
ADP-200010,19781018,6.68595,6.68595,6.63160,6.63160,6899,15.25000
ADP-200010,19781019,6.52288,6.63160,6.46852,6.52288,5060,15.00000
ADP-200010,19781020,6.52288,6.52288,6.52288,6.52288,460,15.00000
ADP-200010,19781023,6.57724,6.57724,6.52288,6.52288,3220,15.00000
ADP-200010,19781024,6.57724,6.63160,6.52288,6.57724,1380,15.12500
ADP-200010,19781025,6.52288,6.52288,6.52288,6.52288,8969,15.00000
ADP-200010,19781026,6.57724,6.63160,6.52288,6.57724,10349,15.12500
ADP-200010,19781027,6.57724,6.57724,6.52288,6.52288,4370,15.00000
ADP-200010,19781030,6.08802,6.30545,6.08802,6.30545,7359,14.50000
ADP-200010,19781031,6.19674,6.19674,6.08802,6.08802,1150,14.00000
ADP-200010,19781101,5.92495,6.08802,5.92495,6.08802,11958,14.00000
ADP-200010,19781102,6.03366,6.14238,6.03366,6.14238,5749,14.12500
ADP-200010,19781103,6.14238,6.14238,6.08802,6.08802,690,14.00000
ADP-200010,19781106,6.14238,6.14238,6.08802,6.08802,1840,14.00000
ADP-200010,19781107,6.08802,6.08802,5.97931,5.97931,1840,13.75000
ADP-200010,19781108,5.97931,5.97931,5.97931,5.97931,2990,13.75000
ADP-200010,19781109,5.97931,6.03366,5.97931,6.03366,2300,13.87500
ADP-200010,19781113,5.92495,5.92495,5.92495,5.92495,1840,13.62500
ADP-200010,19781114,5.92495,5.92495,5.87059,5.87059,3680,13.50000
ADP-200010,19781115,5.76188,5.76188,5.76188,5.76188,230,13.25000
ADP-200010,19781116,5.70752,5.70752,5.59881,5.59881,1380,12.87500
ADP-200010,19781117,5.43573,5.49009,5.38138,5.43573,4830,12.50000
ADP-200010,19781120,5.32702,5.32702,5.21831,5.21831,3450,12.00000
ADP-200010,19781122,5.21831,5.21831,5.21831,5.21831,2070,12.00000
ADP-200010,19781124,5.10959,5.10959,5.05523,5.05523,690,11.62500
ADP-200010,19781127,5.05523,5.10959,5.05523,5.10959,1380,11.75000
ADP-200010,19781128,5.10959,5.10959,5.05523,5.05523,920,11.62500
ADP-200010,19781129,5.00088,5.00088,5.00088,5.00088,460,11.50000
ADP-200010,19781130,4.94652,4.94652,4.94652,4.94652,2300,11.37500
ADP-200010,19781201,5.05523,5.05523,5.00088,5.00088,1150,11.50000
ADP-200010,19781205,4.94652,5.05523,4.94652,5.05523,2990,11.62500
ADP-200010,19781206,5.00088,5.00088,4.94652,4.94652,4140,11.37500
ADP-200010,19781207,4.89216,4.89216,4.89216,4.89216,460,11.25000
ADP-200010,19781208,4.83780,4.89216,4.83780,4.89216,1380,11.25000
ADP-200010,19781211,4.89216,5.00088,4.89216,5.00088,920,11.50000
ADP-200010,19781212,4.94652,4.94652,4.89216,4.89216,920,11.25000
ADP-200010,19781213,4.94652,4.94652,4.94652,4.94652,230,11.37500
ADP-200010,19781214,4.89216,4.94652,4.89216,4.94652,2760,11.37500
ADP-200010,19781215,4.89216,4.89216,4.89216,4.89216,460,11.25000
ADP-200010,19781218,4.89216,4.89216,4.89216,4.89216,690,11.25000
ADP-200010,19781219,4.89216,4.89216,4.83780,4.83780,3680,11.12500
ADP-200010,19781220,4.89216,4.94652,4.83780,4.89216,4140,11.25000
ADP-200010,19781221,4.89216,5.00088,4.89216,5.00088,4370,11.50000
ADP-200010,19781222,4.94652,4.94652,4.94652,4.94652,920,11.37500
ADP-200010,19781226,5.00088,5.05523,4.94652,5.00088,2530,11.50000
ADP-200010,19781227,5.00088,5.05523,4.89216,4.94652,5749,11.37500
ADP-200010,19781228,4.89216,4.94652,4.83780,4.89216,4370,11.25000
ADP-200010,19781229,4.78345,4.89216,4.62038,4.78345,21847,11.00000
ADP-200010,19790102,4.62038,4.78345,4.62038,4.78345,5290,11.00000
ADP-200010,19790103,4.94652,5.00088,4.89216,4.94652,5979,11.37500
ADP-200010,19790104,4.94652,5.05523,4.94652,5.05523,460,11.62500
ADP-200010,19790105,5.10959,5.10959,5.10959,5.10959,230,11.75000
ADP-200010,19790108,5.00088,5.00088,5.00088,5.00088,2070,11.50000
ADP-200010,19790109,5.00088,5.05523,5.00088,5.05523,3910,11.62500
ADP-200010,19790110,5.21831,5.21831,5.10959,5.10959,2990,11.75000
ADP-200010,19790111,5.16395,5.16395,5.16395,5.16395,690,11.87500
ADP-200010,19790112,5.21831,5.21831,5.21831,5.21831,1380,12.00000
ADP-200010,19790116,5.21831,5.21831,5.21831,5.21831,1150,12.00000
ADP-200010,19790118,5.27266,5.32702,5.27266,5.32702,920,12.25000
ADP-200010,19790119,5.43573,5.43573,5.43573,5.43573,230,12.50000
ADP-200010,19790122,5.43573,5.43573,5.32702,5.32702,1150,12.25000
ADP-200010,19790124,5.27266,5.43573,5.27266,5.43573,2070,12.50000
ADP-200010,19790125,5.38138,5.65316,5.38138,5.65316,5060,13.00000
ADP-200010,19790126,5.76188,5.76188,5.76188,5.76188,460,13.25000
ADP-200010,19790129,5.87059,5.97931,5.87059,5.97931,3450,13.75000
ADP-200010,19790130,5.87059,5.87059,5.87059,5.87059,230,13.50000
ADP-200010,19790131,5.87059,5.87059,5.70752,5.70752,1380,13.12500
ADP-200010,19790201,5.81624,5.87059,5.81624,5.87059,2300,13.50000
ADP-200010,19790202,5.87059,5.87059,5.76188,5.76188,690,13.25000
ADP-200010,19790205,5.65316,5.65316,5.65316,5.65316,230,13.00000
ADP-200010,19790206,5.70752,5.70752,5.70752,5.70752,230,13.12500
ADP-200010,19790209,5.59881,5.59881,5.59881,5.59881,460,12.87500
ADP-200010,19790213,5.65316,5.65316,5.65316,5.65316,460,13.00000
ADP-200010,19790220,5.54445,5.54445,5.38138,5.38138,1150,12.37500
ADP-200010,19790221,5.27266,5.27266,5.21831,5.21831,2070,12.00000
ADP-200010,19790222,5.21831,5.21831,5.21831,5.21831,230,12.00000
ADP-200010,19790223,5.21831,5.21831,5.21831,5.21831,920,12.00000
ADP-200010,19790226,5.21831,5.21831,5.21831,5.21831,1380,12.00000
ADP-200010,19790227,5.21831,5.21831,5.21831,5.21831,460,12.00000
ADP-200010,19790305,5.21831,5.21831,5.21831,5.21831,230,12.00000
ADP-200010,19790307,5.21831,5.21831,5.21831,5.21831,1380,12.00000
ADP-200010,19790312,5.27266,5.27266,5.27266,5.27266,690,12.12500
ADP-200010,19790313,5.38138,5.49009,5.38138,5.49009,1150,12.62500
ADP-200010,19790316,5.38138,5.38138,5.38138,5.38138,230,12.37500
ADP-200010,19790319,5.49009,5.54445,5.49009,5.54445,920,12.75000
ADP-200010,19790320,5.49009,5.76188,5.49009,5.76188,2760,13.25000
ADP-200010,19790321,5.87059,5.87059,5.87059,5.87059,230,13.50000
ADP-200010,19790322,5.97931,6.08802,5.97931,6.08802,3680,14.00000
ADP-200010,19790323,6.19674,6.19674,6.19674,6.19674,460,14.25000
ADP-200010,19790326,6.14238,6.14238,6.14238,6.14238,920,14.12500
ADP-200010,19790327,6.25109,6.25109,6.25109,6.25109,2300,14.37500
ADP-200010,19790328,6.25109,6.25109,6.25109,6.25109,460,14.37500
ADP-200010,19790329,6.25109,6.25109,6.25109,6.25109,690,14.37500
ADP-200010,19790330,6.14238,6.14238,6.14238,6.14238,690,14.12500
ADP-200010,19790402,6.14238,6.14238,6.08802,6.08802,1380,14.00000
ADP-200010,19790403,6.08802,6.30545,6.08802,6.30545,2530,14.50000
ADP-200010,19790404,6.30545,6.30545,6.30545,6.30545,460,14.50000
ADP-200010,19790405,6.30545,6.41417,6.30545,6.41417,2760,14.75000
ADP-200010,19790406,6.41417,6.52288,6.41417,6.52288,6209,15.00000
ADP-200010,19790410,6.52288,6.52288,6.52288,6.52288,230,15.00000
ADP-200010,19790411,6.52288,6.52288,6.52288,6.52288,3450,15.00000
ADP-200010,19790412,6.52288,6.63160,6.52288,6.63160,1150,15.25000
ADP-200010,19790417,6.52288,6.57724,6.52288,6.57724,8279,15.12500
ADP-200010,19790418,6.52288,6.52288,6.52288,6.52288,1380,15.00000
ADP-200010,19790419,6.63160,6.63160,6.57724,6.57724,3220,15.12500
ADP-200010,19790420,6.52288,6.52288,6.52288,6.52288,5520,15.00000
ADP-200010,19790423,6.52288,6.63160,6.46852,6.57724,2990,15.12500
ADP-200010,19790425,6.57724,6.74031,6.57724,6.74031,3450,15.50000
ADP-200010,19790426,6.84902,6.84902,6.57724,6.57724,7819,15.12500
ADP-200010,19790427,6.57724,6.68595,6.57724,6.68595,1150,15.37500
ADP-200010,19790501,6.57724,6.63160,6.57724,6.63160,920,15.25000
ADP-200010,19790503,6.79467,6.79467,6.68595,6.68595,920,15.37500
ADP-200010,19790504,6.63160,6.90338,6.63160,6.90338,2530,15.87500
ADP-200010,19790507,6.90338,6.90338,6.74031,6.74031,5520,15.50000
ADP-200010,19790508,6.68595,6.79467,6.68595,6.79467,3220,15.62500
ADP-200010,19790509,6.90338,6.95774,6.90338,6.95774,920,16.00000
ADP-200010,19790510,6.95774,6.95774,6.95774,6.95774,230,16.00000
ADP-200010,19790511,6.84902,6.84902,6.84902,6.84902,460,15.75000
ADP-200010,19790515,6.35981,6.79467,6.35981,6.79467,83706,15.62500
ADP-200010,19790516,6.84902,6.90338,6.84902,6.90338,1840,15.87500
ADP-200010,19790517,6.95774,6.95774,6.84902,6.84902,1610,15.75000
ADP-200010,19790518,7.06645,7.17517,6.95774,7.12081,6439,16.37500
ADP-200010,19790521,7.06645,7.06645,7.06645,7.06645,460,16.25000
ADP-200010,19790522,6.95774,6.95774,6.90338,6.90338,2070,15.87500
ADP-200010,19790523,6.84902,6.84902,6.68595,6.68595,2530,15.37500
ADP-200010,19790524,6.52288,6.57724,6.46852,6.52288,1380,15.00000
ADP-200010,19790525,6.52288,6.52288,6.52288,6.52288,460,15.00000
ADP-200010,19790529,6.52288,6.52288,6.52288,6.52288,690,15.00000
ADP-200010,19790530,6.74031,6.79467,6.63160,6.68595,5979,15.37500
ADP-200010,19790531,6.68595,6.74031,6.68595,6.74031,460,15.50000
ADP-200010,19790601,7.12081,7.12081,7.06645,7.06645,8509,16.25000
ADP-200010,19790604,7.17517,7.17517,7.06645,7.06645,2300,16.25000
ADP-200010,19790605,6.95774,6.95774,6.90338,6.90338,920,15.87500
ADP-200010,19790606,6.90338,6.90338,6.90338,6.90338,460,15.87500
ADP-200010,19790607,6.95774,7.06645,6.95774,7.06645,3910,16.25000
ADP-200010,19790608,7.17517,7.17517,7.01210,7.01210,2760,16.12500
ADP-200010,19790611,7.06645,7.06645,7.06645,7.06645,1150,16.25000
ADP-200010,19790612,7.06645,7.17517,7.06645,7.17517,1840,16.50000
ADP-200010,19790613,7.28388,7.28388,7.17517,7.17517,3220,16.50000
ADP-200010,19790614,7.12081,7.39260,7.12081,7.39260,11958,17.00000
ADP-200010,19790615,7.44695,7.61003,7.28388,7.55567,8279,17.37500
ADP-200010,19790618,7.55567,7.71874,7.55567,7.71874,3680,17.75000
ADP-200010,19790619,7.77310,7.77310,7.61003,7.61003,2990,17.50000
ADP-200010,19790620,7.50131,7.61003,7.50131,7.61003,2070,17.50000
ADP-200010,19790621,7.66438,7.66438,7.55567,7.55567,2530,17.37500
ADP-200010,19790622,7.77310,7.93617,7.61003,7.88181,9429,18.12500
ADP-200010,19790625,7.93617,8.09924,7.82746,7.99053,9659,18.37500
ADP-200010,19790626,7.88181,7.88181,7.82746,7.82746,1150,18.00000
ADP-200010,19790627,7.82746,7.82746,7.82746,7.82746,1150,18.00000
ADP-200010,19790628,7.93617,7.93617,7.93617,7.93617,230,18.25000
ADP-200010,19790629,7.82746,7.93617,7.82746,7.93617,1380,18.25000
ADP-200010,19790702,7.71874,8.15360,7.71874,8.15360,11039,18.75000
ADP-200010,19790703,8.04488,8.26231,8.04488,8.26231,5060,19.00000
ADP-200010,19790705,8.26231,8.58846,8.26231,8.58846,8509,19.75000
ADP-200010,19790706,8.64282,8.91460,8.64282,8.91460,7129,20.50000
ADP-200010,19790709,9.07767,9.07767,8.91460,8.91460,7129,20.50000
ADP-200010,19790710,8.80589,8.91460,8.80589,8.91460,1150,20.50000
ADP-200010,19790711,8.75153,8.80589,8.69717,8.75153,4370,20.12500
ADP-200010,19790712,8.53410,8.75153,8.53410,8.75153,9429,20.12500
ADP-200010,19790713,8.75153,8.75153,8.69717,8.69717,7589,20.00000
ADP-200010,19790716,8.69717,8.80589,8.69717,8.80589,920,20.25000
ADP-200010,19790717,8.69717,8.80589,8.58846,8.69717,8739,20.00000
ADP-200010,19790718,8.69717,8.69717,8.69717,8.69717,2990,20.00000
ADP-200010,19790719,8.69717,8.69717,8.58846,8.58846,2530,19.75000
ADP-200010,19790720,8.47974,8.58846,8.47974,8.58846,5060,19.75000
ADP-200010,19790723,8.47974,8.47974,8.37103,8.37103,690,19.25000
ADP-200010,19790724,8.31667,8.31667,8.09924,8.09924,2990,18.62500
ADP-200010,19790725,8.26231,8.26231,8.04488,8.04488,12418,18.50000
ADP-200010,19790726,8.09924,8.09924,8.09924,8.09924,230,18.62500
ADP-200010,19790727,8.26231,8.26231,8.15360,8.15360,3450,18.75000
ADP-200010,19790730,8.26231,8.42539,8.26231,8.42539,1610,19.37500
ADP-200010,19790731,8.31667,8.31667,8.31667,8.31667,230,19.12500
ADP-200010,19790801,8.47974,8.64282,8.37103,8.53410,7589,19.62500
ADP-200010,19790803,8.58846,8.58846,8.53410,8.53410,2300,19.62500
ADP-200010,19790806,8.58846,8.58846,8.53410,8.53410,920,19.62500
ADP-200010,19790807,8.64282,8.64282,8.64282,8.64282,460,19.87500
ADP-200010,19790808,8.86024,8.86024,8.69717,8.69717,6669,20.00000
ADP-200010,19790809,8.96896,9.07767,8.96896,9.07767,9199,20.87500
ADP-200010,19790810,9.02332,9.34946,9.02332,9.34946,7359,21.50000
ADP-200010,19790813,9.34946,9.51253,9.34946,9.51253,4370,21.87500
ADP-200010,19790814,9.34946,9.51253,9.24075,9.40382,7589,21.62500
ADP-200010,19790815,9.29510,9.56689,9.29510,9.56689,5979,22.00000
ADP-200010,19790816,9.67560,9.67560,9.29510,9.29510,5060,21.37500
ADP-200010,19790817,9.34946,9.45817,9.29510,9.34946,3450,21.50000
ADP-200010,19790820,9.51253,9.51253,9.34946,9.34946,1150,21.50000
ADP-200010,19790821,9.34946,9.34946,9.24075,9.24075,3450,21.25000
ADP-200010,19790822,9.13203,9.13203,9.13203,9.13203,2300,21.00000
ADP-200010,19790823,9.13203,9.13203,8.91460,8.91460,5979,20.50000
ADP-200010,19790824,8.80589,8.86024,8.69717,8.75153,7819,20.12500
ADP-200010,19790827,8.86024,8.86024,8.75153,8.75153,2070,20.12500
ADP-200010,19790828,8.86024,8.86024,8.75153,8.75153,2070,20.12500
ADP-200010,19790829,8.75153,8.75153,8.75153,8.75153,460,20.12500
ADP-200010,19790830,8.80589,8.80589,8.69717,8.69717,1150,20.00000
ADP-200010,19790831,8.69717,8.69717,8.69717,8.69717,2300,20.00000
ADP-200010,19790904,8.80589,8.80589,8.64282,8.64282,2070,19.87500
ADP-200010,19790905,8.64282,8.64282,8.58846,8.58846,2760,19.75000
ADP-200010,19790906,8.80589,8.80589,8.53410,8.53410,7129,19.62500
ADP-200010,19790907,8.58846,8.75153,8.58846,8.75153,3450,20.12500
ADP-200010,19790910,8.80589,8.80589,8.69717,8.69717,1840,20.00000
ADP-200010,19790911,8.80589,8.80589,8.69717,8.69717,2300,20.00000
ADP-200010,19790912,8.58846,8.58846,8.37103,8.37103,7129,19.25000
ADP-200010,19790913,8.31667,8.42539,8.31667,8.42539,1610,19.37500
ADP-200010,19790914,8.31667,8.31667,8.31667,8.31667,920,19.12500
ADP-200010,19790917,8.42539,8.42539,8.31667,8.31667,2070,19.12500
ADP-200010,19790918,8.31667,8.31667,8.31667,8.31667,230,19.12500
ADP-200010,19790920,8.31667,8.42539,8.31667,8.42539,4600,19.37500
ADP-200010,19790921,8.31667,8.31667,8.31667,8.31667,460,19.12500
ADP-200010,19790924,8.42539,8.47974,8.42539,8.47974,2760,19.50000
ADP-200010,19790925,8.31667,8.31667,8.31667,8.31667,4140,19.12500
ADP-200010,19790926,8.31667,8.37103,8.31667,8.37103,920,19.25000
ADP-200010,19790927,8.26231,8.26231,8.26231,8.26231,3680,19.00000
ADP-200010,19790928,8.37103,8.42539,8.31667,8.37103,6899,19.25000
ADP-200010,19791002,8.31667,8.31667,8.31667,8.31667,230,19.12500
ADP-200010,19791003,8.31667,8.42539,8.31667,8.42539,920,19.37500
ADP-200010,19791005,8.42539,8.42539,8.42539,8.42539,460,19.37500
ADP-200010,19791008,8.31667,8.31667,8.31667,8.31667,230,19.12500
ADP-200010,19791009,8.26231,8.26231,8.26231,8.26231,6209,19.00000
ADP-200010,19791010,8.09924,8.26231,8.09924,8.26231,6899,19.00000
ADP-200010,19791011,8.15360,8.26231,8.15360,8.26231,1840,19.00000
ADP-200010,19791012,8.20796,8.31667,8.20796,8.31667,3220,19.12500
ADP-200010,19791015,8.26231,8.42539,8.26231,8.42539,2760,19.37500
ADP-200010,19791017,8.47974,8.53410,8.47974,8.53410,460,19.62500
ADP-200010,19791018,8.64282,8.64282,8.64282,8.64282,460,19.87500
ADP-200010,19791019,8.58846,8.58846,8.58846,8.58846,1150,19.75000
ADP-200010,19791022,8.37103,8.47974,8.37103,8.47974,8049,19.50000
ADP-200010,19791023,8.37103,8.37103,8.31667,8.31667,1380,19.12500
ADP-200010,19791024,8.31667,8.31667,8.26231,8.26231,3910,19.00000
ADP-200010,19791025,8.53410,8.53410,8.42539,8.42539,9659,19.37500
ADP-200010,19791026,8.47974,8.47974,8.37103,8.37103,1380,19.25000
ADP-200010,19791029,8.37103,8.37103,8.37103,8.37103,460,19.25000
ADP-200010,19791030,8.37103,8.37103,8.37103,8.37103,460,19.25000
ADP-200010,19791031,8.37103,8.37103,8.37103,8.37103,1380,19.25000
ADP-200010,19791101,8.31667,8.31667,8.31667,8.31667,460,19.12500
ADP-200010,19791102,8.42539,8.42539,8.37103,8.37103,1840,19.25000
ADP-200010,19791105,8.42539,8.42539,8.31667,8.31667,4140,19.12500
ADP-200010,19791106,8.31667,8.31667,8.31667,8.31667,230,19.12500
ADP-200010,19791107,8.31667,8.31667,8.31667,8.31667,1610,19.12500
ADP-200010,19791108,8.31667,8.31667,8.26231,8.26231,3220,19.00000
ADP-200010,19791109,8.26231,8.26231,8.26231,8.26231,3910,19.00000
ADP-200010,19791112,8.26231,8.31667,8.26231,8.31667,1610,19.12500
ADP-200010,19791113,8.31667,8.42539,8.31667,8.42539,920,19.37500
ADP-200010,19791114,8.37103,8.37103,8.37103,8.37103,460,19.25000
ADP-200010,19791115,8.42539,8.42539,8.42539,8.42539,460,19.37500
ADP-200010,19791116,8.42539,8.42539,8.42539,8.42539,920,19.37500
ADP-200010,19791119,8.31667,8.31667,8.31667,8.31667,230,19.12500
ADP-200010,19791120,8.31667,8.31667,8.31667,8.31667,230,19.12500
ADP-200010,19791121,8.37103,8.37103,8.37103,8.37103,690,19.25000
ADP-200010,19791126,8.31667,8.42539,8.31667,8.42539,2300,19.37500
ADP-200010,19791128,8.31667,8.58846,8.31667,8.58846,14948,19.75000
ADP-200010,19791129,8.58846,8.58846,8.47974,8.47974,920,19.50000
ADP-200010,19791130,8.53410,8.53410,8.53410,8.53410,690,19.62500
ADP-200010,19791203,8.42539,8.42539,8.42539,8.42539,1150,19.37500
ADP-200010,19791204,8.37103,8.47974,8.37103,8.47974,3220,19.50000
ADP-200010,19791205,8.58846,8.58846,8.47974,8.47974,2300,19.50000
ADP-200010,19791206,8.58846,8.58846,8.58846,8.58846,690,19.75000
ADP-200010,19791207,8.58846,8.58846,8.58846,8.58846,690,19.75000
ADP-200010,19791210,8.53410,8.53410,8.47974,8.47974,3220,19.50000
ADP-200010,19791211,8.47974,8.47974,8.47974,8.47974,920,19.50000
ADP-200010,19791212,8.47974,8.47974,8.47974,8.47974,230,19.50000
ADP-200010,19791213,8.58846,8.58846,8.47974,8.47974,1380,19.50000
ADP-200010,19791214,8.42539,8.42539,8.42539,8.42539,690,19.37500
ADP-200010,19791217,8.47974,8.53410,8.42539,8.47974,2530,19.50000
ADP-200010,19791218,8.58846,8.58846,8.47974,8.47974,2530,19.50000
ADP-200010,19791219,8.47974,8.47974,8.47974,8.47974,4370,19.50000
ADP-200010,19791220,8.53410,8.53410,8.47974,8.47974,2070,19.50000
ADP-200010,19791221,8.47974,8.53410,8.47974,8.53410,1840,19.62500
ADP-200010,19791224,8.47974,8.47974,8.47974,8.47974,460,19.50000
ADP-200010,19791226,8.47974,8.47974,8.47974,8.47974,690,19.50000
ADP-200010,19791227,8.47974,8.58846,8.47974,8.58846,3910,19.75000
ADP-200010,19791228,8.64282,8.64282,8.64282,8.64282,460,19.87500
ADP-200010,19791231,8.58846,8.58846,8.53410,8.53410,3450,19.62500
ADP-200010,19800102,8.47974,8.47974,8.47974,8.47974,10119,19.50000
ADP-200010,19800104,8.47974,8.47974,8.47974,8.47974,690,19.50000
ADP-200010,19800107,8.42539,8.42539,8.31667,8.31667,3910,19.12500
ADP-200010,19800108,8.37103,8.42539,8.26231,8.31667,5290,19.12500
ADP-200010,19800109,8.37103,8.47974,8.37103,8.47974,12648,19.50000
ADP-200010,19800110,8.47974,8.53410,8.47974,8.53410,920,19.62500
ADP-200010,19800111,8.53410,8.53410,8.53410,8.53410,1380,19.62500
ADP-200010,19800114,8.42539,8.42539,8.31667,8.31667,6669,19.12500
ADP-200010,19800115,8.26231,8.31667,8.26231,8.31667,12648,19.12500
ADP-200010,19800116,8.37103,8.37103,8.26231,8.26231,3680,19.00000
ADP-200010,19800117,8.26231,8.37103,8.26231,8.37103,3450,19.25000
ADP-200010,19800118,8.26231,8.37103,8.26231,8.37103,1840,19.25000
ADP-200010,19800121,8.26231,8.26231,8.26231,8.26231,1150,19.00000
ADP-200010,19800122,8.26231,8.37103,8.26231,8.37103,14948,19.25000
ADP-200010,19800123,8.37103,8.47974,8.37103,8.47974,1610,19.50000
ADP-200010,19800124,8.58846,8.58846,8.47974,8.47974,1380,19.50000
ADP-200010,19800125,8.58846,8.58846,8.42539,8.42539,1150,19.37500
ADP-200010,19800129,8.37103,8.53410,8.37103,8.53410,1610,19.62500
ADP-200010,19800130,8.37103,8.37103,8.37103,8.37103,4600,19.25000
ADP-200010,19800131,8.47974,8.47974,8.37103,8.37103,16788,19.25000
ADP-200010,19800201,8.47974,8.47974,8.47974,8.47974,1150,19.50000
ADP-200010,19800204,8.37103,8.37103,8.37103,8.37103,690,19.25000
ADP-200010,19800205,8.37103,8.37103,8.31667,8.31667,2070,19.12500
ADP-200010,19800206,8.31667,8.31667,8.31667,8.31667,460,19.12500
ADP-200010,19800207,8.37103,8.37103,8.37103,8.37103,690,19.25000
ADP-200010,19800208,8.31667,8.47974,8.31667,8.47974,2300,19.50000
ADP-200010,19800211,8.47974,8.47974,8.37103,8.37103,1380,19.25000
ADP-200010,19800212,8.26231,8.37103,8.26231,8.37103,2070,19.25000
ADP-200010,19800213,8.26231,8.26231,8.26231,8.26231,460,19.00000
ADP-200010,19800214,8.42539,8.42539,8.26231,8.26231,3220,19.00000
ADP-200010,19800215,8.37103,8.37103,8.37103,8.37103,920,19.25000
ADP-200010,19800219,8.26231,8.26231,8.20796,8.20796,3450,18.87500
ADP-200010,19800220,8.20796,8.20796,8.20796,8.20796,460,18.87500
ADP-200010,19800221,8.26231,8.26231,8.26231,8.26231,920,19.00000
ADP-200010,19800222,8.26231,8.26231,8.26231,8.26231,920,19.00000
ADP-200010,19800225,8.15360,8.15360,8.15360,8.15360,690,18.75000
ADP-200010,19800226,8.15360,8.15360,8.15360,8.15360,230,18.75000
ADP-200010,19800227,8.15360,8.15360,8.09924,8.09924,1840,18.62500
ADP-200010,19800229,8.15360,8.15360,8.15360,8.15360,690,18.75000
ADP-200010,19800303,8.04488,8.04488,8.04488,8.04488,460,18.50000
ADP-200010,19800304,8.04488,8.04488,8.04488,8.04488,460,18.50000
ADP-200010,19800305,8.04488,8.04488,8.04488,8.04488,4140,18.50000
ADP-200010,19800306,7.88181,7.88181,7.88181,7.88181,690,18.12500
ADP-200010,19800307,7.71874,7.82746,7.71874,7.82746,11269,18.00000
ADP-200010,19800310,7.82746,7.82746,7.82746,7.82746,7129,18.00000
ADP-200010,19800311,7.82746,7.82746,7.82746,7.82746,920,18.00000
ADP-200010,19800312,7.82746,7.82746,7.82746,7.82746,3220,18.00000
ADP-200010,19800313,7.82746,7.82746,7.82746,7.82746,6899,18.00000
ADP-200010,19800314,7.82746,7.82746,7.82746,7.82746,230,18.00000
ADP-200010,19800317,7.71874,7.82746,7.71874,7.82746,4140,18.00000
ADP-200010,19800318,7.82746,7.82746,7.82746,7.82746,1150,18.00000
ADP-200010,19800319,7.82746,7.82746,7.82746,7.82746,9659,18.00000
ADP-200010,19800320,7.82746,7.88181,7.82746,7.88181,8279,18.12500
ADP-200010,19800321,7.99053,7.99053,7.99053,7.99053,460,18.37500
ADP-200010,19800324,7.82746,7.93617,7.82746,7.93617,4600,18.25000
ADP-200010,19800325,7.82746,7.93617,7.82746,7.93617,4600,18.25000
ADP-200010,19800326,7.93617,7.93617,7.93617,7.93617,460,18.25000
ADP-200010,19800327,7.82746,7.93617,7.71874,7.82746,10119,18.00000
ADP-200010,19800328,7.88181,8.26231,7.88181,8.26231,5060,19.00000
ADP-200010,19800331,8.26231,8.42539,8.26231,8.42539,2070,19.37500
ADP-200010,19800401,8.37103,8.37103,8.37103,8.37103,1150,19.25000
ADP-200010,19800403,8.42539,8.42539,8.31667,8.31667,5290,19.12500
ADP-200010,19800407,8.31667,8.31667,8.26231,8.26231,3450,19.00000
ADP-200010,19800408,8.37103,8.37103,8.26231,8.26231,2990,19.00000
ADP-200010,19800409,8.26231,8.26231,8.26231,8.26231,1610,19.00000
ADP-200010,19800410,8.26231,8.26231,8.26231,8.26231,230,19.00000
ADP-200010,19800411,8.20796,8.20796,8.09924,8.09924,3680,18.62500
ADP-200010,19800414,8.09924,8.09924,8.04488,8.04488,1150,18.50000
ADP-200010,19800415,8.15360,8.15360,8.09924,8.09924,1380,18.62500
ADP-200010,19800416,8.04488,8.04488,7.88181,7.88181,7819,18.12500
ADP-200010,19800417,7.71874,7.82746,7.71874,7.82746,5290,18.00000
ADP-200010,19800418,7.93617,7.93617,7.82746,7.82746,1610,18.00000
ADP-200010,19800421,7.71874,7.82746,7.71874,7.82746,5060,18.00000
ADP-200010,19800422,7.88181,7.88181,7.88181,7.88181,1150,18.12500
ADP-200010,19800423,7.82746,7.82746,7.82746,7.82746,920,18.00000
ADP-200010,19800424,7.93617,7.93617,7.93617,7.93617,230,18.25000
ADP-200010,19800425,7.82746,7.82746,7.82746,7.82746,460,18.00000
ADP-200010,19800428,7.93617,8.04488,7.93617,8.04488,1840,18.50000
ADP-200010,19800429,7.93617,7.93617,7.88181,7.88181,1150,18.12500
ADP-200010,19800501,7.88181,7.88181,7.88181,7.88181,230,18.12500
ADP-200010,19800502,7.88181,7.88181,7.82746,7.82746,1840,18.00000
ADP-200010,19800505,7.77310,7.77310,7.66438,7.66438,4830,17.62500
ADP-200010,19800506,7.66438,7.66438,7.55567,7.55567,920,17.37500
ADP-200010,19800507,7.50131,7.50131,7.39260,7.39260,5060,17.00000
ADP-200010,19800508,7.39260,7.39260,7.39260,7.39260,6899,17.00000
ADP-200010,19800513,7.39260,7.50131,7.28388,7.39260,2530,17.00000
ADP-200010,19800514,7.50131,7.50131,7.50131,7.50131,1150,17.25000
ADP-200010,19800515,7.39260,7.39260,7.33824,7.33824,460,16.87500
ADP-200010,19800516,7.28388,7.28388,7.12081,7.12081,4140,16.37500
ADP-200010,19800519,7.06645,7.06645,6.95774,6.95774,2760,16.00000
ADP-200010,19800520,6.95774,6.95774,6.95774,6.95774,1840,16.00000
ADP-200010,19800521,6.95774,6.95774,6.95774,6.95774,1840,16.00000
ADP-200010,19800523,6.95774,6.95774,6.95774,6.95774,920,16.00000
ADP-200010,19800527,7.06645,7.12081,7.06645,7.12081,1380,16.37500
ADP-200010,19800528,7.01210,7.01210,6.95774,6.95774,4370,16.00000
ADP-200010,19800529,7.01210,7.01210,6.95774,6.95774,4140,16.00000
ADP-200010,19800530,6.95774,7.17517,6.95774,7.17517,2300,16.50000
ADP-200010,19800602,7.06645,7.06645,6.95774,6.95774,3450,16.00000
ADP-200010,19800603,6.95774,6.95774,6.95774,6.95774,2530,16.00000
ADP-200010,19800604,6.95774,6.95774,6.95774,6.95774,230,16.00000
ADP-200010,19800605,7.06645,7.06645,6.95774,6.95774,920,16.00000
ADP-200010,19800606,7.01210,7.06645,6.95774,7.01210,2300,16.12500
ADP-200010,19800609,7.01210,7.01210,7.01210,7.01210,460,16.12500
ADP-200010,19800610,7.06645,7.06645,6.95774,6.95774,1610,16.00000
ADP-200010,19800611,6.95774,6.95774,6.95774,6.95774,2530,16.00000
ADP-200010,19800612,6.95774,6.95774,6.95774,6.95774,3910,16.00000
ADP-200010,19800616,7.01210,7.01210,7.01210,7.01210,920,16.12500
ADP-200010,19800617,6.90338,7.01210,6.90338,7.01210,460,16.12500
ADP-200010,19800618,6.95774,6.95774,6.95774,6.95774,230,16.00000
ADP-200010,19800619,7.01210,7.01210,7.01210,7.01210,460,16.12500
ADP-200010,19800623,6.90338,6.90338,6.74031,6.74031,1610,15.50000
ADP-200010,19800624,6.63160,6.63160,6.63160,6.63160,1380,15.25000
ADP-200010,19800630,6.52288,6.52288,6.52288,6.52288,1380,15.00000
ADP-200010,19800701,6.63160,6.63160,6.52288,6.52288,460,15.00000
ADP-200010,19800702,6.52288,6.52288,6.52288,6.52288,690,15.00000
ADP-200010,19800707,6.57724,6.57724,6.57724,6.57724,460,15.12500
ADP-200010,19800708,6.63160,6.63160,6.57724,6.57724,460,15.12500
ADP-200010,19800709,6.52288,6.52288,6.52288,6.52288,1150,15.00000
ADP-200010,19800710,6.52288,6.52288,6.52288,6.52288,460,15.00000
ADP-200010,19800711,6.52288,6.52288,6.52288,6.52288,2530,15.00000
ADP-200010,19800714,6.57724,6.74031,6.57724,6.74031,4600,15.50000
ADP-200010,19800715,6.74031,6.74031,6.74031,6.74031,920,15.50000
ADP-200010,19800716,6.74031,6.74031,6.74031,6.74031,920,15.50000
ADP-200010,19800717,6.63160,6.63160,6.63160,6.63160,1380,15.25000
ADP-200010,19800718,6.63160,6.68595,6.63160,6.68595,3450,15.37500
ADP-200010,19800721,6.52288,6.63160,6.52288,6.63160,920,15.25000
ADP-200010,19800722,6.52288,6.57724,6.46852,6.52288,5749,15.00000
ADP-200010,19800723,6.52288,6.52288,6.52288,6.52288,2300,15.00000
ADP-200010,19800724,6.57724,6.57724,6.41417,6.41417,2990,14.75000
ADP-200010,19800725,6.35981,6.35981,6.35981,6.35981,460,14.62500
ADP-200010,19800728,6.35981,6.35981,6.35981,6.35981,1380,14.62500
ADP-200010,19800729,6.30545,6.30545,6.30545,6.30545,230,14.50000
ADP-200010,19800730,6.41417,6.41417,6.41417,6.41417,1150,14.75000
ADP-200010,19800731,6.35981,6.35981,6.35981,6.35981,1150,14.62500
ADP-200010,19800801,6.35981,6.41417,6.35981,6.41417,1610,14.75000
ADP-200010,19800804,6.52288,6.57724,6.46852,6.52288,4830,15.00000
ADP-200010,19800805,6.46852,6.46852,6.46852,6.46852,1150,14.87500
ADP-200010,19800806,6.52288,6.52288,6.46852,6.46852,460,14.87500
ADP-200010,19800808,6.52288,6.52288,6.52288,6.52288,460,15.00000
ADP-200010,19800811,6.41417,6.52288,6.41417,6.52288,690,15.00000
ADP-200010,19800812,6.57724,6.57724,6.57724,6.57724,230,15.12500
ADP-200010,19800813,6.46852,6.46852,6.46852,6.46852,230,14.87500
ADP-200010,19800814,6.52288,6.52288,6.41417,6.41417,920,14.75000
ADP-200010,19800815,6.52288,6.57724,6.52288,6.57724,690,15.12500
ADP-200010,19800818,6.57724,6.57724,6.57724,6.57724,230,15.12500
ADP-200010,19800819,6.44134,6.44134,6.44134,6.44134,920,9.87500
ADP-200010,19800821,6.44134,6.52288,6.44134,6.52288,614,10.00000
ADP-200010,19800822,6.44134,6.44134,6.44134,6.44134,154,9.87500
ADP-200010,19800825,6.60442,6.60442,6.60442,6.60442,307,10.12500
ADP-200010,19800826,6.68595,6.68595,6.68595,6.68595,1687,10.25000
ADP-200010,19800827,6.68595,6.68595,6.60442,6.60442,1380,10.12500
ADP-200010,19800828,6.68595,6.68595,6.60442,6.60442,1840,10.12500
ADP-200010,19800829,6.68595,6.68595,6.60442,6.60442,767,10.12500
ADP-200010,19800902,6.76749,6.76749,6.68595,6.68595,1227,10.25000
ADP-200010,19800903,6.52288,6.68595,6.52288,6.68595,614,10.25000
ADP-200010,19800904,6.52288,6.52288,6.52288,6.52288,1840,10.00000
ADP-200010,19800905,6.52288,6.68595,6.52288,6.68595,1534,10.25000
ADP-200010,19800908,7.25670,7.25670,6.68595,6.68595,1074,10.25000
ADP-200010,19800909,6.68595,6.84902,6.68595,6.84902,1380,10.50000
ADP-200010,19800910,6.84902,7.01210,6.84902,7.01210,1380,10.75000
ADP-200010,19800912,7.01210,7.01210,7.01210,7.01210,154,10.75000
ADP-200010,19800915,7.01210,7.01210,7.01210,7.01210,920,10.75000
ADP-200010,19800916,7.01210,7.01210,7.01210,7.01210,1227,10.75000
ADP-200010,19800917,7.01210,7.25670,7.01210,7.25670,1534,11.12500
ADP-200010,19800918,7.33824,7.33824,7.17517,7.17517,2453,11.00000
ADP-200010,19800922,7.17517,7.17517,7.17517,7.17517,154,11.00000
ADP-200010,19800923,7.25670,7.25670,7.09363,7.09363,767,10.87500
ADP-200010,19800925,7.09363,7.09363,7.09363,7.09363,154,10.87500
ADP-200010,19800926,7.01210,7.01210,7.01210,7.01210,154,10.75000
ADP-200010,19800929,7.09363,7.09363,7.09363,7.09363,614,10.87500
ADP-200010,19800930,6.93056,6.93056,6.93056,6.93056,920,10.62500
ADP-200010,19801001,6.93056,6.93056,6.93056,6.93056,154,10.62500
ADP-200010,19801003,7.09363,7.09363,7.09363,7.09363,307,10.87500
ADP-200010,19801006,6.93056,6.93056,6.93056,6.93056,154,10.62500
ADP-200010,19801007,6.93056,6.93056,6.93056,6.93056,154,10.62500
ADP-200010,19801008,6.93056,6.93056,6.93056,6.93056,460,10.62500
ADP-200010,19801009,7.01210,7.01210,6.84902,6.84902,1840,10.50000
ADP-200010,19801010,6.84902,6.84902,6.68595,6.68595,2300,10.25000
ADP-200010,19801014,6.60442,6.60442,6.60442,6.60442,154,10.12500
ADP-200010,19801015,6.60442,6.60442,6.52288,6.52288,2300,10.00000
ADP-200010,19801016,6.52288,6.60442,6.52288,6.60442,2147,10.12500
ADP-200010,19801017,6.60442,6.60442,6.60442,6.60442,614,10.12500
ADP-200010,19801020,6.52288,6.60442,6.52288,6.60442,1074,10.12500
ADP-200010,19801021,6.52288,6.68595,6.52288,6.68595,1534,10.25000
ADP-200010,19801023,6.68595,6.68595,6.35981,6.35981,1074,9.75000
ADP-200010,19801024,6.35981,6.35981,6.35981,6.35981,1074,9.75000
ADP-200010,19801027,6.52288,6.52288,6.52288,6.52288,307,10.00000
ADP-200010,19801028,6.52288,6.52288,6.52288,6.52288,307,10.00000
ADP-200010,19801029,6.52288,6.52288,6.35981,6.35981,1074,9.75000
ADP-200010,19801103,6.44134,6.44134,6.44134,6.44134,307,9.87500
ADP-200010,19801106,6.35981,6.35981,6.35981,6.35981,307,9.75000
ADP-200010,19801107,6.35981,6.35981,6.27827,6.27827,767,9.62500
ADP-200010,19801110,6.19674,6.19674,6.19674,6.19674,767,9.50000
ADP-200010,19801111,6.27827,6.27827,6.27827,6.27827,154,9.62500
ADP-200010,19801113,6.52288,6.52288,6.52288,6.52288,920,10.00000
ADP-200010,19801114,6.68595,6.68595,6.60442,6.60442,1074,10.12500
ADP-200010,19801117,6.60442,6.76749,6.60442,6.76749,8892,10.37500
ADP-200010,19801118,6.84902,6.84902,6.76749,6.76749,1840,10.37500
ADP-200010,19801119,6.76749,6.76749,6.76749,6.76749,154,10.37500
ADP-200010,19801120,6.76749,6.76749,6.68595,6.68595,767,10.25000
ADP-200010,19801124,6.52288,6.52288,6.52288,6.52288,1227,10.00000
ADP-200010,19801125,6.76749,6.76749,6.52288,6.52288,1993,10.00000
ADP-200010,19801126,6.52288,6.52288,6.35981,6.35981,2607,9.75000
ADP-200010,19801128,6.35981,6.35981,6.35981,6.35981,920,9.75000
ADP-200010,19801201,6.27827,6.27827,6.27827,6.27827,460,9.62500
ADP-200010,19801202,6.11520,6.27827,6.11520,6.27827,1534,9.62500
ADP-200010,19801203,6.11520,6.11520,6.11520,6.11520,1840,9.37500
ADP-200010,19801204,6.03366,6.03366,5.95213,5.95213,614,9.12500
ADP-200010,19801205,5.95213,5.95213,5.54445,5.54445,3067,8.50000
ADP-200010,19801208,5.29984,5.46291,5.29984,5.46291,920,8.37500
ADP-200010,19801209,5.46291,5.54445,5.46291,5.54445,614,8.50000
ADP-200010,19801210,5.38138,5.38138,5.29984,5.29984,460,8.12500
ADP-200010,19801211,5.29984,5.29984,5.29984,5.29984,307,8.12500
ADP-200010,19801212,5.38138,5.38138,5.38138,5.38138,154,8.25000
ADP-200010,19801215,5.21831,5.38138,5.13677,5.29984,9352,8.12500
ADP-200010,19801216,5.21831,5.29984,5.13677,5.21831,8739,8.00000
ADP-200010,19801217,5.21831,5.21831,5.21831,5.21831,1687,8.00000
ADP-200010,19801218,5.29984,5.38138,5.21831,5.29984,1227,8.12500
ADP-200010,19801219,5.38138,5.38138,5.21831,5.21831,460,8.00000
ADP-200010,19801222,5.21831,5.54445,5.21831,5.54445,1227,8.50000
ADP-200010,19801223,5.38138,5.38138,5.21831,5.21831,5213,8.00000
ADP-200010,19801224,5.29984,5.54445,5.29984,5.54445,1993,8.50000
ADP-200010,19801226,5.46291,5.46291,5.46291,5.46291,307,8.37500
ADP-200010,19801229,5.46291,5.46291,5.29984,5.29984,2913,8.12500
ADP-200010,19801230,5.29984,5.29984,5.21831,5.21831,7513,8.00000
ADP-200010,19801231,5.21831,5.29984,5.21831,5.29984,2607,8.12500
ADP-200010,19810102,5.38138,5.38138,5.29984,5.29984,3527,8.12500
ADP-200010,19810105,5.38138,5.54445,5.38138,5.54445,1074,8.50000
ADP-200010,19810109,5.54445,5.54445,5.54445,5.54445,1380,8.50000
ADP-200010,19810112,5.54445,5.54445,5.46291,5.46291,307,8.37500
ADP-200010,19810113,5.38138,5.46291,5.38138,5.46291,614,8.37500
ADP-200010,19810114,5.62599,5.62599,5.62599,5.62599,154,8.62500
ADP-200010,19810116,5.46291,5.46291,5.46291,5.46291,154,8.37500
ADP-200010,19810120,5.46291,5.46291,5.38138,5.38138,307,8.25000
ADP-200010,19810121,5.46291,5.46291,5.29984,5.29984,920,8.12500
ADP-200010,19810122,5.29984,5.29984,5.29984,5.29984,920,8.12500
ADP-200010,19810123,5.46291,5.46291,5.38138,5.38138,1227,8.25000
ADP-200010,19810126,5.54445,5.54445,5.38138,5.38138,1687,8.25000
ADP-200010,19810127,5.46291,5.46291,5.46291,5.46291,920,8.37500
ADP-200010,19810128,5.38138,5.38138,5.38138,5.38138,154,8.25000
ADP-200010,19810129,5.38138,5.38138,5.38138,5.38138,307,8.25000
ADP-200010,19810202,5.46291,5.46291,5.21831,5.21831,4600,8.00000
ADP-200010,19810203,5.21831,5.29984,5.21831,5.29984,2147,8.12500
ADP-200010,19810204,5.46291,5.46291,5.46291,5.46291,460,8.37500
ADP-200010,19810205,5.38138,5.54445,5.38138,5.54445,2300,8.50000
ADP-200010,19810206,5.54445,5.70752,5.54445,5.70752,1074,8.75000
ADP-200010,19810209,5.70752,5.70752,5.70752,5.70752,307,8.75000
ADP-200010,19810210,5.54445,5.54445,5.54445,5.54445,154,8.50000
ADP-200010,19810212,5.54445,5.54445,5.54445,5.54445,154,8.50000
ADP-200010,19810217,5.70752,5.70752,5.54445,5.54445,614,8.50000
ADP-200010,19810218,5.54445,5.54445,5.38138,5.38138,1380,8.25000
ADP-200010,19810219,5.54445,5.54445,5.54445,5.54445,307,8.50000
ADP-200010,19810224,5.62599,5.62599,5.62599,5.62599,460,8.62500
ADP-200010,19810225,5.46291,5.46291,5.46291,5.46291,154,8.37500
ADP-200010,19810226,5.38138,5.38138,5.29984,5.29984,767,8.12500
ADP-200010,19810227,5.29984,5.29984,5.29984,5.29984,307,8.12500
ADP-200010,19810302,5.29984,5.29984,5.29984,5.29984,154,8.12500
ADP-200010,19810303,5.29984,5.46291,5.29984,5.46291,1227,8.37500
ADP-200010,19810305,5.29984,5.29984,5.29984,5.29984,767,8.12500
ADP-200010,19810306,5.13677,5.21831,5.13677,5.21831,1993,8.00000
ADP-200010,19810309,5.13677,5.13677,5.13677,5.13677,307,7.87500
ADP-200010,19810310,5.29984,5.29984,5.29984,5.29984,154,8.12500
ADP-200010,19810312,5.38138,5.38138,5.38138,5.38138,767,8.25000
ADP-200010,19810316,5.29984,5.46291,5.29984,5.46291,1227,8.37500
ADP-200010,19810317,5.46291,5.46291,5.46291,5.46291,460,8.37500
ADP-200010,19810318,5.38138,5.38138,5.38138,5.38138,307,8.25000
ADP-200010,19810319,5.29984,5.29984,5.29984,5.29984,307,8.12500
ADP-200010,19810320,5.38138,5.46291,5.29984,5.38138,920,8.25000
ADP-200010,19810323,5.38138,5.38138,5.38138,5.38138,154,8.25000
ADP-200010,19810324,5.38138,5.38138,5.38138,5.38138,1534,8.25000
ADP-200010,19810325,5.54445,5.54445,5.46291,5.46291,1074,8.37500
ADP-200010,19810326,5.62599,5.62599,5.62599,5.62599,767,8.62500
ADP-200010,19810327,5.62599,5.62599,5.62599,5.62599,920,8.62500
ADP-200010,19810330,5.62599,5.62599,5.46291,5.46291,767,8.37500
ADP-200010,19810331,5.62599,5.62599,5.62599,5.62599,154,8.62500
ADP-200010,19810401,5.62599,5.70752,5.62599,5.70752,460,8.75000
ADP-200010,19810402,5.70752,5.70752,5.70752,5.70752,767,8.75000
ADP-200010,19810403,5.62599,5.70752,5.62599,5.70752,460,8.75000
ADP-200010,19810406,5.70752,5.70752,5.70752,5.70752,307,8.75000
ADP-200010,19810407,5.54445,5.54445,5.54445,5.54445,1380,8.50000
ADP-200010,19810408,5.62599,5.62599,5.54445,5.54445,614,8.50000
ADP-200010,19810409,5.62599,5.62599,5.62599,5.62599,614,8.62500
ADP-200010,19810410,5.62599,5.70752,5.62599,5.70752,920,8.75000
ADP-200010,19810413,6.03366,6.19674,5.78906,6.03366,14718,9.25000
ADP-200010,19810414,6.27827,6.44134,6.11520,6.27827,1380,9.62500
ADP-200010,19810415,6.19674,6.19674,6.11520,6.11520,614,9.37500
ADP-200010,19810420,6.11520,6.11520,6.11520,6.11520,767,9.37500
ADP-200010,19810421,6.68595,7.17517,6.27827,6.93056,11192,10.62500
ADP-200010,19810422,6.76749,6.93056,6.76749,6.93056,2913,10.62500
ADP-200010,19810423,6.93056,6.93056,6.76749,6.76749,1840,10.37500
ADP-200010,19810424,6.68595,6.68595,6.68595,6.68595,307,10.25000
ADP-200010,19810427,6.52288,6.60442,6.52288,6.60442,4600,10.12500
ADP-200010,19810428,6.76749,6.76749,6.68595,6.68595,2147,10.25000
ADP-200010,19810429,6.68595,6.76749,6.60442,6.68595,2300,10.25000
ADP-200010,19810430,6.52288,6.52288,6.35981,6.35981,3220,9.75000
ADP-200010,19810504,6.27827,6.27827,6.27827,6.27827,154,9.62500
ADP-200010,19810505,6.27827,6.27827,6.11520,6.11520,460,9.37500
ADP-200010,19810506,6.11520,6.11520,5.95213,5.95213,1687,9.12500
ADP-200010,19810507,6.03366,6.03366,5.95213,5.95213,1227,9.12500
ADP-200010,19810508,6.11520,6.27827,6.11520,6.27827,3527,9.62500
ADP-200010,19810511,6.35981,6.35981,6.35981,6.35981,154,9.75000
ADP-200010,19810512,6.27827,6.27827,6.19674,6.19674,1380,9.50000
ADP-200010,19810513,6.19674,6.35981,6.19674,6.35981,920,9.75000
ADP-200010,19810514,6.27827,6.44134,6.27827,6.44134,920,9.87500
ADP-200010,19810515,6.35981,6.35981,6.35981,6.35981,460,9.75000
ADP-200010,19810518,6.44134,6.44134,6.44134,6.44134,307,9.87500
ADP-200010,19810520,6.35981,6.35981,6.35981,6.35981,307,9.75000
ADP-200010,19810521,6.35981,6.35981,6.27827,6.27827,920,9.62500
ADP-200010,19810522,6.35981,6.35981,6.27827,6.27827,1074,9.62500
ADP-200010,19810526,6.11520,6.52288,6.11520,6.52288,14105,10.00000
ADP-200010,19810527,6.35981,6.35981,6.35981,6.35981,1227,9.75000
ADP-200010,19810528,6.35981,6.35981,6.35981,6.35981,307,9.75000
ADP-200010,19810529,6.27827,6.27827,6.27827,6.27827,460,9.62500
ADP-200010,19810601,6.27827,6.27827,6.19674,6.19674,1840,9.50000
ADP-200010,19810602,6.11520,6.11520,6.11520,6.11520,920,9.37500
ADP-200010,19810603,6.03366,6.03366,6.03366,6.03366,154,9.25000
ADP-200010,19810604,6.03366,6.03366,6.03366,6.03366,154,9.25000
ADP-200010,19810605,5.95213,5.95213,5.95213,5.95213,767,9.12500
ADP-200010,19810608,5.87059,5.87059,5.87059,5.87059,1227,9.00000
ADP-200010,19810609,5.87059,6.03366,5.87059,6.03366,1227,9.25000
ADP-200010,19810610,5.87059,5.87059,5.70752,5.70752,2760,8.75000
ADP-200010,19810611,5.87059,6.03366,5.87059,6.03366,3680,9.25000
ADP-200010,19810612,5.87059,5.87059,5.87059,5.87059,614,9.00000
ADP-200010,19810615,5.95213,6.03366,5.95213,6.03366,2453,9.25000
ADP-200010,19810616,6.03366,6.03366,6.03366,6.03366,154,9.25000
ADP-200010,19810617,5.95213,5.95213,5.95213,5.95213,307,9.12500
ADP-200010,19810622,5.95213,5.95213,5.95213,5.95213,307,9.12500
ADP-200010,19810623,5.95213,5.95213,5.95213,5.95213,154,9.12500
ADP-200010,19810624,5.95213,5.95213,5.95213,5.95213,1074,9.12500
ADP-200010,19810626,5.95213,5.95213,5.21831,5.21831,1687,8.00000
ADP-200010,19810701,5.95213,5.95213,5.62599,5.62599,1993,8.62500
ADP-200010,19810702,5.70752,5.70752,5.70752,5.70752,307,8.75000
ADP-200010,19810706,5.54445,5.54445,5.54445,5.54445,1687,8.50000
ADP-200010,19810707,5.78906,5.78906,5.70752,5.70752,3986,8.75000
ADP-200010,19810708,5.62599,5.62599,5.62599,5.62599,2300,8.62500
ADP-200010,19810710,5.54445,5.54445,5.46291,5.46291,614,8.37500
ADP-200010,19810713,5.62599,5.62599,5.62599,5.62599,154,8.62500
ADP-200010,19810714,5.54445,5.54445,5.54445,5.54445,154,8.50000
ADP-200010,19810715,5.54445,5.54445,5.54445,5.54445,154,8.50000
ADP-200010,19810716,5.46291,5.46291,5.46291,5.46291,460,8.37500
ADP-200010,19810717,5.54445,5.54445,5.54445,5.54445,1687,8.50000
ADP-200010,19810720,5.46291,5.54445,5.38138,5.46291,1227,8.37500
ADP-200010,19810721,5.54445,5.54445,5.54445,5.54445,154,8.50000
ADP-200010,19810722,5.70752,5.70752,5.70752,5.70752,1534,8.75000
ADP-200010,19810727,5.87059,5.87059,5.87059,5.87059,154,9.00000
ADP-200010,19810728,5.87059,5.87059,5.87059,5.87059,767,9.00000
ADP-200010,19810730,5.78906,5.87059,5.70752,5.78906,614,8.87500
ADP-200010,19810804,5.62599,5.62599,5.62599,5.62599,614,8.62500
ADP-200010,19810805,5.54445,5.54445,5.54445,5.54445,1840,8.50000
ADP-200010,19810806,5.46291,5.46291,5.38138,5.38138,2300,8.25000
ADP-200010,19810807,5.38138,5.38138,5.29984,5.29984,2607,8.12500
ADP-200010,19810813,5.29984,5.29984,5.29984,5.29984,307,8.12500
ADP-200010,19810814,5.29984,5.38138,5.29984,5.38138,614,8.25000
ADP-200010,19810818,5.29984,5.29984,5.21831,5.21831,1534,8.00000
ADP-200010,19810819,5.13677,5.13677,5.13677,5.13677,460,7.87500
ADP-200010,19810824,4.97370,4.97370,4.81063,4.81063,1993,7.37500
ADP-200010,19810825,4.72909,4.72909,4.56602,4.56602,9352,7.00000
ADP-200010,19810826,4.72909,4.72909,4.72909,4.72909,307,7.25000
ADP-200010,19810827,4.64755,4.64755,4.56602,4.56602,767,7.00000
ADP-200010,19810828,4.56602,4.56602,4.56602,4.56602,11192,7.00000
ADP-200010,19810904,4.64755,4.64755,4.64755,4.64755,307,7.12500
ADP-200010,19810908,4.64755,4.64755,4.64755,4.64755,307,7.12500
ADP-200010,19810909,4.64755,4.64755,4.64755,4.64755,460,7.12500
ADP-200010,19810910,4.64755,4.64755,4.64755,4.64755,154,7.12500
ADP-200010,19810911,4.81063,4.81063,4.81063,4.81063,154,7.37500
ADP-200010,19810914,4.81063,4.81063,4.72909,4.72909,767,7.25000
ADP-200010,19810915,4.81063,4.89216,4.81063,4.89216,1993,7.50000
ADP-200010,19810916,4.81063,4.81063,4.81063,4.81063,154,7.37500
ADP-200010,19810918,4.81063,4.81063,4.72909,4.72909,614,7.25000
ADP-200010,19810922,4.64755,4.72909,4.56602,4.64755,4600,7.12500
ADP-200010,19810924,4.81063,4.81063,4.64755,4.64755,767,7.12500
ADP-200010,19810925,4.72909,4.72909,4.64755,4.64755,767,7.12500
ADP-200010,19810928,4.56602,4.64755,4.56602,4.64755,2913,7.12500
ADP-200010,19810930,4.81063,4.81063,4.81063,4.81063,154,7.37500
ADP-200010,19811001,4.81063,4.89216,4.81063,4.89216,3220,7.50000
ADP-200010,19811002,4.72909,4.89216,4.72909,4.89216,7359,7.50000
ADP-200010,19811005,4.97370,4.97370,4.97370,4.97370,1534,7.62500
ADP-200010,19811006,4.97370,5.05523,4.97370,5.05523,2453,7.75000
ADP-200010,19811009,5.21831,5.21831,5.13677,5.13677,1227,7.87500
ADP-200010,19811012,5.29984,5.29984,5.29984,5.29984,307,8.12500
ADP-200010,19811014,5.21831,5.21831,5.21831,5.21831,307,8.00000
ADP-200010,19811021,5.21831,5.21831,5.21831,5.21831,307,8.00000
ADP-200010,19811022,5.21831,5.21831,5.21831,5.21831,307,8.00000
ADP-200010,19811027,5.21831,5.21831,5.21831,5.21831,154,8.00000
ADP-200010,19811029,5.21831,5.21831,5.21831,5.21831,767,8.00000
ADP-200010,19811030,5.21831,5.21831,5.21831,5.21831,614,8.00000
ADP-200010,19811102,5.38138,5.46291,5.38138,5.46291,460,8.37500
ADP-200010,19811103,5.29984,5.38138,5.29984,5.38138,2147,8.25000
ADP-200010,19811106,5.38138,5.38138,5.38138,5.38138,154,8.25000
ADP-200010,19811109,5.46291,5.46291,5.38138,5.38138,307,8.25000
ADP-200010,19811110,5.54445,5.54445,5.54445,5.54445,1227,8.50000
ADP-200010,19811111,5.62599,5.62599,5.62599,5.62599,154,8.62500
ADP-200010,19811112,5.62599,5.70752,5.62599,5.70752,614,8.75000
ADP-200010,19811113,5.70752,5.87059,5.70752,5.87059,2760,9.00000
ADP-200010,19811116,5.70752,5.70752,5.70752,5.70752,614,8.75000
ADP-200010,19811117,5.70752,5.70752,5.70752,5.70752,1687,8.75000
ADP-200010,19811119,5.70752,5.70752,5.70752,5.70752,307,8.75000
ADP-200010,19811124,5.70752,5.70752,5.70752,5.70752,154,8.75000
ADP-200010,19811125,5.87059,5.87059,5.87059,5.87059,614,9.00000
ADP-200010,19811127,5.95213,5.95213,5.95213,5.95213,1840,9.12500
ADP-200010,19811130,5.95213,5.95213,5.95213,5.95213,307,9.12500
ADP-200010,19811201,5.95213,6.03366,5.95213,6.03366,2607,9.25000
ADP-200010,19811203,6.03366,6.03366,6.03366,6.03366,4600,9.25000
ADP-200010,19811204,6.03366,6.11520,6.03366,6.11520,307,9.37500
ADP-200010,19811207,6.11520,6.11520,6.03366,6.03366,1074,9.25000
ADP-200010,19811208,6.03366,6.03366,6.03366,6.03366,2760,9.25000
ADP-200010,19811209,6.19674,6.19674,6.11520,6.11520,920,9.37500
ADP-200010,19811210,6.11520,6.11520,6.11520,6.11520,2147,9.37500
ADP-200010,19811211,6.03366,6.03366,6.03366,6.03366,460,9.25000
ADP-200010,19811214,6.03366,6.03366,6.03366,6.03366,460,9.25000
ADP-200010,19811215,6.03366,6.03366,6.03366,6.03366,3527,9.25000
ADP-200010,19811216,6.03366,6.03366,6.03366,6.03366,4753,9.25000
ADP-200010,19811217,5.95213,5.95213,5.87059,5.87059,3373,9.00000
ADP-200010,19811218,5.87059,5.87059,5.87059,5.87059,767,9.00000
ADP-200010,19811221,5.87059,5.87059,5.87059,5.87059,6593,9.00000
ADP-200010,19811222,5.87059,5.87059,5.87059,5.87059,2147,9.00000
ADP-200010,19811223,5.87059,5.95213,5.87059,5.95213,10732,9.12500
ADP-200010,19811224,5.95213,5.95213,5.95213,5.95213,1074,9.12500
ADP-200010,19811228,5.95213,6.03366,5.95213,6.03366,2147,9.25000
ADP-200010,19811229,5.87059,5.87059,5.87059,5.87059,5520,9.00000
ADP-200010,19811230,5.87059,5.87059,5.87059,5.87059,460,9.00000
ADP-200010,19811231,5.87059,5.87059,5.87059,5.87059,920,9.00000
ADP-200010,19820104,5.87059,5.87059,5.87059,5.87059,767,9.00000
ADP-200010,19820106,5.87059,5.87059,5.87059,5.87059,614,9.00000
ADP-200010,19820107,5.95213,5.95213,5.95213,5.95213,920,9.12500
ADP-200010,19820108,5.87059,5.87059,5.87059,5.87059,2300,9.00000
ADP-200010,19820111,5.87059,5.87059,5.87059,5.87059,1227,9.00000
ADP-200010,19820112,5.87059,5.87059,5.87059,5.87059,154,9.00000
ADP-200010,19820118,5.87059,5.87059,5.87059,5.87059,3067,9.00000
ADP-200010,19820119,5.87059,5.95213,5.87059,5.95213,5060,9.12500
ADP-200010,19820120,5.87059,5.87059,5.78906,5.78906,614,8.87500
ADP-200010,19820121,5.78906,5.78906,5.70752,5.70752,767,8.75000
ADP-200010,19820122,5.70752,5.70752,5.70752,5.70752,614,8.75000
ADP-200010,19820125,5.70752,5.70752,5.70752,5.70752,920,8.75000
ADP-200010,19820127,5.70752,5.70752,5.70752,5.70752,460,8.75000
ADP-200010,19820128,5.70752,5.70752,5.70752,5.70752,154,8.75000
ADP-200010,19820129,5.78906,5.87059,5.78906,5.87059,920,9.00000
ADP-200010,19820203,5.78906,5.78906,5.78906,5.78906,1074,8.87500
ADP-200010,19820204,5.78906,5.78906,5.78906,5.78906,614,8.87500
ADP-200010,19820205,5.78906,5.78906,5.78906,5.78906,614,8.87500
ADP-200010,19820209,5.70752,5.70752,5.70752,5.70752,767,8.75000
ADP-200010,19820210,5.87059,5.87059,5.70752,5.70752,1074,8.75000
ADP-200010,19820211,5.70752,5.70752,5.70752,5.70752,614,8.75000
ADP-200010,19820216,5.70752,5.70752,5.70752,5.70752,460,8.75000
ADP-200010,19820217,5.70752,5.70752,5.70752,5.70752,920,8.75000
ADP-200010,19820218,5.78906,5.78906,5.78906,5.78906,154,8.87500
ADP-200010,19820219,5.54445,5.70752,5.54445,5.70752,6439,8.75000
ADP-200010,19820222,5.62599,5.62599,5.62599,5.62599,154,8.62500
ADP-200010,19820223,5.62599,5.62599,5.62599,5.62599,460,8.62500
ADP-200010,19820224,5.78906,5.78906,5.62599,5.62599,1993,8.62500
ADP-200010,19820226,5.62599,5.78906,5.62599,5.78906,4600,8.87500
ADP-200010,19820301,5.70752,5.87059,5.70752,5.87059,1227,9.00000
ADP-200010,19820302,5.78906,5.78906,5.78906,5.78906,767,8.87500
ADP-200010,19820303,5.70752,5.70752,5.70752,5.70752,460,8.75000
ADP-200010,19820305,5.62599,5.62599,5.62599,5.62599,767,8.62500
ADP-200010,19820309,5.62599,5.62599,5.54445,5.54445,1074,8.50000
ADP-200010,19820310,5.54445,5.54445,5.54445,5.54445,154,8.50000
ADP-200010,19820312,5.46291,5.62599,5.46291,5.62599,1227,8.62500
ADP-200010,19820315,5.54445,5.54445,5.54445,5.54445,154,8.50000
ADP-200010,19820318,5.62599,5.62599,5.62599,5.62599,1380,8.62500
ADP-200010,19820322,5.62599,5.62599,5.54445,5.54445,1840,8.50000
ADP-200010,19820323,5.62599,5.62599,5.54445,5.54445,3680,8.50000
ADP-200010,19820324,5.46291,5.46291,5.46291,5.46291,460,8.37500
ADP-200010,19820329,5.38138,5.38138,5.38138,5.38138,614,8.25000
ADP-200010,19820330,5.21831,5.21831,5.21831,5.21831,3680,8.00000
ADP-200010,19820402,5.38138,5.46291,5.38138,5.46291,460,8.37500
ADP-200010,19820406,5.38138,5.38138,5.38138,5.38138,614,8.25000
ADP-200010,19820408,5.38138,5.38138,5.38138,5.38138,1687,8.25000
ADP-200010,19820412,5.38138,5.54445,5.38138,5.54445,1074,8.50000
ADP-200010,19820413,5.62599,5.70752,5.62599,5.70752,5826,8.75000
ADP-200010,19820414,5.54445,5.54445,5.54445,5.54445,460,8.50000
ADP-200010,19820416,5.54445,5.54445,5.54445,5.54445,154,8.50000
ADP-200010,19820420,5.38138,5.38138,5.38138,5.38138,307,8.25000
ADP-200010,19820422,5.54445,5.54445,5.54445,5.54445,767,8.50000
ADP-200010,19820423,5.46291,5.46291,5.46291,5.46291,154,8.37500
ADP-200010,19820426,5.46291,5.46291,5.46291,5.46291,767,8.37500
ADP-200010,19820430,5.38138,5.38138,5.21831,5.21831,767,8.00000
ADP-200010,19820505,5.29984,5.29984,5.29984,5.29984,2453,8.12500
ADP-200010,19820507,5.29984,5.29984,5.29984,5.29984,154,8.12500
ADP-200010,19820510,5.29984,5.29984,5.29984,5.29984,614,8.12500
ADP-200010,19820511,5.21831,5.21831,5.21831,5.21831,307,8.00000
ADP-200010,19820512,5.38138,5.38138,5.29984,5.29984,1227,8.12500
ADP-200010,19820517,5.29984,5.29984,5.29984,5.29984,920,8.12500
ADP-200010,19820518,5.21831,5.21831,5.21831,5.21831,1074,8.00000
ADP-200010,19820519,5.21831,5.21831,5.21831,5.21831,6439,8.00000
ADP-200010,19820520,5.21831,5.21831,5.21831,5.21831,154,8.00000
ADP-200010,19820524,5.13677,5.21831,5.13677,5.21831,1074,8.00000
ADP-200010,19820525,5.13677,5.21831,5.13677,5.21831,1227,8.00000
ADP-200010,19820526,5.13677,5.13677,5.13677,5.13677,614,7.87500
ADP-200010,19820527,5.13677,5.13677,5.13677,5.13677,3067,7.87500
ADP-200010,19820528,5.13677,5.21831,5.13677,5.21831,5826,8.00000
ADP-200010,19820602,5.21831,5.21831,5.21831,5.21831,3986,8.00000
ADP-200010,19820603,5.38138,5.38138,5.38138,5.38138,1380,8.25000
ADP-200010,19820604,5.29984,5.29984,5.29984,5.29984,154,8.12500
ADP-200010,19820607,5.13677,5.21831,5.13677,5.21831,4600,8.00000
ADP-200010,19820608,5.13677,5.13677,5.13677,5.13677,767,7.87500
ADP-200010,19820610,5.05523,5.05523,5.05523,5.05523,3833,7.75000
ADP-200010,19820614,5.05523,5.05523,5.05523,5.05523,154,7.75000
ADP-200010,19820615,4.97370,4.97370,4.89216,4.89216,8892,7.50000
ADP-200010,19820617,4.89216,4.89216,4.89216,4.89216,460,7.50000
ADP-200010,19820618,4.89216,4.89216,4.89216,4.89216,920,7.50000
ADP-200010,19820621,4.89216,4.89216,4.89216,4.89216,3220,7.50000
ADP-200010,19820623,4.97370,4.97370,4.89216,4.89216,2453,7.50000
ADP-200010,19820625,4.89216,4.89216,4.81063,4.81063,614,7.37500
ADP-200010,19820628,4.81063,4.81063,4.81063,4.81063,307,7.37500
ADP-200010,19820629,4.89216,4.89216,4.89216,4.89216,1993,7.50000
ADP-200010,19820630,4.97370,4.97370,4.97370,4.97370,154,7.62500
ADP-200010,19820706,4.89216,4.89216,4.89216,4.89216,1840,7.50000
ADP-200010,19820708,4.81063,4.81063,4.81063,4.81063,8586,7.37500
ADP-200010,19820709,4.72909,4.72909,4.72909,4.72909,154,7.25000
ADP-200010,19820712,4.72909,4.72909,4.72909,4.72909,767,7.25000
ADP-200010,19820714,4.56602,4.56602,4.56602,4.56602,767,7.00000
ADP-200010,19820715,4.56602,4.56602,4.56602,4.56602,154,7.00000
ADP-200010,19820716,4.56602,4.56602,4.40295,4.40295,614,6.75000
ADP-200010,19820719,4.23987,4.40295,4.23987,4.40295,2453,6.75000
ADP-200010,19820720,4.40295,4.48448,4.40295,4.48448,1534,6.87500
ADP-200010,19820722,4.32141,4.32141,4.32141,4.32141,1993,6.62500
ADP-200010,19820723,4.07680,4.15834,4.07680,4.15834,3833,6.37500
ADP-200010,19820726,4.07680,4.15834,4.07680,4.15834,1687,6.37500
ADP-200010,19820727,4.07680,4.15834,4.07680,4.15834,4753,6.37500
ADP-200010,19820729,3.99527,4.15834,3.99527,4.15834,1993,6.37500
ADP-200010,19820730,4.07680,4.23987,4.07680,4.23987,460,6.50000
ADP-200010,19820802,4.15834,4.15834,4.07680,4.07680,2147,6.25000
ADP-200010,19820803,4.15834,4.15834,4.15834,4.15834,920,6.37500
ADP-200010,19820804,3.99527,4.15834,3.99527,4.15834,3833,6.37500
ADP-200010,19820805,3.99527,4.07680,3.99527,4.07680,2147,6.25000
ADP-200010,19820806,4.07680,4.15834,3.99527,4.07680,3067,6.25000
ADP-200010,19820809,3.91373,3.99527,3.83219,3.91373,3527,6.00000
ADP-200010,19820810,3.91373,4.07680,3.91373,4.07680,1074,6.25000
ADP-200010,19820813,4.07680,4.07680,4.07680,4.07680,154,6.25000
ADP-200010,19820816,3.99527,3.99527,3.99527,3.99527,460,6.12500
ADP-200010,19820817,3.99527,4.15834,3.99527,4.15834,1687,6.37500
ADP-200010,19820818,4.23987,4.23987,4.23987,4.23987,2147,6.50000
ADP-200010,19820819,4.23987,4.23987,4.23987,4.23987,1534,6.50000
ADP-200010,19820820,4.23987,4.23987,4.15834,4.15834,2453,6.37500
ADP-200010,19820823,4.32141,4.32141,4.23987,4.23987,1993,6.50000
ADP-200010,19820824,4.23987,4.23987,4.23987,4.23987,614,6.50000
ADP-200010,19820825,4.23987,4.23987,4.23987,4.23987,307,6.50000
ADP-200010,19820826,4.40295,4.40295,4.23987,4.23987,2913,6.50000
ADP-200010,19820827,4.23987,4.32141,4.15834,4.23987,1380,6.50000
ADP-200010,19820830,4.23987,4.23987,4.07680,4.07680,2147,6.25000
ADP-200010,19820831,3.91373,3.91373,3.91373,3.91373,920,6.00000
ADP-200010,19820901,4.07680,4.07680,3.99527,3.99527,1687,6.12500
ADP-200010,19820902,3.91373,3.91373,3.91373,3.91373,3527,6.00000
ADP-200010,19820903,3.91373,4.07680,3.83219,3.91373,2607,6.00000
ADP-200010,19820907,3.91373,3.91373,3.91373,3.91373,3527,6.00000
ADP-200010,19820908,3.75066,3.75066,3.75066,3.75066,5060,5.75000
ADP-200010,19820909,3.83219,3.83219,3.75066,3.75066,1687,5.75000
ADP-200010,19820910,3.75066,3.75066,3.75066,3.75066,460,5.75000
ADP-200010,19820914,3.75066,3.91373,3.75066,3.91373,5520,6.00000
ADP-200010,19820915,3.75066,3.83219,3.75066,3.83219,1534,5.87500
ADP-200010,19820916,3.91373,3.91373,3.83219,3.83219,307,5.87500
ADP-200010,19820917,3.75066,3.75066,3.75066,3.75066,307,5.75000
ADP-200010,19820920,3.75066,3.75066,3.75066,3.75066,3373,5.75000
ADP-200010,19820921,3.75066,3.75066,3.75066,3.75066,13951,5.75000
ADP-200010,19820922,3.83219,3.83219,3.83219,3.83219,920,5.87500
ADP-200010,19820923,3.91373,3.91373,3.91373,3.91373,4906,6.00000
ADP-200010,19820924,3.91373,3.91373,3.91373,3.91373,154,6.00000
ADP-200010,19820928,3.91373,3.91373,3.83219,3.83219,460,5.87500
ADP-200010,19820929,3.83219,3.83219,3.83219,3.83219,154,5.87500
ADP-200010,19820930,3.91373,3.91373,3.91373,3.91373,307,6.00000
ADP-200010,19821001,3.83219,3.91373,3.83219,3.91373,4140,6.00000
ADP-200010,19821004,4.07517,4.07517,3.90884,3.90884,1203,5.87500
ADP-200010,19821005,3.99201,3.99201,3.99201,3.99201,301,6.00000
ADP-200010,19821006,4.07517,4.07517,4.07517,4.07517,301,6.12500
ADP-200010,19821007,4.15834,4.15834,4.07517,4.07517,1654,6.12500
ADP-200010,19821008,4.07517,4.15834,3.99201,4.07517,2105,6.12500
ADP-200010,19821011,4.07517,4.07517,3.99201,3.99201,301,6.00000
ADP-200010,19821012,4.15834,4.15834,4.07517,4.07517,1203,6.12500
ADP-200010,19821013,3.99201,4.07517,3.99201,4.07517,451,6.12500
ADP-200010,19821014,4.15834,4.15834,4.15834,4.15834,902,6.25000
ADP-200010,19821015,4.15834,4.15834,4.07517,4.07517,902,6.12500
ADP-200010,19821018,4.07517,4.15834,4.07517,4.15834,1053,6.25000
ADP-200010,19821019,4.24150,4.24150,4.15834,4.15834,451,6.25000
ADP-200010,19821020,4.24150,4.24150,4.15834,4.15834,752,6.25000
ADP-200010,19821022,4.24150,4.24150,4.15834,4.15834,2856,6.25000
ADP-200010,19821025,4.07517,4.15834,4.07517,4.15834,1804,6.25000
ADP-200010,19821026,4.07517,4.07517,4.07517,4.07517,151,6.12500
ADP-200010,19821027,4.07517,4.07517,4.07517,4.07517,2856,6.12500
ADP-200010,19821028,4.07517,4.15834,4.07517,4.15834,1654,6.25000
ADP-200010,19821029,4.07517,4.07517,4.07517,4.07517,1053,6.12500
ADP-200010,19821101,4.15834,4.15834,3.99201,3.99201,3307,6.00000
ADP-200010,19821102,4.15834,4.15834,4.15834,4.15834,151,6.25000
ADP-200010,19821103,4.15834,4.32467,4.15834,4.32467,3758,6.50000
ADP-200010,19821104,4.32467,4.49101,4.32467,4.49101,1353,6.75000
ADP-200010,19821105,4.57417,4.57417,4.49101,4.49101,752,6.75000
ADP-200010,19821108,4.49101,4.65734,4.49101,4.65734,1053,7.00000
ADP-200010,19821109,4.65734,4.90684,4.65734,4.90684,2105,7.37500
ADP-200010,19821110,4.90684,4.90684,4.90684,4.90684,602,7.37500
ADP-200010,19821111,4.99000,4.99000,4.90684,4.90684,1203,7.37500
ADP-200010,19821112,4.90684,4.99000,4.90684,4.99000,1053,7.50000
ADP-200010,19821115,5.15634,5.15634,4.99000,4.99000,4209,7.50000
ADP-200010,19821116,5.15634,5.15634,5.07317,5.07317,2405,7.62500
ADP-200010,19821117,4.99000,5.07317,4.99000,5.07317,602,7.62500
ADP-200010,19821118,5.07317,5.07317,5.07317,5.07317,2255,7.62500
ADP-200010,19821119,5.23951,5.23951,5.15634,5.15634,3457,7.75000
ADP-200010,19821122,5.15634,5.15634,5.15634,5.15634,1203,7.75000
ADP-200010,19821123,5.15634,5.23951,5.15634,5.23951,3457,7.87500
ADP-200010,19821124,5.15634,5.32267,5.15634,5.32267,3307,8.00000
ADP-200010,19821126,5.32267,5.40584,5.32267,5.40584,29009,8.12500
ADP-200010,19821129,5.48900,5.48900,5.48900,5.48900,451,8.25000
ADP-200010,19821130,5.32267,5.32267,5.23951,5.23951,1504,7.87500
ADP-200010,19821202,5.32267,5.32267,5.23951,5.23951,752,7.87500
ADP-200010,19821203,5.40584,5.40584,4.90684,4.90684,6463,7.37500
ADP-200010,19821206,4.82367,4.82367,4.40784,4.40784,4810,6.62500
ADP-200010,19821207,4.32467,4.40784,4.15834,4.24150,3307,6.37500
ADP-200010,19821208,4.40784,4.40784,4.32467,4.32467,3457,6.50000
ADP-200010,19821209,4.32467,4.32467,4.15834,4.15834,1654,6.25000
ADP-200010,19821210,4.24150,4.24150,4.15834,4.15834,1203,6.25000
ADP-200010,19821213,4.07517,4.15834,3.99201,4.07517,13077,6.12500
ADP-200010,19821214,4.07517,4.07517,3.99201,3.99201,6313,6.00000
ADP-200010,19821215,3.90884,3.99201,3.90884,3.99201,4209,6.00000
ADP-200010,19821216,3.90884,3.99201,3.90884,3.99201,2405,6.00000
ADP-200010,19821217,3.99201,3.99201,3.90884,3.90884,602,5.87500
ADP-200010,19821220,3.99201,3.99201,3.90884,3.90884,451,5.87500
ADP-200010,19821221,3.90884,4.15834,3.90884,4.15834,3457,6.25000
ADP-200010,19821222,4.15834,4.24150,4.07517,4.15834,7966,6.25000
ADP-200010,19821223,4.15834,4.32467,4.15834,4.32467,1353,6.50000
ADP-200010,19821227,4.32467,4.32467,4.32467,4.32467,1804,6.50000
ADP-200010,19821228,4.32467,4.32467,4.32467,4.32467,602,6.50000
ADP-200010,19821229,4.32467,4.49101,4.32467,4.49101,451,6.75000
ADP-200010,19821230,4.65734,4.65734,4.57417,4.57417,4359,6.87500
ADP-200010,19821231,4.49101,4.65734,4.49101,4.65734,2706,7.00000
ADP-200010,19830103,4.57417,4.57417,4.40784,4.40784,1203,6.62500
ADP-200010,19830104,4.49101,4.49101,4.49101,4.49101,151,6.75000
ADP-200010,19830105,4.57417,4.57417,4.57417,4.57417,451,6.87500
ADP-200010,19830106,4.65734,4.74050,4.65734,4.74050,902,7.12500
ADP-200010,19830107,4.65734,4.74050,4.65734,4.74050,3457,7.12500
ADP-200010,19830111,4.74050,4.74050,4.65734,4.65734,4359,7.00000
ADP-200010,19830112,4.82367,4.82367,4.74050,4.74050,3457,7.12500
ADP-200010,19830113,4.90684,4.90684,4.82367,4.82367,2255,7.25000
ADP-200010,19830114,4.82367,4.82367,4.82367,4.82367,301,7.25000
ADP-200010,19830117,4.65734,4.82367,4.65734,4.82367,2556,7.25000
ADP-200010,19830118,4.74050,4.74050,4.74050,4.74050,151,7.12500
ADP-200010,19830119,4.57417,4.57417,4.57417,4.57417,2255,6.87500
ADP-200010,19830120,4.65734,4.74050,4.65734,4.74050,1203,7.12500
ADP-200010,19830124,4.57417,4.57417,4.40784,4.40784,2105,6.62500
ADP-200010,19830125,4.40784,4.40784,4.32467,4.32467,2706,6.50000
ADP-200010,19830126,4.49101,4.49101,4.40784,4.40784,3007,6.62500
ADP-200010,19830127,4.24150,4.32467,4.24150,4.32467,3758,6.50000
ADP-200010,19830128,4.40784,4.40784,4.24150,4.24150,2105,6.37500
ADP-200010,19830131,4.24150,4.32467,4.24150,4.32467,1053,6.50000
ADP-200010,19830201,4.40784,4.40784,4.32467,4.32467,1954,6.50000
ADP-200010,19830202,4.40784,4.57417,4.40784,4.57417,3157,6.87500
ADP-200010,19830203,4.49101,4.49101,4.49101,4.49101,1504,6.75000
ADP-200010,19830204,4.40784,4.40784,4.40784,4.40784,602,6.62500
ADP-200010,19830207,4.40784,4.40784,4.40784,4.40784,1203,6.62500
ADP-200010,19830209,4.49101,4.49101,4.49101,4.49101,451,6.75000
ADP-200010,19830210,4.49101,4.49101,4.49101,4.49101,902,6.75000
ADP-200010,19830214,4.57417,4.65734,4.57417,4.65734,3007,7.00000
ADP-200010,19830215,4.74050,4.74050,4.65734,4.65734,1203,7.00000
ADP-200010,19830216,4.65734,4.74050,4.65734,4.74050,4209,7.12500
ADP-200010,19830217,4.82367,4.82367,4.74050,4.74050,4660,7.12500
ADP-200010,19830218,4.82367,4.82367,4.82367,4.82367,1504,7.25000
ADP-200010,19830222,4.82367,4.82367,4.74050,4.74050,3758,7.12500
ADP-200010,19830223,4.65734,4.74050,4.65734,4.74050,2405,7.12500
ADP-200010,19830224,4.65734,4.65734,4.49101,4.49101,3457,6.75000
ADP-200010,19830225,4.57417,4.57417,4.40784,4.40784,2706,6.62500
ADP-200010,19830228,4.49101,4.57417,4.49101,4.57417,3157,6.87500
ADP-200010,19830301,4.40784,4.57417,4.40784,4.57417,7666,6.87500
ADP-200010,19830302,4.40784,4.49101,4.40784,4.49101,15481,6.75000
ADP-200010,19830303,4.57417,4.57417,4.49101,4.49101,15331,6.75000
ADP-200010,19830304,4.49101,4.65734,4.49101,4.65734,7365,7.00000
ADP-200010,19830307,4.65734,4.65734,4.49101,4.49101,4359,6.75000
ADP-200010,19830308,4.49101,4.57417,4.49101,4.57417,1504,6.87500
ADP-200010,19830309,4.49101,4.49101,4.49101,4.49101,752,6.75000
ADP-200010,19830310,4.57417,4.57417,4.57417,4.57417,1504,6.87500
ADP-200010,19830311,4.40784,4.49101,4.40784,4.49101,1954,6.75000
ADP-200010,19830314,4.32467,4.49101,4.32467,4.49101,5712,6.75000
ADP-200010,19830315,4.57417,4.57417,4.40784,4.40784,11574,6.62500
ADP-200010,19830317,4.49101,4.49101,4.49101,4.49101,3157,6.75000
ADP-200010,19830318,4.49101,4.57417,4.49101,4.57417,1804,6.87500
ADP-200010,19830321,4.40784,4.57417,4.40784,4.57417,3307,6.87500
ADP-200010,19830322,4.49101,4.57417,4.49101,4.57417,1053,6.87500
ADP-200010,19830323,4.49101,4.57417,4.40784,4.49101,5562,6.75000
ADP-200010,19830324,4.49101,4.65734,4.49101,4.65734,9019,7.00000
ADP-200010,19830325,4.74050,4.74050,4.65734,4.65734,2856,7.00000
ADP-200010,19830328,4.65734,4.65734,4.49101,4.49101,15782,6.75000
ADP-200010,19830329,4.49101,4.49101,4.32467,4.32467,3908,6.50000
ADP-200010,19830330,4.49101,4.49101,4.49101,4.49101,1804,6.75000
ADP-200010,19830331,4.49101,4.57417,4.49101,4.57417,1804,6.87500
ADP-200010,19830404,4.40784,4.49101,4.32467,4.40784,5862,6.62500
ADP-200010,19830407,4.49101,4.49101,4.32467,4.32467,15181,6.50000
ADP-200010,19830408,4.32467,4.32467,4.32467,4.32467,151,6.50000
ADP-200010,19830411,4.40784,4.40784,4.32467,4.32467,2706,6.50000
ADP-200010,19830412,4.32467,4.40784,4.32467,4.40784,2105,6.62500
ADP-200010,19830413,4.24150,4.40784,4.24150,4.40784,902,6.62500
ADP-200010,19830414,4.40784,4.49101,4.40784,4.49101,3608,6.75000
ADP-200010,19830415,4.32467,4.49101,4.32467,4.49101,1654,6.75000
ADP-200010,19830418,4.40784,4.40784,4.40784,4.40784,1954,6.62500
ADP-200010,19830419,4.40784,4.49101,4.40784,4.49101,752,6.75000
ADP-200010,19830420,4.49101,4.49101,4.49101,4.49101,1504,6.75000
ADP-200010,19830421,4.57417,4.57417,4.57417,4.57417,3758,6.87500
ADP-200010,19830422,4.65734,4.65734,4.65734,4.65734,3307,7.00000
ADP-200010,19830425,4.57417,4.65734,4.57417,4.65734,2405,7.00000
ADP-200010,19830426,4.57417,4.57417,4.57417,4.57417,2255,6.87500
ADP-200010,19830427,4.57417,4.65734,4.57417,4.65734,2556,7.00000
ADP-200010,19830428,4.57417,4.57417,4.57417,4.57417,902,6.87500
ADP-200010,19830429,4.65734,4.65734,4.57417,4.57417,1954,6.87500
ADP-200010,19830502,4.49101,4.57417,4.49101,4.57417,6013,6.87500
ADP-200010,19830503,4.57417,4.57417,4.57417,4.57417,752,6.87500
ADP-200010,19830504,4.65734,4.65734,4.57417,4.57417,1804,6.87500
ADP-200010,19830505,4.65734,4.65734,4.57417,4.57417,1504,6.87500
ADP-200010,19830506,4.57417,4.65734,4.57417,4.65734,1053,7.00000
ADP-200010,19830509,4.65734,4.82367,4.65734,4.82367,4510,7.25000
ADP-200010,19830510,4.99000,5.07317,4.82367,4.99000,14730,7.50000
ADP-200010,19830511,5.07317,5.07317,4.90684,4.90684,4960,7.37500
ADP-200010,19830512,4.82367,4.99000,4.82367,4.99000,1504,7.50000
ADP-200010,19830513,5.07317,5.07317,4.99000,4.99000,4960,7.50000
ADP-200010,19830516,5.07317,5.07317,4.82367,4.82367,8117,7.25000
ADP-200010,19830517,4.82367,4.90684,4.82367,4.90684,6163,7.37500
ADP-200010,19830518,4.90684,5.07317,4.90684,5.07317,6463,7.62500
ADP-200010,19830519,5.15634,5.32267,5.15634,5.32267,11123,8.00000
ADP-200010,19830520,5.40584,5.40584,5.23951,5.23951,2856,7.87500
ADP-200010,19830523,5.15634,5.15634,5.07317,5.07317,2105,7.62500
ADP-200010,19830524,5.32267,5.48900,5.23951,5.40584,6914,8.12500
ADP-200010,19830525,5.32267,5.48900,5.32267,5.48900,3307,8.25000
ADP-200010,19830526,5.65534,5.73851,5.57217,5.65534,15031,8.50000
ADP-200010,19830527,5.65534,5.65534,5.65534,5.65534,602,8.50000
ADP-200010,19830531,5.65534,5.65534,5.57217,5.57217,2556,8.37500
ADP-200010,19830601,5.40584,5.40584,5.40584,5.40584,2105,8.12500
ADP-200010,19830602,5.40584,5.40584,5.32267,5.32267,1654,8.00000
ADP-200010,19830603,5.40584,5.40584,5.32267,5.32267,1504,8.00000
ADP-200010,19830606,5.48900,5.73851,5.48900,5.73851,3157,8.62500
ADP-200010,19830607,5.65534,5.73851,5.57217,5.65534,4359,8.50000
ADP-200010,19830608,5.57217,5.73851,5.57217,5.73851,1654,8.62500
ADP-200010,19830609,5.73851,5.82167,5.65534,5.73851,3608,8.62500
ADP-200010,19830610,5.82167,5.98800,5.73851,5.82167,8568,8.75000
ADP-200010,19830613,5.98800,5.98800,5.90484,5.90484,752,8.87500
ADP-200010,19830614,6.07117,6.07117,5.90484,5.90484,6313,8.87500
ADP-200010,19830615,5.90484,5.90484,5.82167,5.82167,5562,8.75000
ADP-200010,19830616,5.57217,5.65534,5.48900,5.57217,5712,8.37500
ADP-200010,19830617,5.57217,5.57217,5.57217,5.57217,2255,8.37500
ADP-200010,19830620,5.57217,5.57217,5.57217,5.57217,4209,8.37500
ADP-200010,19830621,5.40584,5.57217,5.40584,5.57217,4810,8.37500
ADP-200010,19830622,5.48900,5.73851,5.48900,5.73851,2255,8.62500
ADP-200010,19830623,5.57217,5.57217,5.57217,5.57217,1053,8.37500
ADP-200010,19830624,5.57217,5.57217,5.57217,5.57217,2556,8.37500
ADP-200010,19830628,5.65534,5.65534,5.48900,5.48900,3608,8.25000
ADP-200010,19830629,5.48900,5.57217,5.48900,5.57217,1353,8.37500
ADP-200010,19830630,5.57217,5.57217,5.57217,5.57217,602,8.37500
ADP-200010,19830701,5.57217,5.65534,5.57217,5.65534,1804,8.50000
ADP-200010,19830705,5.57217,5.73851,5.57217,5.73851,1804,8.62500
ADP-200010,19830706,5.73851,5.98800,5.73851,5.98800,10071,9.00000
ADP-200010,19830707,5.90484,5.98800,5.82167,5.90484,4059,8.87500
ADP-200010,19830708,5.90484,5.90484,5.82167,5.82167,602,8.75000
ADP-200010,19830711,5.65534,5.73851,5.65534,5.73851,1353,8.62500
ADP-200010,19830712,5.73851,5.73851,5.57217,5.57217,2405,8.37500
ADP-200010,19830713,5.65534,5.73851,5.48900,5.57217,2556,8.37500
ADP-200010,19830714,5.40584,5.48900,5.40584,5.48900,2255,8.25000
ADP-200010,19830718,5.40584,5.40584,5.23951,5.23951,3908,7.87500
ADP-200010,19830719,5.23951,5.23951,5.23951,5.23951,752,7.87500
ADP-200010,19830720,5.32267,5.32267,5.23951,5.23951,1954,7.87500
ADP-200010,19830721,5.15634,5.32267,5.15634,5.32267,1954,8.00000
ADP-200010,19830722,5.23951,5.40584,5.23951,5.40584,4209,8.12500
ADP-200010,19830725,5.40584,5.40584,5.40584,5.40584,1504,8.12500
ADP-200010,19830726,5.48900,5.48900,5.40584,5.40584,2105,8.12500
ADP-200010,19830727,5.40584,5.40584,5.32267,5.32267,4359,8.00000
ADP-200010,19830728,5.23951,5.32267,5.23951,5.32267,1504,8.00000
ADP-200010,19830729,5.23951,5.23951,5.23951,5.23951,301,7.87500
ADP-200010,19830801,5.15634,5.23951,5.07317,5.15634,2105,7.75000
ADP-200010,19830802,5.15634,5.15634,5.15634,5.15634,1954,7.75000
ADP-200010,19830803,5.15634,5.15634,5.07317,5.07317,3007,7.62500
ADP-200010,19830804,5.07317,5.07317,5.07317,5.07317,451,7.62500
ADP-200010,19830805,5.07317,5.07317,4.99000,4.99000,3157,7.50000
ADP-200010,19830808,4.99000,4.99000,4.90684,4.90684,902,7.37500
ADP-200010,19830809,4.90684,4.90684,4.82367,4.82367,3307,7.25000
ADP-200010,19830810,4.82367,4.82367,4.82367,4.82367,451,7.25000
ADP-200010,19830811,4.90684,4.90684,4.82367,4.82367,2706,7.25000
ADP-200010,19830812,4.82367,4.82367,4.82367,4.82367,2556,7.25000
ADP-200010,19830815,4.82367,4.90684,4.82367,4.90684,2105,7.37500
ADP-200010,19830816,4.82367,4.90684,4.82367,4.90684,2255,7.37500
ADP-200010,19830817,4.82367,4.82367,4.82367,4.82367,1353,7.25000
ADP-200010,19830818,4.82367,4.82367,4.82367,4.82367,1053,7.25000
ADP-200010,19830819,4.82367,4.82367,4.82367,4.82367,1654,7.25000
ADP-200010,19830822,4.82367,4.90684,4.74050,4.82367,2856,7.25000
ADP-200010,19830823,4.74050,4.74050,4.74050,4.74050,602,7.12500
ADP-200010,19830824,4.74050,4.90684,4.74050,4.90684,5712,7.37500
ADP-200010,19830825,4.74050,4.74050,4.74050,4.74050,902,7.12500
ADP-200010,19830829,4.74050,4.74050,4.74050,4.74050,151,7.12500
ADP-200010,19830830,4.82367,4.82367,4.82367,4.82367,3307,7.25000
ADP-200010,19830831,4.74050,4.82367,4.74050,4.82367,9469,7.25000
ADP-200010,19830901,4.90684,4.90684,4.82367,4.82367,9319,7.25000
ADP-200010,19830902,4.90684,4.99000,4.82367,4.90684,2405,7.37500
ADP-200010,19830906,5.15634,5.15634,5.07317,5.07317,2706,7.62500
ADP-200010,19830907,5.15634,5.15634,5.07317,5.07317,1353,7.62500
ADP-200010,19830908,5.07317,5.07317,5.07317,5.07317,4810,7.62500
ADP-200010,19830909,5.15634,5.15634,5.07317,5.07317,1504,7.62500
ADP-200010,19830912,4.99000,5.07317,4.99000,5.07317,2105,7.62500
ADP-200010,19830913,4.99000,4.99000,4.99000,4.99000,1053,7.50000
ADP-200010,19830914,5.07317,5.07317,5.07317,5.07317,151,7.62500
ADP-200010,19830915,5.07317,5.07317,4.99000,4.99000,5862,7.50000
ADP-200010,19830916,4.99000,4.99000,4.90684,4.90684,1654,7.37500
ADP-200010,19830919,4.90684,4.90684,4.82367,4.82367,7215,7.25000
ADP-200010,19830920,4.90684,4.90684,4.74050,4.74050,2856,7.12500
ADP-200010,19830921,4.74050,4.82367,4.65734,4.74050,5712,7.12500
ADP-200010,19830922,4.74050,4.82367,4.74050,4.82367,5111,7.25000
ADP-200010,19830923,4.90684,4.99000,4.90684,4.99000,15632,7.50000
ADP-200010,19830926,4.82367,4.99000,4.82367,4.99000,9169,7.50000
ADP-200010,19830927,4.90684,4.99000,4.82367,4.90684,11724,7.37500
ADP-200010,19830928,4.82367,4.90684,4.82367,4.90684,602,7.37500
ADP-200010,19830929,5.07317,5.15634,4.99000,5.07317,10071,7.62500
ADP-200010,19830930,4.90684,5.07317,4.90684,5.07317,3007,7.62500
ADP-200010,19831003,5.07317,5.32267,5.07317,5.32267,10071,8.00000
ADP-200010,19831004,5.32267,5.32267,5.15634,5.15634,3457,7.75000
ADP-200010,19831005,5.15634,5.15634,5.15634,5.15634,1654,7.75000
ADP-200010,19831006,5.07317,5.07317,5.07317,5.07317,1804,7.62500
ADP-200010,19831007,5.23951,5.23951,5.15634,5.15634,2706,7.75000
ADP-200010,19831010,5.15634,5.15634,5.15634,5.15634,151,7.75000
ADP-200010,19831011,5.23951,5.32267,5.15634,5.23951,5261,7.87500
ADP-200010,19831012,5.32267,5.32267,5.23951,5.23951,3307,7.87500
ADP-200010,19831013,5.32267,5.32267,5.32267,5.32267,151,8.00000
ADP-200010,19831014,5.15634,5.15634,5.07317,5.07317,3908,7.62500
ADP-200010,19831017,4.99000,4.99000,4.82367,4.82367,4810,7.25000
ADP-200010,19831018,4.82367,4.99000,4.82367,4.99000,6013,7.50000
ADP-200010,19831019,4.90684,4.90684,4.90684,4.90684,1804,7.37500
ADP-200010,19831020,4.90684,4.99000,4.90684,4.99000,752,7.50000
ADP-200010,19831021,4.82367,4.90684,4.82367,4.90684,4960,7.37500
ADP-200010,19831024,4.82367,4.90684,4.82367,4.90684,5261,7.37500
ADP-200010,19831025,4.99000,5.07317,4.99000,5.07317,2706,7.62500
ADP-200010,19831026,5.15634,5.15634,4.99000,4.99000,451,7.50000
ADP-200010,19831027,5.07317,5.07317,4.99000,4.99000,602,7.50000
ADP-200010,19831028,5.07317,5.07317,4.99000,4.99000,902,7.50000
ADP-200010,19831031,4.90684,4.90684,4.82367,4.82367,1954,7.25000
ADP-200010,19831101,4.82367,4.82367,4.82367,4.82367,451,7.25000
ADP-200010,19831102,4.99000,4.99000,4.90684,4.90684,1654,7.37500
ADP-200010,19831104,4.82367,4.82367,4.82367,4.82367,3457,7.25000
ADP-200010,19831107,4.82367,4.90684,4.82367,4.90684,2105,7.37500
ADP-200010,19831108,4.99000,4.99000,4.82367,4.82367,1654,7.25000
ADP-200010,19831109,4.82367,4.82367,4.82367,4.82367,1203,7.25000
ADP-200010,19831110,4.82367,4.82367,4.74050,4.74050,4510,7.12500
ADP-200010,19831111,4.74050,4.74050,4.74050,4.74050,301,7.12500
ADP-200010,19831114,4.82367,4.82367,4.74050,4.74050,602,7.12500
ADP-200010,19831115,4.74050,4.82367,4.74050,4.82367,1954,7.25000
ADP-200010,19831116,4.74050,4.82367,4.65734,4.74050,3157,7.12500
ADP-200010,19831118,4.82367,4.82367,4.82367,4.82367,2105,7.25000
ADP-200010,19831121,4.65734,4.65734,4.65734,4.65734,3758,7.00000
ADP-200010,19831122,4.74050,4.82367,4.74050,4.82367,3157,7.25000
ADP-200010,19831123,4.90684,4.90684,4.82367,4.82367,451,7.25000
ADP-200010,19831125,4.90684,4.90684,4.82367,4.82367,752,7.25000
ADP-200010,19831128,4.99000,4.99000,4.90684,4.90684,752,7.37500
ADP-200010,19831129,4.82367,4.82367,4.82367,4.82367,1504,7.25000
ADP-200010,19831130,4.99000,4.99000,4.99000,4.99000,1654,7.50000
ADP-200010,19831201,5.07317,5.40584,5.07317,5.40584,8117,8.12500
ADP-200010,19831202,5.48900,5.48900,5.32267,5.32267,9469,8.00000
ADP-200010,19831205,5.48900,5.48900,5.23951,5.23951,4960,7.87500
ADP-200010,19831206,5.23951,5.32267,5.15634,5.23951,2856,7.87500
ADP-200010,19831207,5.23951,5.32267,5.23951,5.32267,3307,8.00000
ADP-200010,19831208,5.23951,5.32267,5.23951,5.32267,602,8.00000
ADP-200010,19831209,5.23951,5.23951,5.23951,5.23951,1654,7.87500
ADP-200010,19831212,5.32267,5.32267,5.23951,5.23951,4960,7.87500
ADP-200010,19831213,5.40584,5.40584,5.32267,5.32267,2556,8.00000
ADP-200010,19831214,5.23951,5.23951,5.23951,5.23951,2405,7.87500
ADP-200010,19831215,5.15634,5.48900,5.15634,5.48900,3908,8.25000
ADP-200010,19831216,5.48900,6.07117,5.48900,6.07117,24650,9.12500
ADP-200010,19831219,6.15434,6.23751,5.98800,6.15434,13828,9.25000
ADP-200010,19831220,6.07117,6.07117,5.98800,5.98800,6313,9.00000
ADP-200010,19831221,5.98800,6.07117,5.98800,6.07117,4660,9.12500
ADP-200010,19831222,5.98800,5.98800,5.90484,5.90484,5712,8.87500
ADP-200010,19831223,5.82167,5.82167,5.82167,5.82167,1203,8.75000
ADP-200010,19831227,5.90484,5.90484,5.82167,5.82167,1804,8.75000
ADP-200010,19831228,5.98800,6.07117,5.82167,5.90484,6614,8.87500
ADP-200010,19831229,5.90484,5.98800,5.82167,5.90484,2255,8.87500
ADP-200010,19831230,5.98800,5.98800,5.82167,5.82167,2856,8.75000
ADP-200010,19840103,5.90484,5.98800,5.82167,5.90484,2405,8.87500
ADP-200010,19840104,6.15434,6.48700,5.90484,6.32067,19089,9.50000
ADP-200010,19840105,6.81967,7.15234,6.57017,6.98601,38628,10.50000
ADP-200010,19840106,6.81967,6.98601,6.73650,6.90284,13528,10.37500
ADP-200010,19840109,7.15234,7.48501,6.90284,7.31867,37576,11.00000
ADP-200010,19840110,8.06717,8.64934,7.48501,8.39984,55161,12.62500
ADP-200010,19840111,7.81767,8.23350,7.31867,7.65134,29009,11.50000
ADP-200010,19840112,7.31867,7.73450,6.98601,7.65134,38327,11.50000
ADP-200010,19840113,7.81767,7.81767,7.56817,7.56817,27956,11.37500
ADP-200010,19840116,7.56817,7.56817,7.48501,7.48501,6013,11.25000
ADP-200010,19840117,7.15234,7.31867,7.15234,7.31867,10522,11.00000
ADP-200010,19840118,7.48501,7.48501,7.31867,7.31867,18337,11.00000
ADP-200010,19840119,7.23550,7.65134,7.23550,7.65134,41784,11.50000
ADP-200010,19840120,7.40184,7.65134,7.40184,7.65134,24950,11.50000
ADP-200010,19840123,7.98401,8.15034,7.73450,8.06717,13678,12.12500
ADP-200010,19840124,7.98401,8.15034,7.90084,7.98401,12776,12.00000
ADP-200010,19840125,7.98401,8.31667,7.98401,8.31667,8117,12.50000
ADP-200010,19840126,8.15034,8.23350,8.06717,8.15034,9770,12.25000
ADP-200010,19840127,8.23350,8.23350,8.06717,8.06717,14730,12.12500
ADP-200010,19840130,8.15034,8.31667,7.98401,8.06717,14580,12.12500
ADP-200010,19840131,8.15034,8.15034,7.98401,7.98401,301,12.00000
ADP-200010,19840201,8.15034,8.15034,7.98401,7.98401,6614,12.00000
ADP-200010,19840202,8.06717,8.15034,7.98401,8.06717,1804,12.12500
ADP-200010,19840203,7.98401,7.98401,7.81767,7.81767,5261,11.75000
ADP-200010,19840206,7.90084,7.90084,7.65134,7.65134,29610,11.50000
ADP-200010,19840207,7.65134,7.65134,7.56817,7.56817,5411,11.37500
ADP-200010,19840208,7.56817,7.56817,7.48501,7.48501,7966,11.25000
ADP-200010,19840209,7.40184,7.56817,7.40184,7.56817,1504,11.37500
ADP-200010,19840210,7.56817,7.56817,7.56817,7.56817,1053,11.37500
ADP-200010,19840213,7.40184,7.48501,7.40184,7.48501,5261,11.25000
ADP-200010,19840214,7.40184,7.40184,7.31867,7.31867,2556,11.00000
ADP-200010,19840215,7.48501,7.48501,7.31867,7.31867,2706,11.00000
ADP-200010,19840216,7.31867,7.31867,7.31867,7.31867,1353,11.00000
ADP-200010,19840221,7.23550,7.31867,7.23550,7.31867,5862,11.00000
ADP-200010,19840222,7.23550,7.23550,7.15234,7.15234,4960,10.75000
ADP-200010,19840223,7.15234,7.15234,6.81967,6.81967,4059,10.25000
ADP-200010,19840224,6.98601,7.31867,6.98601,7.31867,5111,11.00000
ADP-200010,19840227,7.31867,7.31867,7.31867,7.31867,6463,11.00000
ADP-200010,19840228,7.65134,7.65134,7.40184,7.40184,6764,11.12500
ADP-200010,19840229,7.23550,7.31867,7.23550,7.31867,9920,11.00000
ADP-200010,19840301,7.40184,7.40184,7.23550,7.23550,3608,10.87500
ADP-200010,19840302,7.31867,7.31867,7.31867,7.31867,3007,11.00000
ADP-200010,19840305,7.40184,7.40184,7.31867,7.31867,10371,11.00000
ADP-200010,19840306,7.40184,7.40184,7.31867,7.31867,13077,11.00000
ADP-200010,19840307,7.31867,7.31867,7.31867,7.31867,902,11.00000
ADP-200010,19840308,7.23550,7.31867,7.23550,7.31867,4059,11.00000
ADP-200010,19840309,7.23550,7.31867,7.23550,7.31867,902,11.00000
ADP-200010,19840312,7.15234,7.48501,7.15234,7.48501,9019,11.25000
ADP-200010,19840313,7.65134,7.81767,7.56817,7.65134,10822,11.50000
ADP-200010,19840314,7.65134,7.65134,7.65134,7.65134,1804,11.50000
ADP-200010,19840315,7.56817,7.73450,7.56817,7.73450,4660,11.62500
ADP-200010,19840316,7.90084,7.90084,7.73450,7.73450,1504,11.62500
ADP-200010,19840319,7.81767,7.81767,7.73450,7.73450,2556,11.62500
ADP-200010,19840320,7.65134,7.81767,7.65134,7.81767,4810,11.75000
ADP-200010,19840321,7.73450,7.73450,7.73450,7.73450,752,11.62500
ADP-200010,19840322,7.90084,7.90084,7.81767,7.81767,49449,11.75000
ADP-200010,19840323,7.90084,7.90084,7.81767,7.81767,1954,11.75000
ADP-200010,19840326,7.98401,8.06717,7.90084,7.98401,6614,12.00000
ADP-200010,19840327,8.06717,8.48300,8.06717,8.48300,10071,12.75000
ADP-200010,19840328,8.64934,9.64734,8.64934,9.64734,16834,14.50000
ADP-200010,19840329,9.23150,9.56417,9.23150,9.56417,19389,14.37500
ADP-200010,19840330,9.64734,9.64734,9.23150,9.23150,16534,13.87500
ADP-200010,19840402,9.23150,9.31467,9.23150,9.31467,4810,14.00000
ADP-200010,19840403,9.06517,9.23150,9.06517,9.23150,6313,13.87500
ADP-200010,19840404,9.14834,9.14834,9.14834,9.14834,2556,13.75000
ADP-200010,19840405,9.14834,9.14834,8.64934,8.64934,29309,13.00000
ADP-200010,19840406,8.56617,8.56617,8.39984,8.39984,1353,12.62500
ADP-200010,19840409,8.31667,8.31667,7.90084,7.90084,4510,11.87500
ADP-200010,19840410,7.81767,7.98401,7.81767,7.98401,2405,12.00000
ADP-200010,19840411,8.15034,8.15034,7.81767,7.81767,4359,11.75000
ADP-200010,19840412,7.73450,7.98401,7.73450,7.98401,4960,12.00000
ADP-200010,19840413,8.23350,8.23350,7.98401,7.98401,2105,12.00000
ADP-200010,19840416,8.15034,8.23350,8.15034,8.23350,301,12.37500
ADP-200010,19840417,8.31667,8.31667,8.23350,8.23350,902,12.37500
ADP-200010,19840419,8.31667,8.31667,8.15034,8.15034,3608,12.25000
ADP-200010,19840424,8.23350,8.31667,8.15034,8.23350,5261,12.37500
ADP-200010,19840425,8.31667,8.31667,8.15034,8.15034,4660,12.25000
ADP-200010,19840426,8.23350,8.23350,8.23350,8.23350,752,12.37500
ADP-200010,19840427,8.23350,8.23350,8.15034,8.15034,1504,12.25000
ADP-200010,19840430,8.06717,8.15034,7.98401,8.06717,4209,12.12500
ADP-200010,19840501,8.06717,8.23350,8.06717,8.23350,3908,12.37500
ADP-200010,19840502,8.48300,8.64934,8.23350,8.39984,10522,12.62500
ADP-200010,19840504,8.39984,8.48300,8.31667,8.39984,3758,12.62500
ADP-200010,19840507,8.31667,8.48300,8.31667,8.48300,2405,12.75000
ADP-200010,19840508,9.14834,9.73051,8.48300,9.31467,17285,14.00000
ADP-200010,19840509,9.31467,9.48100,9.23150,9.31467,4660,14.00000
ADP-200010,19840510,9.23150,9.48100,9.23150,9.48100,11273,14.25000
ADP-200010,19840511,9.56417,9.56417,9.14834,9.14834,22395,13.75000
ADP-200010,19840514,9.23150,9.23150,9.06517,9.06517,11724,13.62500
ADP-200010,19840515,9.06517,9.14834,8.98201,9.06517,6614,13.62500
ADP-200010,19840516,9.14834,9.31467,9.06517,9.23150,7365,13.87500
ADP-200010,19840517,9.31467,9.31467,9.23150,9.23150,2255,13.87500
ADP-200010,19840518,9.14834,9.14834,8.81567,8.81567,9920,13.25000
ADP-200010,19840521,8.98201,8.98201,8.81567,8.81567,752,13.25000
ADP-200010,19840522,8.73251,8.73251,8.56617,8.56617,5712,12.87500
ADP-200010,19840523,8.48300,8.64934,8.48300,8.64934,2405,13.00000
ADP-200010,19840524,8.48300,8.56617,8.48300,8.56617,6013,12.87500
ADP-200010,19840525,8.48300,8.73251,8.31667,8.64934,29009,13.00000
ADP-200010,19840529,8.81567,8.98201,8.73251,8.89884,1654,13.37500
ADP-200010,19840530,8.81567,9.06517,8.81567,9.06517,27355,13.62500
ADP-200010,19840531,8.98201,9.06517,8.98201,9.06517,301,13.62500
ADP-200010,19840601,9.06517,9.31467,9.06517,9.31467,1654,14.00000
ADP-200010,19840604,9.31467,9.64734,9.31467,9.64734,5862,14.50000
ADP-200010,19840605,9.81367,10.14634,9.56417,10.06317,37425,15.12500
ADP-200010,19840606,10.14634,10.31267,9.98000,10.22950,10371,15.37500
ADP-200010,19840607,10.47901,10.47901,10.22950,10.22950,6764,15.37500
ADP-200010,19840608,10.31267,10.31267,9.98000,9.98000,3307,15.00000
ADP-200010,19840611,9.89684,9.89684,9.56417,9.56417,36674,14.37500
ADP-200010,19840612,9.64734,9.89684,9.64734,9.89684,18638,14.87500
ADP-200010,19840613,9.98000,10.31267,9.98000,10.31267,10221,15.50000
ADP-200010,19840614,10.31267,10.39584,10.22950,10.31267,1804,15.50000
ADP-200010,19840615,10.22950,10.31267,10.22950,10.31267,5411,15.50000
ADP-200010,19840618,10.22950,10.81167,10.22950,10.81167,6914,16.25000
ADP-200010,19840619,11.31067,11.64334,10.89484,11.39384,27055,17.12500
ADP-200010,19840620,11.06117,11.56017,11.06117,11.56017,22095,17.37500
ADP-200010,19840621,11.56017,11.56017,11.22750,11.22750,8868,16.87500
ADP-200010,19840622,11.31067,11.31067,11.06117,11.06117,5111,16.62500
ADP-200010,19840625,10.97800,11.22750,10.97800,11.22750,5562,16.87500
ADP-200010,19840626,11.22750,11.22750,11.14434,11.14434,4660,16.75000
ADP-200010,19840627,11.14434,11.14434,10.89484,10.89484,1954,16.37500
ADP-200010,19840628,10.81167,10.89484,10.72851,10.81167,4960,16.25000
ADP-200010,19840629,10.97800,10.97800,10.72851,10.72851,4810,16.12500
ADP-200010,19840702,10.56217,10.81167,10.31267,10.47901,21944,15.75000
ADP-200010,19840703,10.81167,10.81167,10.64534,10.64534,8267,16.00000
ADP-200010,19840705,10.72851,10.81167,10.72851,10.81167,3307,16.25000
ADP-200010,19840706,10.81167,10.89484,10.72851,10.81167,1203,16.25000
ADP-200010,19840709,10.81167,10.81167,10.72851,10.72851,4059,16.12500
ADP-200010,19840710,10.64534,10.64534,10.64534,10.64534,2706,16.00000
ADP-200010,19840711,10.64534,10.64534,10.56217,10.56217,1053,15.87500
ADP-200010,19840712,10.47901,10.56217,10.47901,10.56217,1203,15.87500
ADP-200010,19840713,10.39584,10.47901,10.31267,10.39584,4660,15.62500
ADP-200010,19840716,10.47901,10.56217,10.31267,10.47901,5862,15.75000
ADP-200010,19840717,10.64534,10.81167,10.56217,10.64534,4960,16.00000
ADP-200010,19840718,10.81167,10.81167,10.64534,10.64534,5712,16.00000
ADP-200010,19840719,10.56217,10.72851,10.56217,10.72851,3157,16.12500
ADP-200010,19840720,10.89484,10.97800,10.81167,10.89484,5562,16.37500
ADP-200010,19840723,10.72851,10.72851,10.64534,10.64534,3157,16.00000
ADP-200010,19840724,10.47901,10.56217,10.39584,10.47901,3758,15.75000
ADP-200010,19840725,10.64534,10.81167,10.56217,10.72851,5261,16.12500
ADP-200010,19840726,11.06117,11.22750,10.89484,11.14434,5411,16.75000
ADP-200010,19840727,11.31067,11.39384,11.14434,11.31067,9620,17.00000
ADP-200010,19840730,11.14434,11.14434,10.89484,10.89484,3908,16.37500
ADP-200010,19840731,10.89484,10.89484,10.47901,10.47901,4059,15.75000
ADP-200010,19840801,10.14634,10.31267,10.14634,10.31267,7365,15.50000
ADP-200010,19840802,10.31267,10.39584,10.22950,10.31267,9469,15.50000
ADP-200010,19840803,10.39584,10.81167,10.39584,10.81167,12325,16.25000
ADP-200010,19840806,10.89484,11.06117,10.72851,10.89484,8718,16.37500
ADP-200010,19840807,11.39384,11.64334,11.14434,11.39384,44189,17.12500
ADP-200010,19840808,11.80967,12.14234,11.39384,11.97600,32465,18.00000
ADP-200010,19840809,11.97600,12.22551,11.97600,12.22551,18638,18.37500
ADP-200010,19840810,12.64134,12.97400,12.30867,12.72450,61323,19.12500
ADP-200010,19840813,12.80767,12.80767,12.30867,12.30867,24049,18.50000
ADP-200010,19840814,12.14234,12.39184,12.14234,12.39184,22395,18.62500
ADP-200010,19840815,12.64134,12.80767,12.39184,12.64134,13528,19.00000
ADP-200010,19840816,12.55817,12.89084,12.55817,12.89084,10672,19.37500
ADP-200010,19840817,12.72450,12.89084,12.72450,12.89084,17285,19.37500
ADP-200010,19840820,12.89084,12.89084,12.80767,12.80767,18037,19.25000
ADP-200010,19840821,12.97400,13.22351,12.72450,13.14034,51704,19.75000
ADP-200010,19840822,13.22351,13.47300,13.22351,13.47300,25251,20.25000
ADP-200010,19840823,14.30467,14.80367,13.80567,14.30467,32015,21.50000
ADP-200010,19840824,14.38784,14.55417,14.38784,14.55417,10071,21.87500
ADP-200010,19840827,14.30467,14.47100,14.13834,14.22151,31413,21.37500
ADP-200010,19840828,14.30467,14.47100,14.30467,14.47100,16383,21.75000
ADP-200010,19840829,14.80367,14.80367,14.47100,14.47100,13377,21.75000
ADP-200010,19840830,14.63734,14.63734,14.55417,14.55417,12325,21.87500
ADP-200010,19840831,15.05317,15.55217,14.55417,15.46900,29159,23.25000
ADP-200010,19840904,15.46900,15.63534,15.30267,15.38584,43137,23.12500
ADP-200010,19840905,15.30267,15.30267,15.05317,15.05317,26754,22.62500
ADP-200010,19840906,15.13634,15.30267,15.05317,15.21950,16233,22.87500
ADP-200010,19840907,15.05317,15.13634,14.97001,15.05317,8117,22.62500
ADP-200010,19840910,15.13634,15.13634,15.05317,15.05317,3007,22.62500
ADP-200010,19840911,15.21950,15.21950,14.88684,14.88684,26604,22.37500
ADP-200010,19840912,14.05517,14.80367,13.30667,13.97201,39980,21.00000
ADP-200010,19840913,14.13834,14.55417,13.80567,14.47100,11874,21.75000
ADP-200010,19840914,14.80367,14.80367,14.63734,14.63734,8568,22.00000
ADP-200010,19840917,14.97001,14.97001,14.63734,14.63734,9620,22.00000
ADP-200010,19840918,14.80367,14.80367,14.55417,14.55417,4660,21.87500
ADP-200010,19840919,14.38784,14.55417,14.38784,14.55417,8267,21.87500
ADP-200010,19840920,14.22151,14.38784,14.22151,14.38784,3007,21.62500
ADP-200010,19840921,14.38784,14.38784,14.38784,14.38784,4059,21.62500
ADP-200010,19840924,13.80567,14.30467,13.38984,13.47300,10672,20.25000
ADP-200010,19840925,13.14034,13.72250,13.14034,13.72250,15632,20.62500
ADP-200010,19840926,13.63934,13.63934,13.30667,13.30667,7365,20.00000
ADP-200010,19840927,12.89084,13.14034,12.64134,12.97400,12175,19.50000
ADP-200010,19840928,12.39184,12.89084,11.89284,12.64134,27205,19.00000
ADP-200010,19841001,12.47501,12.80767,12.47501,12.80767,4359,19.25000
ADP-200010,19841002,12.97400,12.97400,12.39184,12.39184,5862,18.62500
ADP-200010,19841003,12.39184,12.39184,12.05917,12.05917,7666,18.12500
ADP-200010,19841004,11.97600,12.14234,11.80967,11.97600,8868,18.00000
ADP-200010,19841005,11.80967,12.05917,11.56017,11.80967,13377,17.75000
ADP-200010,19841008,11.56017,11.64334,11.47701,11.56017,7215,17.37500
ADP-200010,19841009,11.14434,11.47701,10.81167,10.89484,12025,16.37500
ADP-200010,19841010,10.64534,10.89484,10.47901,10.81167,15031,16.25000
ADP-200010,19841011,11.06117,11.22750,10.89484,11.14434,8267,16.75000
ADP-200010,19841012,11.72650,12.14234,11.31067,12.05917,13678,18.12500
ADP-200010,19841015,12.22551,12.22551,11.80967,11.80967,9019,17.75000
ADP-200010,19841016,12.22551,12.47501,11.97600,12.30867,7215,18.50000
ADP-200010,19841017,12.30867,12.89084,12.30867,12.89084,7816,19.37500
ADP-200010,19841018,12.80767,13.55617,12.80767,13.55617,10071,20.37500
ADP-200010,19841019,15.30267,15.30267,13.80567,13.80567,42235,20.75000
ADP-200010,19841022,14.13834,14.30467,13.88884,14.13834,8868,21.25000
ADP-200010,19841023,14.05517,14.05517,13.72250,13.72250,10822,20.62500
ADP-200010,19841024,13.55617,13.80567,13.30667,13.38984,6313,20.12500
ADP-200010,19841025,13.55617,13.55617,13.30667,13.30667,10822,20.00000
ADP-200010,19841026,13.14034,13.30667,13.05717,13.14034,4660,19.75000
ADP-200010,19841029,12.97400,13.22351,12.72450,12.89084,8267,19.37500
ADP-200010,19841030,12.89084,12.97400,12.89084,12.97400,1053,19.50000
ADP-200010,19841031,12.80767,12.97400,12.72450,12.80767,2856,19.25000
ADP-200010,19841101,12.72450,12.80767,12.64134,12.72450,3758,19.12500
ADP-200010,19841102,12.72450,12.72450,12.64134,12.64134,1504,19.00000
ADP-200010,19841105,12.47501,12.64134,12.47501,12.64134,3157,19.00000
ADP-200010,19841106,12.64134,13.47300,12.64134,13.47300,16233,20.25000
ADP-200010,19841107,13.05717,13.63934,12.47501,12.72450,17736,19.12500
ADP-200010,19841108,12.72450,12.72450,12.22551,12.22551,8267,18.37500
ADP-200010,19841109,12.30867,12.47501,12.14234,12.30867,8417,18.50000
ADP-200010,19841112,12.14234,12.30867,12.14234,12.30867,2706,18.50000
ADP-200010,19841113,12.30867,12.30867,11.97600,11.97600,3157,18.00000
ADP-200010,19841114,11.97600,11.97600,11.80967,11.80967,2105,17.75000
ADP-200010,19841115,11.64334,11.80967,11.56017,11.64334,9620,17.50000
ADP-200010,19841116,11.06117,11.31067,11.06117,11.31067,33367,17.00000
ADP-200010,19841119,11.14434,11.14434,10.97800,10.97800,8417,16.50000
ADP-200010,19841120,11.14434,11.22750,11.06117,11.14434,9770,16.75000
ADP-200010,19841121,11.06117,11.14434,11.06117,11.14434,6313,16.75000
ADP-200010,19841123,11.14434,11.14434,10.97800,10.97800,7065,16.50000
ADP-200010,19841126,10.97800,11.14434,10.81167,10.89484,50652,16.37500
ADP-200010,19841127,10.81167,10.97800,10.81167,10.97800,5562,16.50000
ADP-200010,19841128,10.97800,10.97800,10.89484,10.89484,3157,16.37500
ADP-200010,19841129,10.89484,11.06117,10.89484,11.06117,3758,16.62500
ADP-200010,19841130,11.06117,11.14434,10.97800,11.06117,5411,16.62500
ADP-200010,19841203,10.97800,10.97800,10.97800,10.97800,301,16.50000
ADP-200010,19841204,10.89484,11.14434,10.89484,11.14434,5111,16.75000
ADP-200010,19841205,10.81167,10.97800,10.64534,10.72851,12475,16.12500
ADP-200010,19841206,10.56217,10.89484,10.56217,10.89484,11724,16.37500
ADP-200010,19841207,10.97800,10.97800,10.81167,10.81167,3908,16.25000
ADP-200010,19841210,10.72851,11.14434,10.72851,11.14434,6914,16.75000
ADP-200010,19841211,11.14434,11.80967,11.14434,11.80967,11123,17.75000
ADP-200010,19841212,12.05917,12.22551,11.89284,11.97600,5411,18.00000
ADP-200010,19841213,11.97600,12.05917,11.97600,12.05917,1654,18.12500
ADP-200010,19841214,12.05917,12.30867,12.05917,12.30867,6163,18.50000
ADP-200010,19841217,12.39184,12.47501,12.30867,12.39184,9019,18.62500
ADP-200010,19841218,12.30867,12.64134,12.30867,12.64134,4510,19.00000
ADP-200010,19841219,12.64134,12.89084,12.47501,12.55817,10221,18.87500
ADP-200010,19841220,12.30867,12.47501,12.22551,12.30867,4359,18.50000
ADP-200010,19841221,12.30867,12.47501,12.30867,12.47501,3758,18.75000
ADP-200010,19841224,12.64134,12.80767,12.64134,12.80767,3908,19.25000
ADP-200010,19841226,13.14034,13.38984,12.89084,13.22351,3608,19.87500
ADP-200010,19841227,13.14034,13.63934,13.14034,13.63934,9469,20.50000
ADP-200010,19841228,13.80567,13.80567,13.30667,13.30667,9920,20.00000
ADP-200010,19841231,13.14034,13.14034,12.97400,12.97400,3908,19.50000
ADP-200010,19850102,13.30667,13.30667,13.05717,13.05717,5712,19.62500
ADP-200010,19850103,13.05717,13.05717,13.05717,13.05717,151,19.62500
ADP-200010,19850104,13.22351,13.22351,12.97400,12.97400,3307,19.50000
ADP-200010,19850107,13.14034,13.14034,12.97400,12.97400,2405,19.50000
ADP-200010,19850108,13.05717,13.05717,12.89084,12.89084,7516,19.37500
ADP-200010,19850109,12.89084,12.89084,12.80767,12.80767,2105,19.25000
ADP-200010,19850110,12.80767,12.97400,12.80767,12.97400,5712,19.50000
ADP-200010,19850111,13.14034,13.14034,12.89084,12.89084,2856,19.37500
ADP-200010,19850114,12.97400,13.14034,12.89084,12.97400,7816,19.50000
ADP-200010,19850115,13.14034,13.14034,12.89084,12.89084,4209,19.37500
ADP-200010,19850116,12.89084,12.97400,12.80767,12.89084,9920,19.37500
ADP-200010,19850117,12.89084,13.05717,12.89084,13.05717,3307,19.62500
ADP-200010,19850118,12.97400,12.97400,12.72450,12.72450,2405,19.12500
ADP-200010,19850121,12.80767,13.14034,12.55817,13.05717,15481,19.62500
ADP-200010,19850122,13.30667,13.30667,12.80767,12.80767,10371,19.25000
ADP-200010,19850123,12.89084,13.30667,12.89084,13.30667,4960,20.00000
ADP-200010,19850124,13.38984,13.38984,12.97400,12.97400,7365,19.50000
ADP-200010,19850125,12.97400,13.05717,12.80767,12.97400,7816,19.50000
ADP-200010,19850128,12.80767,12.97400,12.72450,12.80767,7065,19.25000
ADP-200010,19850129,12.64134,13.05717,12.64134,13.05717,6163,19.62500
ADP-200010,19850130,13.05717,13.05717,12.89084,12.89084,13978,19.37500
ADP-200010,19850131,12.80767,13.30667,12.80767,13.30667,7816,20.00000
ADP-200010,19850201,13.47300,13.47300,13.30667,13.30667,7516,20.00000
ADP-200010,19850204,13.38984,13.63934,13.14034,13.30667,10221,20.00000
ADP-200010,19850205,13.38984,13.47300,13.30667,13.38984,9620,20.12500
ADP-200010,19850206,14.13834,14.63734,13.55617,14.47100,53808,21.75000
ADP-200010,19850207,14.13834,14.63734,14.13834,14.63734,33668,22.00000
ADP-200010,19850208,14.63734,14.63734,14.63734,14.63734,5712,22.00000
ADP-200010,19850211,14.63734,14.63734,14.47100,14.47100,13077,21.75000
ADP-200010,19850212,14.30467,14.38784,14.22151,14.30467,7365,21.50000
ADP-200010,19850213,14.30467,14.55417,14.30467,14.55417,4960,21.87500
ADP-200010,19850214,14.55417,14.97001,14.55417,14.97001,11574,22.50000
ADP-200010,19850215,14.88684,14.97001,14.80367,14.88684,3908,22.37500
ADP-200010,19850219,14.97001,14.97001,14.80367,14.80367,5712,22.25000
ADP-200010,19850220,14.88684,14.97001,14.80367,14.88684,1504,22.37500
ADP-200010,19850221,14.97001,14.97001,14.80367,14.80367,2255,22.25000
ADP-200010,19850222,14.72050,14.88684,14.72050,14.88684,3157,22.37500
ADP-200010,19850225,14.97001,14.97001,14.88684,14.88684,1053,22.37500
ADP-200010,19850226,14.88684,14.88684,14.80367,14.80367,2405,22.25000
ADP-200010,19850227,14.88684,14.97001,14.88684,14.97001,15481,22.50000
ADP-200010,19850228,15.13634,15.21950,15.05317,15.13634,5862,22.75000
ADP-200010,19850301,15.13634,15.46900,15.13634,15.46900,35922,23.25000
ADP-200010,19850304,15.38584,15.46900,15.30267,15.38584,8117,23.12500
ADP-200010,19850305,15.46900,15.46900,15.30267,15.30267,12776,23.00000
ADP-200010,19850306,15.05317,15.13634,15.05317,15.13634,3157,22.75000
ADP-200010,19850307,14.88684,14.88684,14.63734,14.63734,5862,22.00000
ADP-200010,19850308,14.38784,14.63734,14.38784,14.63734,4960,22.00000
ADP-200010,19850311,14.63734,14.63734,14.55417,14.55417,2706,21.87500
ADP-200010,19850312,14.63734,14.63734,14.38784,14.38784,4510,21.62500
ADP-200010,19850313,14.47100,14.47100,14.13834,14.13834,8117,21.25000
ADP-200010,19850314,13.97201,13.97201,13.72250,13.72250,6313,20.62500
ADP-200010,19850315,13.72250,13.80567,13.72250,13.80567,301,20.75000
ADP-200010,19850318,13.97201,13.97201,13.63934,13.63934,4510,20.50000
ADP-200010,19850319,14.05517,14.47100,13.63934,14.38784,17736,21.62500
ADP-200010,19850320,14.47100,14.63734,14.22151,14.38784,7816,21.62500
ADP-200010,19850321,14.55417,14.80367,14.55417,14.80367,5562,22.25000
ADP-200010,19850322,15.05317,15.21950,14.88684,14.97001,13077,22.50000
ADP-200010,19850325,15.30267,15.46900,15.13634,15.21950,10972,22.87500
ADP-200010,19850326,15.21950,15.21950,15.13634,15.13634,2105,22.75000
ADP-200010,19850327,15.13634,15.13634,15.05317,15.05317,6764,22.62500
ADP-200010,19850328,15.21950,15.21950,15.05317,15.05317,3307,22.62500
ADP-200010,19850329,14.80367,15.05317,14.80367,15.05317,2856,22.62500
ADP-200010,19850401,15.21950,15.21950,15.05317,15.05317,5261,22.62500
ADP-200010,19850402,15.13634,15.13634,14.97001,14.97001,8267,22.50000
ADP-200010,19850403,14.80367,14.97001,14.80367,14.97001,1954,22.50000
ADP-200010,19850404,14.80367,14.80367,14.80367,14.80367,902,22.25000
ADP-200010,19850409,14.63734,14.63734,14.63734,14.63734,1053,22.00000
ADP-200010,19850410,14.97001,14.97001,14.80367,14.80367,2556,22.25000
ADP-200010,19850411,14.80367,14.80367,14.63734,14.63734,3157,22.00000
ADP-200010,19850412,14.88684,14.88684,14.63734,14.63734,3007,22.00000
ADP-200010,19850415,14.72050,14.72050,14.63734,14.63734,602,22.00000
ADP-200010,19850416,14.55417,14.63734,14.47100,14.55417,3758,21.87500
ADP-200010,19850417,14.47100,14.63734,14.38784,14.47100,6764,21.75000
ADP-200010,19850418,14.30467,14.63734,14.30467,14.63734,2405,22.00000
ADP-200010,19850419,14.47100,14.55417,14.47100,14.55417,2706,21.87500
ADP-200010,19850422,14.80367,14.80367,14.63734,14.63734,4510,22.00000
ADP-200010,19850423,14.55417,14.63734,14.55417,14.63734,2405,22.00000
ADP-200010,19850424,14.63734,14.63734,14.55417,14.55417,4960,21.87500
ADP-200010,19850425,14.63734,14.63734,14.47100,14.47100,1203,21.75000
ADP-200010,19850426,14.47100,14.47100,14.47100,14.47100,2405,21.75000
ADP-200010,19850429,14.47100,14.55417,14.38784,14.47100,3608,21.75000
ADP-200010,19850430,14.30467,14.47100,14.13834,14.38784,7666,21.62500
ADP-200010,19850501,14.30467,14.30467,13.97201,13.97201,4059,21.00000
ADP-200010,19850502,13.80567,13.80567,12.64134,12.64134,10371,19.00000
ADP-200010,19850503,12.80767,13.05717,12.64134,12.89084,16834,19.37500
ADP-200010,19850506,13.14034,13.30667,13.05717,13.22351,5562,19.87500
ADP-200010,19850507,13.30667,13.47300,13.05717,13.14034,7365,19.75000
ADP-200010,19850508,13.14034,13.14034,13.14034,13.14034,1053,19.75000
ADP-200010,19850509,13.14034,13.22351,13.05717,13.14034,5562,19.75000
ADP-200010,19850510,12.89084,12.97400,12.80767,12.89084,5261,19.37500
ADP-200010,19850513,12.55817,12.64134,12.47501,12.55817,8868,18.87500
ADP-200010,19850514,12.47501,12.47501,12.14234,12.14234,4510,18.25000
ADP-200010,19850515,11.97600,12.05917,11.97600,12.05917,13077,18.12500
ADP-200010,19850516,12.14234,12.14234,11.97600,11.97600,4059,18.00000
ADP-200010,19850517,11.97600,12.14234,11.97600,12.14234,8868,18.25000
ADP-200010,19850520,12.14234,12.14234,11.97600,11.97600,4510,18.00000
ADP-200010,19850521,11.64334,11.97600,11.31067,11.80967,27956,17.75000
ADP-200010,19850522,11.64334,11.80967,11.64334,11.80967,3758,17.75000
ADP-200010,19850523,11.56017,11.89284,11.56017,11.89284,7666,17.87500
ADP-200010,19850524,11.64334,11.89284,11.64334,11.89284,5562,17.87500
ADP-200010,19850528,11.80967,11.80967,11.64334,11.64334,2706,17.50000
ADP-200010,19850529,11.72650,11.72650,11.64334,11.64334,5261,17.50000
ADP-200010,19850530,11.64334,11.89284,11.64334,11.89284,5411,17.87500
ADP-200010,19850531,11.97600,12.14234,11.97600,12.14234,7365,18.25000
ADP-200010,19850603,12.22551,12.47501,12.22551,12.47501,10071,18.75000
ADP-200010,19850604,12.72450,12.80767,12.64134,12.72450,1654,19.12500
ADP-200010,19850605,12.64134,12.89084,12.64134,12.89084,8417,19.37500
ADP-200010,19850606,12.80767,12.80767,12.72450,12.72450,4059,19.12500
ADP-200010,19850607,12.64134,12.64134,12.55817,12.55817,1203,18.87500
ADP-200010,19850610,12.22551,12.47501,11.97600,12.05917,7516,18.12500
ADP-200010,19850611,12.14234,12.14234,11.80967,11.80967,6614,17.75000
ADP-200010,19850612,11.64334,11.97600,11.64334,11.97600,5712,18.00000
ADP-200010,19850614,11.89284,12.05917,11.89284,12.05917,3307,18.12500
ADP-200010,19850617,11.97600,11.97600,11.89284,11.89284,1203,17.87500
ADP-200010,19850618,11.80967,11.97600,11.72650,11.80967,3908,17.75000
ADP-200010,19850619,11.72650,11.80967,11.72650,11.80967,1203,17.75000
ADP-200010,19850620,11.97600,11.97600,11.80967,11.80967,1804,17.75000
ADP-200010,19850621,11.72650,11.89284,11.72650,11.89284,3608,17.87500
ADP-200010,19850624,11.97600,11.97600,11.72650,11.72650,2105,17.62500
ADP-200010,19850625,11.89284,11.89284,11.89284,11.89284,1203,17.87500
ADP-200010,19850626,11.80967,11.80967,11.80967,11.80967,752,17.75000
ADP-200010,19850627,11.80967,11.80967,11.72650,11.72650,2856,17.62500
ADP-200010,19850628,11.64334,11.89284,11.39384,11.56017,16834,17.37500
ADP-200010,19850701,11.31067,11.47701,11.22750,11.39384,3758,17.12500
ADP-200010,19850702,11.47701,11.47701,11.31067,11.31067,3758,17.00000
ADP-200010,19850703,11.31067,11.47701,11.14434,11.22750,7666,16.87500
ADP-200010,19850705,11.14434,11.31067,11.14434,11.31067,10522,17.00000
ADP-200010,19850708,11.22750,11.31067,11.22750,11.31067,3307,17.00000
ADP-200010,19850709,11.14434,11.22750,11.14434,11.22750,4209,16.87500
ADP-200010,19850710,11.22750,11.64334,11.22750,11.64334,40582,17.50000
ADP-200010,19850711,12.14234,12.47501,11.80967,12.14234,10071,18.25000
ADP-200010,19850712,12.39184,12.39184,12.22551,12.22551,6914,18.37500
ADP-200010,19850715,12.30867,13.14034,12.30867,13.14034,9620,19.75000
ADP-200010,19850716,13.38984,13.97201,13.38984,13.97201,13528,21.00000
ADP-200010,19850717,14.05517,14.05517,13.63934,13.63934,11874,20.50000
ADP-200010,19850718,13.80567,13.80567,13.38984,13.38984,12175,20.12500
ADP-200010,19850719,13.05717,13.38984,13.05717,13.38984,13377,20.12500
ADP-200010,19850722,13.55617,13.55617,13.55617,13.55617,1654,20.37500
ADP-200010,19850723,13.47300,13.47300,13.30667,13.30667,4810,20.00000
ADP-200010,19850724,13.14034,13.38984,13.14034,13.38984,5411,20.12500
ADP-200010,19850725,13.22351,13.30667,13.22351,13.30667,1203,20.00000
ADP-200010,19850726,13.14034,13.14034,12.89084,12.89084,13377,19.37500
ADP-200010,19850729,12.64134,12.80767,12.64134,12.80767,5411,19.25000
ADP-200010,19850730,12.80767,12.89084,12.64134,12.72450,3157,19.12500
ADP-200010,19850731,12.80767,12.89084,12.64134,12.72450,4810,19.12500
ADP-200010,19850801,12.64134,12.89084,12.47501,12.55817,8417,18.87500
ADP-200010,19850805,12.64134,12.72450,12.47501,12.64134,4810,19.00000
ADP-200010,19850806,12.55817,12.64134,12.47501,12.55817,12926,18.87500
ADP-200010,19850807,12.05917,12.47501,11.64334,11.72650,25852,17.62500
ADP-200010,19850808,11.64334,11.72650,11.64334,11.72650,8718,17.62500
ADP-200010,19850809,11.64334,11.97600,11.64334,11.97600,19690,18.00000
ADP-200010,19850812,12.22551,12.22551,11.97600,11.97600,4209,18.00000
ADP-200010,19850813,12.39184,12.64134,12.14234,12.55817,6914,18.87500
ADP-200010,19850814,12.64134,12.64134,12.47501,12.47501,8568,18.75000
ADP-200010,19850815,12.47501,12.47501,12.22551,12.22551,3457,18.37500
ADP-200010,19850816,12.30867,12.47501,12.22551,12.39184,7365,18.62500
ADP-200010,19850819,12.39184,12.39184,12.30867,12.30867,1053,18.50000
ADP-200010,19850820,12.47501,12.47501,12.39184,12.39184,752,18.62500
ADP-200010,19850821,12.39184,12.39184,12.39184,12.39184,1203,18.62500
ADP-200010,19850822,12.39184,12.55817,12.39184,12.55817,602,18.87500
ADP-200010,19850823,12.30867,12.47501,12.30867,12.47501,6313,18.75000
ADP-200010,19850826,12.22551,12.30867,12.22551,12.30867,8117,18.50000
ADP-200010,19850827,12.30867,12.30867,12.22551,12.22551,1504,18.37500
ADP-200010,19850828,12.30867,12.30867,12.14234,12.14234,451,18.25000
ADP-200010,19850829,12.14234,12.22551,12.14234,12.22551,301,18.37500
ADP-200010,19850830,12.14234,12.14234,12.14234,12.14234,301,18.25000
ADP-200010,19850903,12.14234,12.14234,11.80967,11.80967,4660,17.75000
ADP-200010,19850904,11.47701,11.72650,11.47701,11.72650,2405,17.62500
ADP-200010,19850905,11.56017,11.72650,11.56017,11.72650,3457,17.62500
ADP-200010,19850906,11.56017,11.72650,11.56017,11.72650,752,17.62500
ADP-200010,19850910,11.31067,11.47701,11.14434,11.31067,7365,17.00000
ADP-200010,19850911,10.97800,11.31067,10.97800,11.31067,10071,17.00000
ADP-200010,19850912,11.22750,11.47701,11.22750,11.47701,3457,17.25000
ADP-200010,19850913,11.39384,11.56017,11.22750,11.47701,7065,17.25000
ADP-200010,19850916,11.31067,11.47701,11.14434,11.22750,9319,16.87500
ADP-200010,19850917,11.14434,11.31067,10.97800,11.22750,44790,16.87500
ADP-200010,19850918,11.06117,11.14434,11.06117,11.14434,4510,16.75000
ADP-200010,19850919,11.39384,11.39384,11.39384,11.39384,451,17.12500
ADP-200010,19850920,11.64334,11.80967,11.47701,11.72650,4660,17.62500
ADP-200010,19850923,11.56017,11.72650,11.56017,11.72650,5562,17.62500
ADP-200010,19850924,11.72650,11.72650,11.72650,11.72650,1504,17.62500
ADP-200010,19850925,11.80967,11.89284,11.80967,11.89284,1804,17.87500
ADP-200010,19850926,11.72650,11.72650,11.72650,11.72650,6013,17.62500
ADP-200010,19850930,11.72650,11.89284,11.56017,11.64334,9019,17.50000
ADP-200010,19851001,11.56017,11.56017,11.56017,11.56017,752,17.37500
ADP-200010,19851002,11.56017,11.56017,11.47701,11.47701,6914,17.25000
ADP-200010,19851003,11.31067,11.47701,11.22750,11.31067,6914,17.00000
ADP-200010,19851004,11.22750,11.39384,11.22750,11.39384,18487,17.12500
ADP-200010,19851007,11.14434,11.39384,10.97800,11.22750,8417,16.87500
ADP-200010,19851008,11.06117,11.22750,11.06117,11.22750,1053,16.87500
ADP-200010,19851009,11.06117,11.22750,11.06117,11.22750,2706,16.87500
ADP-200010,19851010,11.22750,11.22750,11.22750,11.22750,151,16.87500
ADP-200010,19851011,11.06117,11.22750,11.06117,11.22750,2706,16.87500
ADP-200010,19851014,11.31067,11.64334,11.06117,11.56017,5712,17.37500
ADP-200010,19851015,11.64334,11.72650,11.47701,11.64334,17285,17.50000
ADP-200010,19851016,11.64334,11.72650,11.64334,11.72650,1053,17.62500
ADP-200010,19851017,11.80967,11.80967,11.80967,11.80967,602,17.75000
ADP-200010,19851018,11.72650,11.80967,11.72650,11.80967,2105,17.75000
ADP-200010,19851021,11.80967,11.80967,11.72650,11.72650,2405,17.62500
ADP-200010,19851022,11.89284,12.05917,11.72650,11.89284,3908,17.87500
ADP-200010,19851023,11.97600,11.97600,11.72650,11.72650,3157,17.62500
ADP-200010,19851024,11.80967,11.80967,11.64334,11.64334,2105,17.50000
ADP-200010,19851025,11.56017,11.56017,11.22750,11.22750,3457,16.87500
ADP-200010,19851028,11.22750,11.22750,11.22750,11.22750,1053,16.87500
ADP-200010,19851030,11.06117,11.97600,11.06117,11.97600,8868,18.00000
ADP-200010,19851031,12.30867,12.30867,11.97600,11.97600,6614,18.00000
ADP-200010,19851101,12.14234,12.47501,12.14234,12.47501,7966,18.75000
ADP-200010,19851104,12.39184,12.64134,12.39184,12.64134,6614,19.00000
ADP-200010,19851105,12.64134,12.64134,12.64134,12.64134,1504,19.00000
ADP-200010,19851106,12.47501,12.80767,12.47501,12.80767,4960,19.25000
ADP-200010,19851107,12.64134,12.89084,12.39184,12.64134,49299,19.00000
ADP-200010,19851108,12.64134,12.89084,12.64134,12.89084,3608,19.37500
ADP-200010,19851111,12.89084,13.05717,12.89084,13.05717,4359,19.62500
ADP-200010,19851112,13.47300,13.72250,13.14034,13.55617,16233,20.37500
ADP-200010,19851113,13.38984,13.38984,13.30667,13.30667,11123,20.00000
ADP-200010,19851114,13.14034,13.30667,12.97400,13.14034,9169,19.75000
ADP-200010,19851115,13.14034,13.22351,13.05717,13.14034,2255,19.75000
ADP-200010,19851118,12.97400,12.97400,12.64134,12.64134,6313,19.00000
ADP-200010,19851119,12.80767,12.97400,12.64134,12.89084,6163,19.37500
ADP-200010,19851120,12.80767,12.97400,12.64134,12.72450,4810,19.12500
ADP-200010,19851121,12.47501,12.72450,12.47501,12.72450,8117,19.12500
ADP-200010,19851122,12.55817,12.80767,12.55817,12.80767,17736,19.25000
ADP-200010,19851125,12.64134,12.72450,12.64134,12.72450,2706,19.12500
ADP-200010,19851126,12.80767,12.80767,12.55817,12.55817,16083,18.87500
ADP-200010,19851127,12.55817,12.55817,12.39184,12.39184,2856,18.62500
ADP-200010,19851129,12.47501,12.47501,12.30867,12.30867,3908,18.50000
ADP-200010,19851202,11.97600,12.14234,11.80967,12.05917,5111,18.12500
ADP-200010,19851203,12.14234,12.55817,12.14234,12.55817,22546,18.87500
ADP-200010,19851204,12.55817,12.97400,12.55817,12.97400,2856,19.50000
ADP-200010,19851205,12.80767,12.97400,12.64134,12.89084,6313,19.37500
ADP-200010,19851206,12.72450,12.80767,12.72450,12.80767,451,19.25000
ADP-200010,19851209,13.05717,13.22351,12.89084,12.97400,13678,19.50000
ADP-200010,19851210,12.64134,12.97400,12.64134,12.97400,4960,19.50000
ADP-200010,19851211,13.30667,13.55617,13.05717,13.30667,37275,20.00000
ADP-200010,19851212,13.63934,13.63934,13.30667,13.30667,16534,20.00000
ADP-200010,19851213,13.30667,13.55617,13.30667,13.55617,25852,20.37500
ADP-200010,19851216,13.72250,13.88884,13.55617,13.72250,7065,20.62500
ADP-200010,19851217,13.72250,13.72250,12.89084,12.89084,25702,19.37500
ADP-200010,19851218,12.97400,13.63934,12.97400,13.63934,120992,20.50000
ADP-200010,19851219,13.47300,14.47100,13.47300,14.47100,20892,21.75000
ADP-200010,19851220,14.97001,15.46900,14.38784,15.30267,35471,23.00000
ADP-200010,19851223,15.30267,15.55217,15.30267,15.55217,26303,23.37500
ADP-200010,19851224,15.30267,15.63534,15.30267,15.63534,12175,23.50000
ADP-200010,19851226,15.13634,15.63534,14.72050,14.80367,9169,22.25000
ADP-200010,19851227,14.80367,15.05317,14.80367,15.05317,12325,22.62500
ADP-200010,19851230,14.97001,15.13634,14.80367,15.05317,6764,22.62500
ADP-200010,19851231,15.05317,15.71851,15.05317,15.71851,27956,23.62500
ADP-200010,19860102,15.46900,15.71851,15.30267,15.38584,22546,23.12500
ADP-200010,19860103,15.46900,15.71851,15.46900,15.71851,12776,23.62500
ADP-200010,19860106,15.63534,15.71851,15.46900,15.63534,13678,23.50000
ADP-200010,19860107,15.80167,15.88484,15.63534,15.71851,9019,23.62500
ADP-200010,19860108,15.71851,15.71851,15.46900,15.46900,4510,23.25000
ADP-200010,19860109,14.97001,15.38584,14.97001,15.38584,9469,23.12500
ADP-200010,19860110,15.46900,15.46900,15.30267,15.30267,12626,23.00000
ADP-200010,19860113,15.30267,15.30267,15.21950,15.21950,3307,22.87500
ADP-200010,19860114,15.46900,15.63534,15.30267,15.46900,3908,23.25000
ADP-200010,19860115,15.63534,15.96801,15.63534,15.96801,12626,24.00000
ADP-200010,19860116,15.71851,16.30067,15.71851,16.30067,10221,24.50000
ADP-200010,19860117,16.46700,17.21550,16.46700,17.21550,13377,25.87500
ADP-200010,19860120,16.96600,17.71451,16.96600,17.71451,69590,26.62500
ADP-200010,19860121,17.96401,18.13034,17.79767,18.04717,4359,27.12500
ADP-200010,19860122,18.04717,18.13034,17.96401,18.04717,12325,27.12500
ADP-200010,19860123,17.79767,18.21350,17.79767,18.21350,17435,27.37500
ADP-200010,19860124,18.29667,18.96200,18.29667,18.96200,7966,28.50000
ADP-200010,19860127,19.62734,19.96000,19.29467,19.79367,27656,29.75000
ADP-200010,19860128,19.62734,19.87684,19.46101,19.79367,9920,29.75000
ADP-200010,19860129,19.71051,19.71051,18.46300,18.46300,18638,27.75000
ADP-200010,19860130,18.79567,19.21151,18.46300,19.04517,11874,28.62500
ADP-200010,19860131,18.87884,19.12834,18.87884,19.12834,5862,28.75000
ADP-200010,19860203,18.62934,18.96200,18.62934,18.96200,8568,28.50000
ADP-200010,19860204,18.79567,19.12834,18.46300,18.87884,13678,28.37500
ADP-200010,19860205,18.29667,18.71250,17.79767,18.62934,26453,28.00000
ADP-200010,19860206,18.96200,18.96200,18.79567,18.79567,6914,28.25000
ADP-200010,19860207,18.71250,18.79567,18.62934,18.71250,11874,28.12500
ADP-200010,19860210,18.54617,18.71250,18.54617,18.71250,6463,28.12500
ADP-200010,19860211,18.54617,18.71250,18.37984,18.62934,6914,28.00000
ADP-200010,19860212,18.62934,18.71250,18.54617,18.62934,7215,28.00000
ADP-200010,19860213,18.62934,18.71250,18.54617,18.62934,1504,28.00000
ADP-200010,19860214,18.46300,18.87884,18.46300,18.87884,6163,28.37500
ADP-200010,19860218,19.29467,19.87684,18.71250,19.62734,7966,29.50000
ADP-200010,19860219,19.87684,20.29267,19.46101,19.96000,28858,30.00000
ADP-200010,19860220,20.45900,21.20751,19.79367,20.62534,42686,31.00000
ADP-200010,19860221,21.04117,21.54017,21.04117,21.54017,12626,32.37500
ADP-200010,19860224,22.45500,23.12034,21.70650,23.03717,25251,34.62500
ADP-200010,19860225,23.36984,23.70250,23.03717,23.36984,11123,35.12500
ADP-200010,19860226,22.95401,23.45300,22.45500,22.62134,12926,34.00000
ADP-200010,19860227,23.12034,23.28667,22.95401,23.20351,7816,34.87500
ADP-200010,19860228,23.20351,23.61934,22.78767,22.95401,26453,34.50000
ADP-200010,19860303,22.95401,23.20351,22.78767,22.87084,13678,34.37500
ADP-200010,19860304,22.78767,22.95401,22.62134,22.78767,28708,34.25000
ADP-200010,19860305,22.62134,22.62134,22.28867,22.28867,8117,33.50000
ADP-200010,19860306,22.12234,22.28867,22.12234,22.28867,6163,33.50000
ADP-200010,19860307,22.53817,22.53817,22.20550,22.20550,902,33.37500
ADP-200010,19860310,22.03917,22.45500,22.03917,22.45500,10221,33.75000
ADP-200010,19860311,23.28667,24.11834,22.53817,23.95200,21794,36.00000
ADP-200010,19860312,24.95001,25.53217,24.28467,25.36584,18938,38.12500
ADP-200010,19860313,25.69850,26.11434,25.28267,25.94800,31263,39.00000
ADP-200010,19860314,26.86284,27.61134,26.11434,27.44500,26153,41.25000
ADP-200010,19860317,27.19550,27.44500,26.94600,27.27867,18487,41.00000
ADP-200010,19860318,27.27867,27.27867,26.86284,26.86284,9469,40.37500
ADP-200010,19860319,26.61334,26.94600,26.28067,26.53017,15331,39.87500
ADP-200010,19860320,25.36584,25.94800,24.78367,25.69850,15632,38.62500
ADP-200010,19860321,25.94800,25.94800,25.28267,25.28267,21193,38.00000
ADP-200010,19860324,25.94800,26.61334,25.28267,25.94800,27806,39.00000
ADP-200010,19860325,25.94800,26.11434,25.78167,25.94800,14730,39.00000
ADP-200010,19860326,26.11434,26.61334,25.61534,26.44701,12025,39.75000
ADP-200010,19860327,26.61334,27.27867,26.61334,27.27867,7065,41.00000
ADP-200010,19860331,28.19351,28.60934,27.77767,28.35984,13678,42.62500
ADP-200010,19860401,28.27667,28.44301,28.19351,28.35984,4810,42.62500
ADP-200010,19860402,28.27667,28.60934,27.94401,28.44301,26003,42.75000
ADP-200010,19860403,28.35984,28.35984,27.44500,27.44500,7065,41.25000
ADP-200010,19860404,27.27867,27.27867,25.94800,25.94800,12025,39.00000
ADP-200010,19860407,25.28267,25.61534,25.03317,25.44900,21043,38.25000
ADP-200010,19860408,25.94800,26.28067,25.69850,25.78167,10371,38.75000
ADP-200010,19860409,26.11434,26.11434,25.94800,25.94800,2706,39.00000
ADP-200010,19860410,25.94800,26.03117,25.78167,25.94800,4810,39.00000
ADP-200010,19860411,25.61534,25.78167,25.44900,25.53217,8868,38.37500
ADP-200010,19860414,25.53217,25.53217,25.19950,25.19950,4059,37.87500
ADP-200010,19860415,24.11834,24.95001,24.11834,24.95001,18487,37.50000
ADP-200010,19860416,24.95001,25.11634,24.70051,24.78367,15932,37.25000
ADP-200010,19860417,24.70051,24.95001,24.45101,24.78367,8718,37.25000
ADP-200010,19860418,24.78367,25.44900,24.78367,25.44900,19089,38.25000
ADP-200010,19860421,26.28067,27.11234,25.53217,26.77967,22395,40.25000
ADP-200010,19860422,27.27867,27.27867,26.94600,26.94600,5712,40.50000
ADP-200010,19860423,26.61334,26.77967,26.44701,26.61334,7516,40.00000
ADP-200010,19860424,26.44701,27.11234,26.44701,27.11234,5712,40.75000
ADP-200010,19860425,27.61134,27.94401,27.27867,27.77767,9019,41.75000
ADP-200010,19860428,27.02917,27.27867,26.77967,26.86284,14580,40.37500
ADP-200010,19860429,26.61334,26.61334,26.36384,26.36384,12325,39.62500
ADP-200010,19860430,26.03117,26.03117,25.44900,25.44900,7516,38.25000
ADP-200010,19860501,25.19950,25.44900,25.19950,25.44900,10972,38.25000
ADP-200010,19860502,25.28267,25.94800,25.28267,25.94800,12926,39.00000
ADP-200010,19860505,25.61534,26.53017,25.61534,26.53017,8267,39.87500
ADP-200010,19860506,26.77967,26.77967,26.53017,26.53017,2405,39.87500
ADP-200010,19860507,26.77967,26.94600,26.53017,26.69651,21794,40.12500
ADP-200010,19860508,26.53017,26.86284,26.53017,26.86284,7365,40.37500
ADP-200010,19860509,26.69651,26.86284,26.53017,26.69651,3908,40.12500
ADP-200010,19860512,25.94800,26.28067,25.69850,25.94800,11423,39.00000
ADP-200010,19860513,25.61534,25.69850,25.61534,25.69850,4960,38.62500
ADP-200010,19860514,25.28267,25.61534,24.95001,25.53217,26754,38.37500
ADP-200010,19860515,25.53217,25.53217,25.19950,25.19950,10221,37.87500
ADP-200010,19860516,25.19950,25.19950,24.95001,24.95001,6764,37.50000
ADP-200010,19860519,25.11634,25.11634,24.78367,24.78367,7215,37.25000
ADP-200010,19860520,23.70250,24.20150,23.70250,24.20150,579109,36.37500
ADP-200010,19860521,23.78567,24.11834,23.36984,23.53617,437075,35.37500
ADP-200010,19860522,23.78567,23.78567,23.12034,23.12034,422045,34.75000
ADP-200010,19860523,24.03517,24.03517,23.53617,23.53617,205912,35.37500
ADP-200010,19860527,23.78567,24.28467,23.78567,24.28467,114980,36.50000
ADP-200010,19860528,24.28467,24.45101,24.03517,24.11834,106413,36.25000
ADP-200010,19860529,24.28467,24.70051,23.95200,24.45101,139179,36.75000
ADP-200010,19860530,24.61734,24.78367,24.36784,24.61734,51403,37.00000
ADP-200010,19860602,25.61534,25.61534,24.61734,24.61734,116483,37.00000
ADP-200010,19860603,25.03317,25.19950,24.86684,25.03317,39079,37.62500
ADP-200010,19860604,24.70051,24.95001,24.45101,24.61734,4810,37.00000
ADP-200010,19860605,24.61734,24.86684,24.28467,24.61734,76203,37.00000
ADP-200010,19860606,24.70051,25.11634,24.70051,25.11634,22846,37.75000
ADP-200010,19860609,24.78367,25.28267,24.28467,24.45101,10972,36.75000
ADP-200010,19860610,24.28467,24.36784,24.11834,24.20150,21193,36.37500
ADP-200010,19860611,24.11834,24.28467,24.03517,24.20150,15331,36.37500
ADP-200010,19860612,24.11834,24.11834,23.61934,23.61934,11273,35.50000
ADP-200010,19860613,24.03517,24.11834,23.95200,24.03517,24650,36.12500
ADP-200010,19860616,23.95200,24.11834,23.78567,23.86884,47195,35.87500
ADP-200010,19860617,23.03717,23.61934,22.45500,23.12034,24349,34.75000
ADP-200010,19860618,23.45300,23.61934,23.20351,23.36984,18337,35.12500
ADP-200010,19860619,23.53617,23.78567,23.28667,23.70250,67185,35.62500
ADP-200010,19860620,23.45300,23.70250,23.45300,23.70250,40882,35.62500
ADP-200010,19860623,24.20150,24.45101,23.95200,24.11834,27656,36.25000
ADP-200010,19860624,23.95200,23.95200,23.78567,23.78567,21644,35.75000
ADP-200010,19860625,23.36984,23.95200,22.78767,22.95401,56664,34.50000
ADP-200010,19860626,23.28667,23.78567,22.70451,23.61934,24349,35.50000
ADP-200010,19860627,23.95200,24.36784,23.61934,24.28467,63127,36.50000
ADP-200010,19860630,24.86684,25.28267,24.45101,24.95001,59369,37.50000
ADP-200010,19860701,25.44900,25.86484,24.95001,25.78167,125201,38.75000
ADP-200010,19860702,26.36384,27.02917,25.69850,26.86284,115882,40.37500
ADP-200010,19860703,27.11234,27.61134,26.69651,27.27867,55011,41.00000
ADP-200010,19860707,27.11234,27.77767,26.44701,26.86284,86273,40.37500
ADP-200010,19860708,26.77967,26.77967,25.61534,25.61534,79960,38.50000
ADP-200010,19860709,26.28067,26.61334,25.86484,26.28067,45992,39.50000
ADP-200010,19860710,26.11434,26.61334,26.11434,26.61334,76804,40.00000
ADP-200010,19860711,26.77967,27.94401,26.77967,27.94401,140832,42.00000
ADP-200010,19860714,27.77767,29.44100,27.77767,29.44100,190582,44.25000
ADP-200010,19860715,28.60934,29.60734,27.61134,28.27667,30962,42.50000
ADP-200010,19860716,27.77767,28.44301,27.11234,27.77767,40732,41.75000
ADP-200010,19860717,27.61134,27.86084,27.36184,27.61134,9920,41.50000
ADP-200010,19860718,27.44500,28.02717,26.86284,27.27867,25401,41.00000
ADP-200010,19860721,27.27867,27.86084,27.27867,27.86084,12926,41.87500
ADP-200010,19860722,27.52817,28.11034,27.52817,28.11034,64179,42.25000
ADP-200010,19860723,28.27667,28.69250,28.27667,28.69250,25401,43.12500
ADP-200010,19860724,29.10834,29.10834,28.77567,28.77567,19690,43.25000
ADP-200010,19860725,28.44301,28.77567,28.19351,28.44301,21794,42.75000
ADP-200010,19860728,27.61134,28.19351,27.11234,27.19550,14279,40.87500
ADP-200010,19860729,26.94600,27.11234,26.77967,26.94600,40732,40.50000
ADP-200010,19860730,26.94600,27.11234,26.86284,26.94600,6463,40.50000
ADP-200010,19860731,27.44500,28.02717,26.94600,27.61134,28107,41.50000
ADP-200010,19860801,27.94401,28.11034,27.77767,27.86084,13828,41.87500
ADP-200010,19860804,27.61134,27.86084,27.27867,27.69450,15782,41.62500
ADP-200010,19860805,27.52817,27.77767,27.52817,27.77767,10071,41.75000
ADP-200010,19860806,27.94401,27.94401,27.27867,27.27867,16534,41.00000
ADP-200010,19860807,27.27867,27.52817,27.11234,27.27867,9169,41.00000
ADP-200010,19860808,28.11034,28.11034,27.27867,27.27867,15181,41.00000
ADP-200010,19860811,27.44500,27.69450,27.11234,27.36184,46443,41.12500
ADP-200010,19860812,27.94401,29.27467,27.94401,29.27467,56363,44.00000
ADP-200010,19860813,29.77367,30.18951,29.44100,29.77367,39830,44.75000
ADP-200010,19860814,29.94001,30.18951,29.94001,30.18951,11724,45.37500
ADP-200010,19860815,29.94001,30.27267,29.94001,30.27267,25702,45.50000
ADP-200010,19860818,29.77367,30.02317,29.60734,29.77367,11724,44.75000
ADP-200010,19860819,29.52417,29.77367,29.52417,29.77367,12626,44.75000
ADP-200010,19860820,29.69051,30.10634,29.69051,30.10634,11874,45.25000
ADP-200010,19860821,30.10634,30.27267,29.94001,30.18951,10672,45.37500
ADP-200010,19860822,29.85684,29.94001,29.85684,29.94001,8568,45.00000
ADP-200010,19860825,29.69051,29.69051,29.02517,29.02517,16083,43.62500
ADP-200010,19860826,29.02517,29.02517,28.19351,28.19351,19389,42.37500
ADP-200010,19860827,27.52817,27.94401,27.11234,27.27867,40882,41.00000
ADP-200010,19860828,27.11234,27.11234,26.28067,26.28067,44039,39.50000
ADP-200010,19860829,26.44701,27.19550,26.44701,27.19550,8568,40.87500
ADP-200010,19860902,27.61134,27.77767,27.36184,27.52817,26303,41.37500
ADP-200010,19860903,27.27867,27.52817,27.27867,27.52817,13528,41.37500
ADP-200010,19860904,27.61134,28.35984,27.61134,28.35984,25101,42.62500
ADP-200010,19860905,28.77567,28.77567,27.77767,27.77767,18337,41.75000
ADP-200010,19860908,27.44500,27.94401,27.44500,27.94401,5562,42.00000
ADP-200010,19860909,28.27667,28.52617,28.11034,28.27667,8718,42.50000
ADP-200010,19860910,27.94401,28.19351,27.77767,27.86084,5411,41.87500
ADP-200010,19860911,26.69651,27.69450,25.69850,26.44701,73197,39.75000
ADP-200010,19860912,25.86484,26.11434,25.61534,25.86484,25552,38.87500
ADP-200010,19860915,25.86484,25.86484,24.36784,24.36784,31263,36.62500
ADP-200010,19860916,23.86884,24.28467,23.45300,23.78567,39079,35.75000
ADP-200010,19860917,23.86884,23.95200,23.78567,23.86884,37125,35.87500
ADP-200010,19860918,23.45300,23.70250,23.12034,23.28667,31263,35.00000
ADP-200010,19860919,22.62134,23.45300,21.70650,21.78967,35622,32.75000
ADP-200010,19860922,21.54017,21.87284,21.20751,21.70650,98898,32.62500
ADP-200010,19860923,21.78967,21.95600,21.62334,21.70650,18187,32.62500
ADP-200010,19860924,22.12234,22.45500,21.87284,22.28867,28708,33.50000
ADP-200010,19860925,22.95401,22.95401,22.62134,22.62134,13227,34.00000
ADP-200010,19860926,22.28867,22.45500,22.12234,22.20550,14129,33.37500
ADP-200010,19860929,21.78967,22.20550,21.29067,21.62334,19389,32.50000
ADP-200010,19860930,21.29067,21.62334,21.29067,21.62334,68087,32.50000
ADP-200010,19861001,21.95600,22.28867,21.62334,21.87284,22095,32.87500
ADP-200010,19861002,21.78967,21.95600,21.70650,21.87284,6313,32.87500
ADP-200010,19861003,21.87284,21.87284,21.87284,21.87284,3157,32.87500
ADP-200010,19861006,21.87284,22.03917,21.87284,22.03917,4960,33.12500
ADP-200010,19861007,22.20550,22.20550,22.03917,22.03917,3457,33.12500
ADP-200010,19861008,22.28867,22.62134,21.95600,22.53817,18938,33.87500
ADP-200010,19861009,22.62134,23.03717,22.62134,23.03717,10221,34.62500
ADP-200010,19861010,23.12034,23.12034,22.87084,22.87084,20291,34.37500
ADP-200010,19861013,22.95401,23.12034,22.95401,23.12034,6313,34.75000
ADP-200010,19861014,23.12034,23.12034,22.78767,22.78767,23598,34.25000
ADP-200010,19861015,22.95401,22.95401,22.45500,22.45500,14730,33.75000
ADP-200010,19861016,22.62134,22.78767,22.45500,22.70451,7215,34.12500
ADP-200010,19861017,22.53817,22.87084,22.53817,22.87084,10672,34.37500
ADP-200010,19861020,22.70451,23.12034,22.70451,23.12034,21043,34.75000
ADP-200010,19861021,23.45300,23.78567,23.12034,23.28667,26754,35.00000
ADP-200010,19861022,23.12034,23.95200,23.12034,23.95200,13678,36.00000
ADP-200010,19861023,24.20150,24.61734,23.78567,24.45101,19089,36.75000
ADP-200010,19861024,24.28467,24.45101,24.20150,24.28467,9770,36.50000
ADP-200010,19861027,23.95200,24.28467,23.70250,23.78567,12626,35.75000
ADP-200010,19861028,23.95200,24.28467,23.70250,24.11834,311574,36.25000
ADP-200010,19861029,24.03517,24.28467,23.78567,23.95200,61473,36.00000
ADP-200010,19861030,24.28467,24.28467,23.95200,23.95200,4059,36.00000
ADP-200010,19861031,24.45101,24.86684,23.95200,24.78367,57265,37.25000
ADP-200010,19861103,25.28267,25.53217,24.95001,25.36584,11574,38.12500
ADP-200010,19861104,25.44900,25.78167,25.19950,25.28267,30662,38.00000
ADP-200010,19861105,24.70051,25.11634,24.28467,24.36784,48247,36.62500
ADP-200010,19861106,24.45101,24.53417,24.36784,24.45101,10071,36.75000
ADP-200010,19861107,24.61734,24.61734,24.45101,24.45101,10371,36.75000
ADP-200010,19861110,24.61734,24.70051,24.53417,24.61734,9019,37.00000
ADP-200010,19861111,24.78367,25.11634,24.53417,24.70051,16083,37.12500
ADP-200010,19861112,24.78367,24.86684,24.61734,24.78367,10221,37.25000
ADP-200010,19861113,25.11634,25.36584,24.95001,25.28267,24199,38.00000
ADP-200010,19861114,25.11634,25.11634,24.70051,24.70051,15181,37.12500
ADP-200010,19861117,24.53417,24.53417,24.28467,24.28467,14580,36.50000
ADP-200010,19861118,24.20150,24.20150,23.95200,23.95200,64630,36.00000
ADP-200010,19861119,24.11834,24.28467,23.95200,24.11834,42686,36.25000
ADP-200010,19861120,24.03517,24.45101,24.03517,24.45101,8868,36.75000
ADP-200010,19861121,24.61734,24.86684,24.28467,24.61734,11574,37.00000
ADP-200010,19861124,25.03317,25.44900,24.61734,24.95001,22095,37.50000
ADP-200010,19861125,24.78367,25.19950,24.78367,25.19950,19089,37.87500
ADP-200010,19861126,25.11634,25.19950,25.03317,25.11634,10371,37.75000
ADP-200010,19861128,24.70051,25.11634,24.28467,24.45101,14129,36.75000
ADP-200010,19861201,24.36784,24.45101,24.28467,24.36784,3157,36.62500
ADP-200010,19861202,24.53417,24.95001,24.53417,24.95001,25251,37.50000
ADP-200010,19861203,24.78367,24.95001,24.70051,24.78367,3758,37.25000
ADP-200010,19861204,24.53417,24.78367,24.28467,24.61734,18938,37.00000
ADP-200010,19861205,24.61734,24.61734,24.11834,24.11834,31263,36.25000
ADP-200010,19861208,24.20150,24.45101,23.95200,24.03517,31413,36.12500
ADP-200010,19861209,24.03517,24.45101,24.03517,24.45101,11874,36.75000
ADP-200010,19861210,24.70051,24.78367,24.61734,24.70051,12626,37.12500
ADP-200010,19861211,24.86684,24.86684,24.61734,24.61734,34419,37.00000
ADP-200010,19861212,24.53417,24.78367,24.28467,24.61734,52155,37.00000
ADP-200010,19861215,24.20150,24.45101,23.95200,24.20150,9770,36.37500
ADP-200010,19861216,24.03517,24.28467,23.78567,23.86884,3908,35.87500
ADP-200010,19861217,23.86884,23.86884,23.45300,23.45300,28107,35.25000
ADP-200010,19861218,23.45300,23.53617,23.45300,23.53617,6013,35.37500
ADP-200010,19861219,22.95401,23.45300,22.95401,23.45300,31564,35.25000
ADP-200010,19861222,23.28667,23.36984,23.20351,23.28667,11724,35.00000
ADP-200010,19861223,22.87084,23.28667,22.45500,22.78767,18037,34.25000
ADP-200010,19861224,22.37184,22.78767,22.37184,22.78767,10822,34.25000
ADP-200010,19861226,22.62134,22.78767,22.62134,22.78767,12626,34.25000
ADP-200010,19861229,22.45500,22.78767,22.20550,22.28867,11874,33.50000
ADP-200010,19861230,21.95600,22.37184,21.62334,21.95600,18337,33.00000
ADP-200010,19861231,21.95600,22.12234,21.87284,22.03917,15932,33.12500
ADP-200010,19870102,22.20550,22.45500,22.20550,22.45500,2556,33.75000
ADP-200010,19870105,22.28867,22.62134,22.28867,22.62134,21944,34.00000
ADP-200010,19870106,22.62134,22.95401,22.62134,22.95401,42235,34.50000
ADP-200010,19870107,23.03717,23.20351,22.87084,23.12034,14580,34.75000
ADP-200010,19870108,23.20351,23.53617,23.20351,23.53617,32465,35.37500
ADP-200010,19870109,23.70250,23.70250,23.28667,23.28667,22546,35.00000
ADP-200010,19870112,23.28667,23.53617,23.28667,23.53617,21043,35.37500
ADP-200010,19870113,23.45300,23.95200,23.45300,23.95200,6463,36.00000
ADP-200010,19870114,24.61734,25.03317,24.11834,24.95001,20742,37.50000
ADP-200010,19870115,25.11634,25.44900,24.86684,25.03317,18337,37.62500
ADP-200010,19870116,25.11634,25.11634,24.20150,24.20150,20742,36.37500
ADP-200010,19870119,23.78567,24.03517,23.61934,23.70250,6914,35.62500
ADP-200010,19870120,23.28667,23.61934,22.95401,23.12034,65682,34.75000
ADP-200010,19870121,23.12034,23.12034,22.95401,22.95401,5712,34.50000
ADP-200010,19870122,22.87084,23.28667,22.45500,22.78767,18788,34.25000
ADP-200010,19870123,23.45300,23.45300,22.87084,22.87084,76654,34.37500
ADP-200010,19870126,22.62134,22.87084,22.28867,22.37184,99049,33.62500
ADP-200010,19870127,22.45500,22.45500,21.95600,21.95600,6614,33.00000
ADP-200010,19870128,22.20550,22.45500,21.95600,22.03917,13377,33.12500
ADP-200010,19870129,22.28867,22.53817,22.12234,22.20550,23598,33.37500
ADP-200010,19870130,22.12234,22.53817,22.12234,22.53817,5562,33.87500
ADP-200010,19870202,22.28867,22.62134,22.28867,22.62134,104159,34.00000
ADP-200010,19870203,22.78767,23.86884,22.78767,23.86884,43738,35.87500
ADP-200010,19870204,24.45101,25.19950,23.78567,25.11634,51854,37.75000
ADP-200010,19870205,25.44900,25.94800,24.95001,25.78167,47195,38.75000
ADP-200010,19870206,25.94800,26.19751,25.61534,25.94800,24199,39.00000
ADP-200010,19870209,25.94800,26.11434,25.78167,26.03117,15031,39.12500
ADP-200010,19870210,25.94800,26.44701,25.94800,26.44701,35622,39.75000
ADP-200010,19870211,26.28067,27.27867,26.28067,27.27867,59369,41.00000
ADP-200010,19870212,27.69450,28.11034,27.27867,27.61134,67035,41.50000
ADP-200010,19870213,27.69450,27.94401,27.44500,27.77767,33367,41.75000
ADP-200010,19870217,27.52817,28.11034,26.94600,27.11234,38928,40.75000
ADP-200010,19870218,27.19550,27.36184,27.02917,27.11234,26003,40.75000
ADP-200010,19870219,27.27867,27.52817,27.02917,27.27867,19389,41.00000
ADP-200010,19870220,27.27867,27.44500,27.11234,27.27867,16083,41.00000
ADP-200010,19870223,27.27867,27.44500,27.11234,27.27867,23748,41.00000
ADP-200010,19870224,27.11234,27.36184,27.11234,27.36184,25251,41.12500
ADP-200010,19870225,27.77767,28.11034,27.36184,28.02717,25852,42.12500
ADP-200010,19870226,28.27667,28.60934,28.02717,28.35984,22245,42.62500
ADP-200010,19870227,28.52617,28.52617,28.27667,28.27667,9620,42.50000
ADP-200010,19870302,28.27667,28.35984,28.27667,28.35984,29610,42.62500
ADP-200010,19870303,27.94401,28.94200,27.94401,28.94200,226804,43.50000
ADP-200010,19870304,29.10834,29.27467,28.94200,29.02517,13077,43.62500
ADP-200010,19870305,29.19150,29.19150,28.94200,28.94200,25401,43.50000
ADP-200010,19870306,28.85884,28.85884,27.94401,27.94401,37576,42.00000
ADP-200010,19870309,27.61134,27.94401,27.27867,27.52817,21794,41.37500
ADP-200010,19870310,27.69450,27.69450,27.52817,27.52817,35772,41.37500
ADP-200010,19870311,27.27867,27.69450,26.94600,27.36184,15632,41.12500
ADP-200010,19870312,27.27867,27.36184,27.19550,27.27867,4209,41.00000
ADP-200010,19870313,26.86284,27.27867,26.44701,26.69651,12926,40.12500
ADP-200010,19870316,26.36384,26.61334,26.11434,26.44701,13227,39.75000
ADP-200010,19870317,26.61334,27.36184,26.61334,27.36184,10221,41.12500
ADP-200010,19870318,27.77767,27.77767,27.27867,27.27867,13978,41.00000
ADP-200010,19870319,26.94600,27.11234,26.77967,26.94600,13978,40.50000
ADP-200010,19870320,27.27867,27.61134,26.94600,27.02917,33217,40.62500
ADP-200010,19870323,27.11234,27.44500,26.86284,27.02917,39079,40.62500
ADP-200010,19870324,27.11234,27.11234,26.94600,26.94600,13828,40.50000
ADP-200010,19870325,27.02917,27.02917,26.77967,26.77967,8267,40.25000
ADP-200010,19870326,26.86284,26.86284,26.77967,26.77967,6163,40.25000
ADP-200010,19870327,26.77967,26.77967,26.61334,26.61334,11423,40.00000
ADP-200010,19870330,26.11434,26.44701,25.78167,26.36384,15181,39.62500
ADP-200010,19870331,26.44701,26.61334,26.19751,26.53017,10972,39.87500
ADP-200010,19870401,26.36384,26.36384,26.19751,26.19751,3457,39.37500
ADP-200010,19870402,26.36384,26.36384,26.11434,26.11434,21944,39.25000
ADP-200010,19870403,26.28067,26.61334,26.28067,26.61334,11123,40.00000
ADP-200010,19870406,26.61334,26.61334,25.94800,25.94800,23898,39.00000
ADP-200010,19870407,26.11434,26.11434,25.61534,25.61534,71694,38.50000
ADP-200010,19870408,25.78167,25.78167,25.53217,25.53217,48097,38.37500
ADP-200010,19870409,25.69850,25.69850,25.28267,25.28267,7516,38.00000
ADP-200010,19870410,24.95001,25.28267,24.61734,24.70051,26754,37.12500
ADP-200010,19870413,24.45101,24.61734,24.28467,24.45101,10672,36.75000
ADP-200010,19870414,24.11834,24.36784,23.95200,24.11834,18938,36.25000
ADP-200010,19870415,23.78567,24.03517,23.53617,23.61934,36373,35.50000
ADP-200010,19870416,23.86884,23.86884,23.28667,23.28667,25401,35.00000
ADP-200010,19870420,22.95401,23.28667,22.62134,22.70451,20892,34.12500
ADP-200010,19870421,22.78767,22.95401,22.70451,22.87084,38327,34.37500
ADP-200010,19870422,23.12034,23.36984,22.87084,22.95401,24499,34.50000
ADP-200010,19870423,23.12034,23.20351,22.95401,23.12034,24499,34.75000
ADP-200010,19870424,23.03717,23.03717,22.70451,22.70451,4209,34.12500
ADP-200010,19870427,22.28867,22.53817,21.95600,22.03917,26003,33.12500
ADP-200010,19870428,21.78967,22.20550,21.45701,21.62334,26453,32.50000
ADP-200010,19870429,21.78967,23.28667,21.78967,23.28667,40431,35.00000
ADP-200010,19870430,23.53617,23.95200,23.12034,23.61934,41333,35.50000
ADP-200010,19870501,23.28667,23.86884,23.28667,23.86884,11874,35.87500
ADP-200010,19870504,23.86884,24.78367,23.86884,24.78367,18187,37.25000
ADP-200010,19870505,25.36584,25.94800,24.78367,25.53217,57866,38.37500
ADP-200010,19870506,25.28267,25.61534,25.28267,25.61534,15031,38.50000
ADP-200010,19870507,25.78167,26.03117,25.53217,25.69850,22395,38.62500
ADP-200010,19870508,25.61534,25.78167,25.53217,25.69850,11423,38.62500
ADP-200010,19870511,25.78167,26.03117,25.61534,25.69850,37125,38.62500
ADP-200010,19870512,25.61534,25.78167,25.53217,25.61534,2706,38.50000
ADP-200010,19870513,25.11634,25.44900,24.70051,24.86684,21493,37.37500
ADP-200010,19870514,25.19950,25.61534,24.78367,25.28267,71994,38.00000
ADP-200010,19870515,25.11634,25.11634,24.61734,24.61734,15331,37.00000
ADP-200010,19870518,24.45101,24.45101,23.95200,23.95200,6313,36.00000
ADP-200010,19870519,23.78567,23.95200,23.61934,23.70250,40882,35.62500
ADP-200010,19870520,23.45300,23.45300,22.95401,22.95401,15932,34.50000
ADP-200010,19870521,23.12034,23.28667,22.95401,23.03717,12325,34.62500
ADP-200010,19870522,22.95401,23.12034,22.95401,23.12034,6013,34.75000
ADP-200010,19870526,23.12034,23.20351,22.95401,23.12034,5111,34.75000
ADP-200010,19870527,23.03717,23.03717,22.87084,22.87084,9019,34.37500
ADP-200010,19870528,22.45500,22.78767,22.12234,22.20550,13227,33.37500
ADP-200010,19870529,22.62134,22.62134,21.95600,21.95600,41183,33.00000
ADP-200010,19870601,22.20550,22.20550,21.95600,21.95600,30812,33.00000
ADP-200010,19870602,21.78967,22.12234,21.54017,21.95600,10972,33.00000
ADP-200010,19870603,22.12234,22.37184,21.95600,22.20550,22395,33.37500
ADP-200010,19870604,21.95600,22.12234,21.78967,21.87284,97846,32.87500
ADP-200010,19870605,21.87284,22.28867,21.87284,22.28867,8718,33.50000
ADP-200010,19870608,22.12234,22.12234,21.70650,21.70650,18037,32.62500
ADP-200010,19870609,21.78967,21.95600,21.62334,21.78967,29159,32.75000
ADP-200010,19870610,22.53817,23.12034,21.95600,22.87084,16834,34.37500
ADP-200010,19870611,22.62134,22.78767,22.45500,22.53817,10822,33.87500
ADP-200010,19870612,22.20550,22.37184,22.03917,22.12234,15782,33.25000
ADP-200010,19870615,22.37184,22.37184,21.95600,21.95600,11273,33.00000
ADP-200010,19870616,21.95600,22.37184,21.95600,22.37184,25852,33.62500
ADP-200010,19870617,22.53817,22.53817,22.12234,22.12234,17435,33.25000
ADP-200010,19870618,21.87284,22.12234,21.62334,21.70650,18487,32.62500
ADP-200010,19870619,21.29067,21.54017,21.12434,21.20751,29459,31.87500
ADP-200010,19870622,20.29267,21.20751,19.29467,19.54417,47946,29.37500
ADP-200010,19870623,17.96401,18.96200,16.96600,17.29867,433017,26.00000
ADP-200010,19870624,17.29867,17.46501,17.13234,17.21550,113027,25.87500
ADP-200010,19870625,17.29867,17.46501,17.13234,17.38184,34269,26.12500
ADP-200010,19870626,17.21550,17.38184,17.21550,17.38184,64179,26.12500
ADP-200010,19870629,17.96401,18.62934,17.29867,18.21350,70642,27.37500
ADP-200010,19870630,18.37984,18.37984,17.71451,17.71451,29910,26.62500
ADP-200010,19870701,18.13034,18.46300,17.88084,18.37984,24800,27.62500
ADP-200010,19870702,18.13034,18.46300,17.79767,18.21350,25401,27.37500
ADP-200010,19870706,18.29667,18.54617,18.29667,18.54617,34419,27.87500
ADP-200010,19870707,18.46300,18.54617,18.29667,18.37984,12475,27.62500
ADP-200010,19870708,18.29667,18.37984,18.29667,18.37984,9019,27.62500
ADP-200010,19870709,18.29667,18.62934,17.96401,18.04717,18638,27.12500
ADP-200010,19870710,18.04717,18.13034,17.96401,18.04717,6313,27.12500
ADP-200010,19870713,17.79767,18.13034,17.79767,18.13034,28107,27.25000
ADP-200010,19870714,18.21350,18.54617,18.21350,18.54617,6463,27.87500
ADP-200010,19870715,18.62934,18.96200,18.37984,18.62934,24349,28.00000
ADP-200010,19870716,18.79567,19.04517,18.54617,18.96200,16233,28.50000
ADP-200010,19870717,18.79567,18.96200,18.79567,18.96200,6914,28.50000
ADP-200010,19870720,18.71250,18.87884,18.54617,18.79567,13077,28.25000
ADP-200010,19870721,18.96200,19.12834,18.71250,18.79567,9770,28.25000
ADP-200010,19870722,18.96200,18.96200,18.62934,18.62934,17285,28.00000
ADP-200010,19870723,18.79567,18.79567,18.46300,18.46300,10972,27.75000
ADP-200010,19870724,18.54617,18.54617,18.29667,18.29667,11273,27.50000
ADP-200010,19870727,18.54617,18.54617,18.46300,18.46300,4510,27.75000
ADP-200010,19870728,18.54617,18.79567,18.54617,18.79567,17886,28.25000
ADP-200010,19870729,18.71250,18.87884,18.71250,18.87884,3758,28.37500
ADP-200010,19870730,19.04517,19.04517,17.71451,17.71451,18337,26.62500
ADP-200010,19870731,17.38184,17.71451,17.04917,17.38184,36524,26.12500
ADP-200010,19870803,17.46501,17.79767,17.46501,17.79767,7666,26.75000
ADP-200010,19870804,17.71451,17.71451,17.63134,17.63134,2856,26.50000
ADP-200010,19870805,17.79767,18.04717,17.63134,17.96401,28858,27.00000
ADP-200010,19870806,18.46300,18.79567,18.04717,18.37984,19990,27.62500
ADP-200010,19870807,18.46300,18.46300,18.29667,18.29667,16984,27.50000
ADP-200010,19870810,18.46300,18.54617,18.29667,18.46300,13828,27.75000
ADP-200010,19870811,18.62934,18.79567,18.37984,18.62934,54109,28.00000
ADP-200010,19870812,18.62934,18.62934,18.13034,18.13034,30211,27.25000
ADP-200010,19870813,18.29667,18.37984,18.13034,18.29667,53808,27.50000
ADP-200010,19870814,18.37984,18.37984,18.29667,18.29667,16383,27.50000
ADP-200010,19870817,18.46300,18.46300,18.29667,18.29667,9920,27.50000
ADP-200010,19870818,17.96401,18.37984,17.63134,17.96401,23598,27.00000
ADP-200010,19870819,18.13034,18.29667,18.04717,18.21350,38027,27.37500
ADP-200010,19870820,18.46300,18.46300,18.13034,18.13034,55912,27.25000
ADP-200010,19870821,18.21350,18.29667,18.21350,18.29667,69890,27.50000
ADP-200010,19870824,18.21350,18.29667,18.21350,18.29667,31564,27.50000
ADP-200010,19870825,18.29667,18.29667,18.29667,18.29667,42986,27.50000
ADP-200010,19870826,18.13034,18.29667,17.96401,18.13034,59520,27.25000
ADP-200010,19870827,18.13034,18.13034,17.79767,17.79767,26003,26.75000
ADP-200010,19870828,17.79767,17.79767,17.79767,17.79767,2105,26.75000
ADP-200010,19870831,17.71451,17.96401,17.46501,17.63134,21043,26.50000
ADP-200010,19870901,17.79767,17.79767,17.46501,17.46501,18337,26.25000
ADP-200010,19870902,17.46501,17.79767,17.46501,17.79767,11123,26.75000
ADP-200010,19870903,17.63134,17.79767,17.63134,17.79767,3608,26.75000
ADP-200010,19870904,17.79767,17.79767,17.29867,17.29867,34870,26.00000
ADP-200010,19870908,16.55017,17.13234,15.96801,16.30067,89730,24.50000
ADP-200010,19870909,16.55017,16.79967,16.30067,16.63334,27355,25.00000
ADP-200010,19870910,16.79967,16.79967,16.30067,16.30067,57265,24.50000
ADP-200010,19870911,16.38384,17.96401,16.38384,17.96401,38778,27.00000
ADP-200010,19870914,18.21350,18.29667,18.21350,18.29667,21944,27.50000
ADP-200010,19870915,18.13034,18.29667,18.13034,18.29667,6163,27.50000
ADP-200010,19870916,18.21350,18.21350,17.79767,17.79767,12776,26.75000
ADP-200010,19870917,17.54817,17.63134,17.54817,17.63134,4209,26.50000
ADP-200010,19870918,17.63134,17.63134,17.13234,17.13234,14580,25.75000
ADP-200010,19870921,17.21550,17.21550,16.96600,16.96600,7966,25.50000
ADP-200010,19870922,16.96600,16.96600,16.96600,16.96600,6013,25.50000
ADP-200010,19870923,17.04917,17.38184,17.04917,17.38184,13227,26.12500
ADP-200010,19870924,17.38184,17.46501,17.29867,17.38184,15632,26.12500
ADP-200010,19870925,17.29867,17.38184,17.29867,17.38184,10672,26.12500
ADP-200010,19870928,17.13234,17.38184,16.88284,16.96600,23447,25.50000
ADP-200010,19870929,16.71650,16.79967,16.63334,16.71650,10822,25.12500
ADP-200010,19870930,16.46700,16.63334,16.21751,16.30067,6163,24.50000
ADP-200010,19871001,16.13434,16.79967,16.13434,16.79967,33367,25.25000
ADP-200010,19871002,16.96600,17.04917,16.79967,16.88284,7816,25.37500
ADP-200010,19871005,16.79967,16.79967,16.63334,16.63334,8267,25.00000
ADP-200010,19871006,16.46700,16.46700,15.88484,15.88484,28708,23.87500
ADP-200010,19871007,15.63534,15.96801,15.30267,15.38584,15932,23.12500
ADP-200010,19871008,15.13634,15.30267,15.05317,15.21950,33518,22.87500
ADP-200010,19871009,15.38584,15.55217,15.21950,15.46900,16383,23.25000
ADP-200010,19871012,15.21950,15.30267,15.13634,15.21950,25251,22.87500
ADP-200010,19871013,15.13634,15.30267,15.05317,15.13634,6313,22.75000
ADP-200010,19871014,14.88684,14.97001,14.88684,14.97001,28257,22.50000
ADP-200010,19871015,14.97001,15.30267,14.72050,15.13634,6764,22.75000
ADP-200010,19871016,15.30267,15.30267,14.80367,14.80367,44039,22.25000
ADP-200010,19871019,13.97201,14.80367,13.22351,13.30667,99349,20.00000
ADP-200010,19871020,12.72450,13.30667,12.14234,12.30867,65532,18.50000
ADP-200010,19871021,12.80767,13.38984,12.14234,12.80767,57265,19.25000
ADP-200010,19871022,12.22551,12.80767,11.64334,12.22551,19690,18.37500
ADP-200010,19871023,12.05917,12.05917,11.31067,11.31067,47646,17.00000
ADP-200010,19871026,10.14634,10.47901,10.14634,10.47901,72896,15.75000
ADP-200010,19871027,10.47901,11.22750,10.47901,11.22750,13077,16.87500
ADP-200010,19871028,10.97800,11.47701,10.39584,11.06117,112576,16.62500
ADP-200010,19871029,10.89484,11.06117,10.72851,10.89484,29459,16.37500
ADP-200010,19871030,10.81167,11.06117,10.64534,10.97800,187726,16.50000
ADP-200010,19871102,10.97800,11.14434,10.89484,11.06117,13978,16.62500
ADP-200010,19871103,10.97800,10.97800,10.81167,10.81167,7065,16.25000
ADP-200010,19871104,10.31267,10.47901,10.06317,10.39584,21644,15.62500
ADP-200010,19871105,10.22950,10.56217,10.22950,10.56217,35471,15.87500
ADP-200010,19871106,10.31267,10.39584,10.14634,10.31267,31263,15.50000
ADP-200010,19871109,9.98000,10.39584,9.98000,10.39584,47796,15.62500
ADP-200010,19871110,10.14634,10.22950,9.98000,10.06317,194790,15.12500
ADP-200010,19871111,10.22950,10.22950,9.98000,9.98000,6313,15.00000
ADP-200010,19871112,10.06317,10.06317,9.98000,9.98000,6614,15.00000
ADP-200010,19871113,9.98000,10.06317,9.89684,9.98000,17285,15.00000
ADP-200010,19871116,10.14634,10.31267,9.98000,10.14634,36373,15.25000
ADP-200010,19871117,9.89684,9.89684,9.73051,9.73051,9620,14.62500
ADP-200010,19871118,9.39784,9.73051,9.39784,9.73051,16083,14.62500
ADP-200010,19871119,9.89684,9.89684,9.64734,9.64734,5111,14.50000
ADP-200010,19871120,9.64734,9.98000,9.31467,9.64734,19239,14.50000
ADP-200010,19871123,9.31467,9.56417,9.14834,9.31467,14129,14.00000
ADP-200010,19871124,8.98201,9.23150,8.81567,9.14834,19389,13.75000
ADP-200010,19871125,9.14834,9.23150,9.06517,9.14834,15181,13.75000
ADP-200010,19871127,9.23150,9.31467,9.14834,9.23150,2856,13.87500
ADP-200010,19871130,9.39784,9.56417,9.23150,9.31467,27355,14.00000
ADP-200010,19871201,9.31467,9.64734,9.06517,9.31467,50802,14.00000
ADP-200010,19871202,9.48100,9.56417,9.31467,9.39784,8417,14.12500
ADP-200010,19871203,9.31467,9.39784,9.14834,9.23150,37275,13.87500
ADP-200010,19871204,9.14834,9.14834,8.31667,8.31667,42085,12.50000
ADP-200010,19871207,8.39984,8.39984,8.23350,8.23350,34269,12.37500
ADP-200010,19871208,8.39984,8.48300,8.31667,8.39984,7215,12.62500
ADP-200010,19871209,8.39984,8.98201,8.39984,8.98201,33367,13.50000
ADP-200010,19871210,8.73251,8.73251,8.64934,8.64934,20742,13.00000
ADP-200010,19871211,8.73251,8.73251,8.64934,8.64934,16984,13.00000
ADP-200010,19871214,8.98201,9.23150,8.64934,9.06517,34720,13.62500
ADP-200010,19871215,8.81567,9.14834,8.81567,9.14834,18788,13.75000
ADP-200010,19871216,8.98201,9.14834,8.89884,8.98201,34419,13.50000
ADP-200010,19871217,8.81567,8.81567,8.48300,8.48300,74399,12.75000
ADP-200010,19871218,8.48300,8.81567,8.48300,8.81567,100101,13.25000
ADP-200010,19871221,8.73251,8.89884,8.73251,8.89884,8117,13.37500
ADP-200010,19871222,8.64934,8.81567,8.56617,8.73251,17886,13.12500
ADP-200010,19871223,8.81567,8.98201,8.73251,8.81567,18788,13.25000
ADP-200010,19871224,8.64934,8.89884,8.64934,8.89884,12926,13.37500
ADP-200010,19871228,8.98201,8.98201,8.73251,8.73251,64930,13.12500
ADP-200010,19871229,8.56617,8.64934,8.48300,8.56617,11123,12.87500
ADP-200010,19871230,8.81567,8.98201,8.56617,8.81567,38327,13.25000
ADP-200010,19871231,8.73251,8.81567,8.64934,8.73251,61624,13.12500
ADP-200010,19880104,8.89884,9.14834,8.89884,9.14834,4209,13.75000
ADP-200010,19880105,9.31467,9.48100,9.31467,9.48100,20141,14.25000
ADP-200010,19880106,9.56417,9.73051,9.39784,9.56417,45091,14.37500
ADP-200010,19880107,9.81367,10.14634,9.39784,9.98000,99500,15.00000
ADP-200010,19880108,9.98000,9.98000,9.14834,9.14834,23147,13.75000
ADP-200010,19880111,9.39784,9.39784,9.06517,9.06517,6914,13.62500
ADP-200010,19880112,8.98201,8.98201,8.64934,8.64934,60872,13.00000
ADP-200010,19880113,8.64934,8.73251,8.64934,8.73251,6914,13.12500
ADP-200010,19880114,8.81567,8.81567,8.81567,8.81567,1203,13.25000
ADP-200010,19880115,8.89884,8.89884,8.64934,8.64934,17886,13.00000
ADP-200010,19880118,8.56617,8.81567,8.56617,8.81567,6013,13.25000
ADP-200010,19880119,8.73251,8.73251,8.56617,8.56617,19540,12.87500
ADP-200010,19880120,8.48300,8.56617,8.31667,8.48300,23898,12.75000
ADP-200010,19880121,8.39984,8.56617,8.39984,8.56617,3908,12.87500
ADP-200010,19880122,8.39984,8.56617,8.39984,8.56617,5862,12.87500
ADP-200010,19880125,8.48300,8.64934,8.48300,8.64934,2405,13.00000
ADP-200010,19880126,8.48300,8.56617,8.48300,8.56617,5562,12.87500
ADP-200010,19880127,8.56617,8.56617,8.39984,8.39984,12626,12.62500
ADP-200010,19880128,8.39984,8.39984,8.31667,8.31667,15181,12.50000
ADP-200010,19880129,8.39984,8.39984,8.31667,8.31667,5261,12.50000
ADP-200010,19880201,8.39984,8.64934,8.39984,8.64934,14880,13.00000
ADP-200010,19880202,8.64934,8.64934,8.64934,8.64934,752,13.00000
ADP-200010,19880203,8.73251,8.81567,8.64934,8.73251,6313,13.12500
ADP-200010,19880204,8.64934,8.81567,8.64934,8.81567,4209,13.25000
ADP-200010,19880205,8.81567,8.81567,8.64934,8.64934,7065,13.00000
ADP-200010,19880208,8.64934,8.64934,8.56617,8.56617,752,12.87500
ADP-200010,19880209,8.64934,8.89884,8.64934,8.89884,24499,13.37500
ADP-200010,19880210,9.06517,9.06517,8.98201,8.98201,21794,13.50000
ADP-200010,19880211,9.31467,9.64734,8.98201,9.39784,77856,14.12500
ADP-200010,19880212,9.48100,9.73051,9.31467,9.39784,35922,14.12500
ADP-200010,19880216,9.31467,10.56217,9.31467,10.56217,167285,15.87500
ADP-200010,19880217,11.14434,11.47701,10.81167,10.89484,103558,16.37500
ADP-200010,19880218,10.72851,11.06117,10.72851,11.06117,35171,16.62500
ADP-200010,19880219,11.22750,11.56017,10.89484,11.47701,35021,17.25000
ADP-200010,19880222,11.56017,11.56017,11.47701,11.47701,16834,17.25000
ADP-200010,19880223,11.64334,11.64334,11.06117,11.06117,37425,16.62500
ADP-200010,19880224,10.89484,11.47701,10.89484,11.47701,27205,17.25000
ADP-200010,19880225,11.31067,11.47701,11.31067,11.47701,46594,17.25000
ADP-200010,19880226,11.56017,11.64334,11.56017,11.64334,6163,17.50000
ADP-200010,19880229,11.64334,12.30867,11.64334,12.30867,81163,18.50000
ADP-200010,19880301,12.22551,12.22551,11.80967,11.80967,15331,17.75000
ADP-200010,19880302,11.80967,11.97600,11.64334,11.80967,25702,17.75000
ADP-200010,19880303,11.89284,11.97600,11.80967,11.89284,7966,17.87500
ADP-200010,19880304,11.72650,11.80967,11.72650,11.80967,5712,17.75000
ADP-200010,19880307,11.56017,11.64334,11.56017,11.64334,18187,17.50000
ADP-200010,19880308,12.14234,12.30867,11.97600,12.05917,33668,18.12500
ADP-200010,19880309,12.22551,12.22551,12.14234,12.14234,10071,18.25000
ADP-200010,19880310,12.22551,12.22551,12.05917,12.05917,19990,18.12500
ADP-200010,19880311,12.05917,12.14234,12.05917,12.14234,9920,18.25000
ADP-200010,19880314,12.05917,12.14234,12.05917,12.14234,9469,18.25000
ADP-200010,19880315,12.22551,12.30867,12.14234,12.22551,11423,18.37500
ADP-200010,19880316,12.30867,12.30867,12.14234,12.14234,7065,18.25000
ADP-200010,19880318,12.30867,12.47501,12.22551,12.30867,16083,18.50000
ADP-200010,19880321,12.30867,12.30867,12.30867,12.30867,8117,18.50000
ADP-200010,19880322,12.97400,13.55617,12.30867,13.30667,63728,20.00000
ADP-200010,19880323,13.30667,13.38984,13.14034,13.30667,7215,20.00000
ADP-200010,19880324,12.97400,13.14034,12.97400,13.14034,25702,19.75000
ADP-200010,19880325,13.30667,13.30667,13.14034,13.14034,13377,19.75000
ADP-200010,19880328,13.14034,13.22351,13.05717,13.14034,11874,19.75000
ADP-200010,19880329,13.30667,13.30667,13.22351,13.22351,9319,19.87500
ADP-200010,19880330,13.30667,13.30667,13.30667,13.30667,9620,20.00000
ADP-200010,19880331,13.22351,13.30667,13.22351,13.30667,6313,20.00000
ADP-200010,19880404,13.14034,13.22351,13.05717,13.14034,1654,19.75000
ADP-200010,19880405,12.97400,13.22351,12.72450,12.89084,10972,19.37500
ADP-200010,19880406,12.64134,12.80767,12.47501,12.64134,12926,19.00000
ADP-200010,19880407,12.80767,13.05717,12.64134,12.97400,8417,19.50000
ADP-200010,19880408,12.89084,12.97400,12.80767,12.89084,5712,19.37500
ADP-200010,19880411,12.89084,12.97400,12.89084,12.97400,1954,19.50000
ADP-200010,19880412,12.89084,12.97400,12.80767,12.89084,9469,19.37500
ADP-200010,19880413,12.97400,12.97400,12.80767,12.80767,8568,19.25000
ADP-200010,19880414,12.80767,12.97400,12.72450,12.80767,8267,19.25000
ADP-200010,19880415,12.64134,12.80767,12.55817,12.64134,26453,19.00000
ADP-200010,19880418,12.55817,12.64134,12.55817,12.64134,7966,19.00000
ADP-200010,19880419,12.80767,12.80767,12.55817,12.55817,80862,18.87500
ADP-200010,19880420,12.55817,12.64134,12.55817,12.64134,7816,19.00000
ADP-200010,19880421,12.80767,12.80767,12.55817,12.55817,8267,18.87500
ADP-200010,19880422,12.64134,12.64134,12.47501,12.47501,4510,18.75000
ADP-200010,19880425,12.55817,12.55817,12.39184,12.39184,3457,18.62500
ADP-200010,19880426,12.47501,12.47501,12.47501,12.47501,2706,18.75000
ADP-200010,19880427,12.55817,12.64134,12.47501,12.55817,11724,18.87500
ADP-200010,19880428,12.64134,12.64134,12.55817,12.55817,11423,18.87500
ADP-200010,19880429,12.55817,12.64134,12.55817,12.64134,1353,19.00000
ADP-200010,19880502,12.55817,12.64134,12.55817,12.64134,18938,19.00000
ADP-200010,19880503,12.55817,12.55817,12.39184,12.39184,301,18.62500
ADP-200010,19880504,12.39184,12.47501,12.30867,12.39184,7065,18.62500
ADP-200010,19880505,12.30867,12.30867,12.30867,12.30867,1954,18.50000
ADP-200010,19880506,12.39184,12.39184,12.30867,12.30867,3157,18.50000
ADP-200010,19880509,12.39184,12.39184,12.22551,12.22551,5562,18.37500
ADP-200010,19880510,12.30867,12.39184,12.22551,12.30867,5862,18.50000
ADP-200010,19880511,12.39184,12.39184,12.30867,12.30867,902,18.50000
ADP-200010,19880512,12.39184,12.47501,12.39184,12.47501,1804,18.75000
ADP-200010,19880513,12.39184,12.47501,12.30867,12.39184,24650,18.62500
ADP-200010,19880516,12.39184,12.39184,12.30867,12.30867,9169,18.50000
ADP-200010,19880517,12.47501,12.47501,12.30867,12.30867,17736,18.50000
ADP-200010,19880518,12.30867,12.30867,12.30867,12.30867,86273,18.50000
ADP-200010,19880519,12.39184,12.39184,12.22551,12.22551,2556,18.37500
ADP-200010,19880520,12.22551,12.22551,12.22551,12.22551,301,18.37500
ADP-200010,19880523,12.30867,12.39184,12.14234,12.22551,8117,18.37500
ADP-200010,19880524,11.97600,12.14234,11.97600,12.14234,89580,18.25000
ADP-200010,19880525,12.22551,12.22551,12.14234,12.14234,5562,18.25000
ADP-200010,19880526,12.14234,12.14234,11.89284,11.89284,7666,17.87500
ADP-200010,19880527,11.80967,11.89284,11.64334,11.72650,9169,17.62500
ADP-200010,19880531,11.80967,11.80967,11.72650,11.72650,10371,17.62500
ADP-200010,19880601,11.80967,11.89284,11.64334,11.80967,16984,17.75000
ADP-200010,19880602,11.97600,12.05917,11.80967,11.97600,52606,18.00000
ADP-200010,19880603,12.05917,12.14234,11.97600,12.05917,1504,18.12500
ADP-200010,19880606,12.22551,12.39184,12.05917,12.22551,9169,18.37500
ADP-200010,19880607,12.47501,12.64134,12.30867,12.55817,28558,18.87500
ADP-200010,19880608,12.55817,12.80767,12.55817,12.80767,27355,19.25000
ADP-200010,19880609,12.80767,12.97400,12.80767,12.97400,19840,19.50000
ADP-200010,19880610,12.97400,13.30667,12.97400,13.30667,26604,20.00000
ADP-200010,19880613,13.72250,13.97201,13.47300,13.80567,27806,20.75000
ADP-200010,19880614,13.97201,13.97201,13.88884,13.88884,26303,20.87500
ADP-200010,19880615,13.97201,13.97201,13.88884,13.88884,2556,20.87500
ADP-200010,19880616,13.97201,13.97201,13.80567,13.80567,5562,20.75000
ADP-200010,19880617,13.72250,13.72250,13.47300,13.47300,22846,20.25000
ADP-200010,19880620,13.47300,13.63934,13.47300,13.63934,31413,20.50000
ADP-200010,19880621,13.38984,13.55617,13.22351,13.38984,17736,20.12500
ADP-200010,19880622,13.55617,13.55617,13.47300,13.47300,1954,20.25000
ADP-200010,19880623,13.38984,13.38984,13.30667,13.30667,5111,20.00000
ADP-200010,19880624,13.47300,13.47300,13.30667,13.30667,4660,20.00000
ADP-200010,19880627,13.38984,13.47300,13.30667,13.38984,5562,20.12500
ADP-200010,19880628,13.38984,13.38984,13.38984,13.38984,602,20.12500
ADP-200010,19880629,13.30667,13.38984,13.30667,13.38984,11423,20.12500
ADP-200010,19880630,13.47300,13.47300,13.47300,13.47300,8718,20.25000
ADP-200010,19880701,13.55617,13.63934,13.55617,13.63934,8568,20.50000
ADP-200010,19880705,13.47300,13.63934,13.47300,13.63934,5862,20.50000
ADP-200010,19880706,13.63934,13.63934,13.55617,13.55617,6313,20.37500
ADP-200010,19880707,13.47300,13.63934,13.47300,13.63934,3307,20.50000
ADP-200010,19880708,13.38984,13.47300,13.38984,13.47300,1654,20.25000
ADP-200010,19880711,13.72250,13.72250,13.63934,13.63934,9169,20.50000
ADP-200010,19880712,13.80567,13.80567,13.72250,13.72250,3758,20.62500
ADP-200010,19880713,13.72250,13.80567,13.72250,13.80567,18788,20.75000
ADP-200010,19880714,13.80567,13.88884,13.80567,13.88884,18037,20.87500
ADP-200010,19880715,13.80567,13.88884,13.72250,13.80567,25401,20.75000
ADP-200010,19880718,13.55617,13.63934,13.55617,13.63934,752,20.50000
ADP-200010,19880719,13.63934,13.80567,13.63934,13.80567,3457,20.75000
ADP-200010,19880720,13.72250,13.72250,13.47300,13.47300,27205,20.25000
ADP-200010,19880721,13.30667,13.47300,13.05717,13.14034,27205,19.75000
ADP-200010,19880722,13.14034,13.14034,12.97400,12.97400,21193,19.50000
ADP-200010,19880725,13.05717,13.14034,12.97400,13.05717,17736,19.62500
ADP-200010,19880726,13.22351,13.22351,13.14034,13.14034,1654,19.75000
ADP-200010,19880727,13.05717,13.22351,13.05717,13.22351,3608,19.87500
ADP-200010,19880728,12.97400,13.05717,12.80767,12.97400,2856,19.50000
ADP-200010,19880729,13.14034,13.14034,13.14034,13.14034,1654,19.75000
ADP-200010,19880801,12.97400,13.22351,12.97400,13.22351,58918,19.87500
ADP-200010,19880802,13.22351,13.30667,13.22351,13.30667,15181,20.00000
ADP-200010,19880803,13.38984,13.38984,13.14034,13.14034,36223,19.75000
ADP-200010,19880804,13.05717,13.14034,13.05717,13.14034,2856,19.75000
ADP-200010,19880805,12.80767,12.80767,12.80767,12.80767,5562,19.25000
ADP-200010,19880808,12.80767,12.97400,12.80767,12.97400,1353,19.50000
ADP-200010,19880809,12.80767,12.97400,12.72450,12.80767,7516,19.25000
ADP-200010,19880810,12.64134,12.80767,12.55817,12.64134,19239,19.00000
ADP-200010,19880811,12.64134,13.05717,12.14234,12.80767,38628,19.25000
ADP-200010,19880812,12.64134,12.80767,12.64134,12.80767,752,19.25000
ADP-200010,19880815,12.47501,12.64134,12.30867,12.47501,9019,18.75000
ADP-200010,19880816,12.47501,12.64134,12.47501,12.64134,4960,19.00000
ADP-200010,19880817,12.64134,12.64134,12.30867,12.30867,5261,18.50000
ADP-200010,19880818,12.30867,12.30867,12.30867,12.30867,151,18.50000
ADP-200010,19880822,12.14234,12.14234,11.97600,11.97600,2255,18.00000
ADP-200010,19880823,12.30867,12.30867,11.89284,11.89284,7816,17.87500
ADP-200010,19880824,11.89284,11.97600,11.89284,11.97600,2105,18.00000
ADP-200010,19880825,11.89284,11.89284,11.89284,11.89284,11273,17.87500
ADP-200010,19880826,11.80967,11.80967,11.80967,11.80967,151,17.75000
ADP-200010,19880830,11.72650,11.72650,11.72650,11.72650,3307,17.62500
ADP-200010,19880831,11.80967,11.80967,11.64334,11.64334,3457,17.50000
ADP-200010,19880901,11.72650,11.72650,11.56017,11.56017,2706,17.37500
ADP-200010,19880902,11.64334,11.64334,11.47701,11.47701,1053,17.25000
ADP-200010,19880906,11.64334,11.64334,11.56017,11.56017,4059,17.37500
ADP-200010,19880907,11.39384,11.39384,11.31067,11.31067,3457,17.00000
ADP-200010,19880908,11.14434,11.22750,11.14434,11.22750,1804,16.87500
ADP-200010,19880909,11.14434,11.22750,11.14434,11.22750,1053,16.87500
ADP-200010,19880912,10.89484,11.14434,10.89484,11.14434,77556,16.75000
ADP-200010,19880913,10.97800,10.97800,10.89484,10.89484,1504,16.37500
ADP-200010,19880914,10.89484,10.97800,10.89484,10.97800,9469,16.50000
ADP-200010,19880915,10.97800,10.97800,10.81167,10.81167,1203,16.25000
ADP-200010,19880916,10.89484,10.89484,10.89484,10.89484,301,16.37500
ADP-200010,19880919,10.81167,10.81167,10.81167,10.81167,8568,16.25000
ADP-200010,19880920,10.97800,10.97800,10.81167,10.81167,6163,16.25000
ADP-200010,19880921,10.81167,10.97800,10.81167,10.97800,13528,16.50000
ADP-200010,19880922,11.14434,11.14434,10.89484,10.89484,9620,16.37500
ADP-200010,19880923,10.81167,10.81167,10.81167,10.81167,1504,16.25000
ADP-200010,19880926,10.72851,10.72851,10.72851,10.72851,301,16.12500
ADP-200010,19880927,10.81167,10.81167,10.64534,10.64534,6463,16.00000
ADP-200010,19880928,10.64534,10.64534,10.64534,10.64534,301,16.00000
ADP-200010,19880929,10.81167,10.81167,10.72851,10.72851,1654,16.12500
ADP-200010,19880930,10.47901,10.64534,10.39584,10.56217,7215,15.87500
ADP-200010,19881003,10.47901,10.47901,10.47901,10.47901,301,15.75000
ADP-200010,19881004,10.31267,10.31267,10.31267,10.31267,301,15.50000
ADP-200010,19881005,10.47901,10.47901,10.39584,10.39584,12776,15.62500
ADP-200010,19881006,10.31267,10.31267,10.22950,10.22950,7215,15.37500
ADP-200010,19881007,10.22950,10.22950,10.22950,10.22950,1504,15.37500
ADP-200010,19881010,10.39584,10.39584,10.39584,10.39584,1053,15.62500
ADP-200010,19881011,10.31267,10.64534,10.31267,10.64534,5261,16.00000
ADP-200010,19881012,10.31267,10.47901,10.22950,10.39584,9920,15.62500
ADP-200010,19881013,10.31267,10.47901,10.22950,10.39584,5562,15.62500
ADP-200010,19881014,10.39584,10.39584,10.39584,10.39584,1804,15.62500
ADP-200010,19881017,10.39584,10.47901,10.39584,10.47901,2105,15.75000
ADP-200010,19881018,10.47901,10.64534,10.39584,10.56217,5712,15.87500
ADP-200010,19881019,10.47901,10.47901,10.39584,10.39584,1954,15.62500
ADP-200010,19881020,10.31267,10.47901,10.14634,10.22950,4059,15.37500
ADP-200010,19881021,10.22950,10.22950,10.14634,10.14634,1504,15.25000
ADP-200010,19881024,10.31267,10.31267,10.14634,10.14634,12025,15.25000
ADP-200010,19881025,10.22950,10.31267,10.14634,10.22950,3608,15.37500
ADP-200010,19881026,10.22950,10.22950,10.06317,10.06317,3908,15.12500
ADP-200010,19881027,10.14634,10.14634,10.06317,10.06317,2255,15.12500
ADP-200010,19881028,9.98000,9.98000,9.98000,9.98000,1203,15.00000
ADP-200010,19881031,9.98000,9.98000,9.89684,9.89684,2105,14.87500
ADP-200010,19881101,9.73051,9.73051,9.73051,9.73051,902,14.62500
ADP-200010,19881103,9.48100,9.64734,9.39784,9.56417,7666,14.37500
ADP-200010,19881104,9.73051,9.73051,9.64734,9.64734,12626,14.50000
ADP-200010,19881107,9.56417,9.56417,9.56417,9.56417,1504,14.37500
ADP-200010,19881108,9.73051,9.81367,9.73051,9.81367,4960,14.75000
ADP-200010,19881109,9.81367,9.89684,9.81367,9.89684,6914,14.87500
ADP-200010,19881110,9.73051,9.89684,9.73051,9.89684,2856,14.87500
ADP-200010,19881111,9.89684,9.89684,9.73051,9.73051,2405,14.62500
ADP-200010,19881114,9.81367,9.81367,9.64734,9.64734,2255,14.50000
ADP-200010,19881115,9.64734,9.64734,9.64734,9.64734,1203,14.50000
ADP-200010,19881116,9.81367,9.98000,9.64734,9.81367,6914,14.75000
ADP-200010,19881117,9.73051,9.81367,9.73051,9.81367,24650,14.75000
ADP-200010,19881118,9.81367,9.81367,9.64734,9.64734,1353,14.50000
ADP-200010,19881121,9.73051,9.73051,9.56417,9.56417,3157,14.37500
ADP-200010,19881122,9.48100,9.64734,9.31467,9.48100,16233,14.25000
ADP-200010,19881123,9.39784,9.48100,9.39784,9.48100,11273,14.25000
ADP-200010,19881125,9.31467,9.31467,9.31467,9.31467,602,14.00000
ADP-200010,19881128,9.31467,9.31467,9.31467,9.31467,1353,14.00000
ADP-200010,19881129,9.14834,9.39784,9.14834,9.39784,11273,14.12500
ADP-200010,19881130,9.23150,9.39784,9.23150,9.39784,1353,14.12500
ADP-200010,19881201,9.31467,9.39784,9.23150,9.31467,1804,14.00000
ADP-200010,19881202,9.23150,9.31467,9.23150,9.31467,1203,14.00000
ADP-200010,19881205,9.31467,9.31467,9.31467,9.31467,752,14.00000
ADP-200010,19881206,9.39784,9.39784,9.31467,9.31467,9469,14.00000
ADP-200010,19881207,9.48100,9.64734,9.39784,9.48100,20141,14.25000
ADP-200010,19881208,9.56417,9.56417,9.39784,9.39784,9620,14.12500
ADP-200010,19881209,9.39784,9.48100,9.39784,9.48100,3608,14.25000
ADP-200010,19881212,9.39784,9.48100,9.39784,9.48100,43588,14.25000
ADP-200010,19881213,9.48100,9.48100,9.31467,9.31467,2105,14.00000
ADP-200010,19881214,9.48100,9.48100,9.31467,9.31467,752,14.00000
ADP-200010,19881215,9.48100,9.64734,9.31467,9.48100,3758,14.25000
ADP-200010,19881216,9.73051,9.89684,9.73051,9.89684,7365,14.87500
ADP-200010,19881219,10.14634,10.22950,9.98000,10.14634,11423,15.25000
ADP-200010,19881220,10.06317,10.31267,10.06317,10.31267,5562,15.50000
ADP-200010,19881221,9.98000,10.14634,9.98000,10.14634,10522,15.25000
ADP-200010,19881222,9.98000,10.31267,9.98000,10.31267,4359,15.50000
ADP-200010,19881223,10.31267,10.39584,10.14634,10.31267,7516,15.50000
ADP-200010,19881227,10.22950,10.22950,10.14634,10.14634,902,15.25000
ADP-200010,19881228,10.14634,10.14634,10.06317,10.06317,4059,15.12500
ADP-200010,19881229,10.14634,10.31267,9.98000,10.14634,18037,15.25000
ADP-200010,19881230,10.14634,10.56217,10.14634,10.56217,16834,15.87500
ADP-200010,19890103,10.56217,10.56217,10.39584,10.39584,5712,15.62500
ADP-200010,19890104,10.47901,10.47901,10.31267,10.31267,25251,15.50000
ADP-200010,19890105,10.39584,10.39584,10.39584,10.39584,2556,15.62500
ADP-200010,19890106,10.22950,10.39584,10.22950,10.39584,4209,15.62500
ADP-200010,19890109,10.31267,10.39584,10.22950,10.31267,8568,15.50000
ADP-200010,19890110,10.31267,10.31267,10.31267,10.31267,3908,15.50000
ADP-200010,19890111,10.06317,10.22950,10.06317,10.22950,5562,15.37500
ADP-200010,19890112,10.31267,10.39584,10.22950,10.31267,44640,15.50000
ADP-200010,19890113,10.39584,10.39584,10.22950,10.22950,49299,15.37500
ADP-200010,19890116,10.14634,10.22950,9.98000,10.14634,8267,15.25000
ADP-200010,19890117,10.22950,10.31267,10.14634,10.22950,2706,15.37500
ADP-200010,19890118,10.22950,10.22950,10.14634,10.14634,5562,15.25000
ADP-200010,19890119,10.22950,10.22950,10.14634,10.14634,6614,15.25000
ADP-200010,19890120,10.31267,10.31267,10.22950,10.22950,10071,15.37500
ADP-200010,19890123,10.39584,10.39584,10.31267,10.31267,14730,15.50000
ADP-200010,19890124,10.31267,10.39584,10.22950,10.31267,20892,15.50000
ADP-200010,19890125,10.31267,10.64534,10.31267,10.64534,33668,16.00000
ADP-200010,19890126,10.81167,11.06117,10.64534,10.97800,17285,16.50000
ADP-200010,19890127,11.14434,11.14434,10.89484,10.89484,21794,16.37500
ADP-200010,19890130,10.97800,11.14434,10.89484,10.97800,16684,16.50000
ADP-200010,19890131,10.97800,11.14434,10.97800,11.14434,4510,16.75000
ADP-200010,19890201,10.97800,11.14434,10.81167,10.97800,6914,16.50000
ADP-200010,19890202,10.72851,10.89484,10.72851,10.89484,1954,16.37500
ADP-200010,19890203,10.89484,10.97800,10.81167,10.89484,5712,16.37500
ADP-200010,19890206,10.81167,10.89484,10.81167,10.89484,3908,16.37500
ADP-200010,19890207,10.97800,11.06117,10.97800,11.06117,9770,16.62500
ADP-200010,19890208,10.97800,11.06117,10.97800,11.06117,6914,16.62500
ADP-200010,19890209,11.06117,11.06117,10.64534,10.64534,11273,16.00000
ADP-200010,19890210,10.81167,10.81167,10.64534,10.64534,8568,16.00000
ADP-200010,19890213,10.81167,10.81167,10.72851,10.72851,3608,16.12500
ADP-200010,19890214,10.72851,10.89484,10.72851,10.89484,3157,16.37500
ADP-200010,19890215,10.72851,10.89484,10.72851,10.89484,2105,16.37500
ADP-200010,19890216,10.97800,10.97800,10.89484,10.89484,7816,16.37500
ADP-200010,19890217,10.89484,11.14434,10.89484,11.14434,3157,16.75000
ADP-200010,19890221,11.06117,11.14434,10.97800,11.06117,1504,16.62500
ADP-200010,19890222,11.14434,11.14434,10.89484,10.89484,4510,16.37500
ADP-200010,19890223,10.89484,10.89484,10.72851,10.72851,19389,16.12500
ADP-200010,19890224,10.72851,10.81167,10.72851,10.81167,7215,16.25000
ADP-200010,19890227,10.72851,10.81167,10.72851,10.81167,9019,16.25000
ADP-200010,19890228,10.81167,10.81167,10.72851,10.72851,12025,16.12500
ADP-200010,19890301,10.89484,10.89484,10.81167,10.81167,3307,16.25000
ADP-200010,19890302,10.97800,11.06117,10.81167,10.97800,8568,16.50000
ADP-200010,19890303,11.14434,11.14434,11.06117,11.06117,6013,16.62500
ADP-200010,19890306,11.14434,11.14434,11.06117,11.06117,6914,16.62500
ADP-200010,19890307,10.97800,11.14434,10.97800,11.14434,2706,16.75000
ADP-200010,19890308,10.97800,11.22750,10.97800,11.22750,3908,16.87500
ADP-200010,19890309,11.39384,11.39384,11.31067,11.31067,3157,17.00000
ADP-200010,19890310,11.31067,11.47701,11.22750,11.31067,4960,17.00000
ADP-200010,19890313,11.64334,11.64334,11.56017,11.56017,1954,17.37500
ADP-200010,19890314,11.64334,11.64334,11.56017,11.56017,1804,17.37500
ADP-200010,19890315,11.64334,11.72650,11.47701,11.56017,19389,17.37500
ADP-200010,19890316,12.14234,12.64134,11.56017,12.55817,27506,18.87500
ADP-200010,19890317,12.30867,12.55817,12.30867,12.55817,12325,18.87500
ADP-200010,19890320,12.22551,12.39184,12.22551,12.39184,11123,18.62500
ADP-200010,19890321,12.22551,12.47501,12.22551,12.47501,2856,18.75000
ADP-200010,19890322,12.39184,12.55817,12.39184,12.55817,1954,18.87500
ADP-200010,19890323,12.64134,13.47300,12.64134,13.47300,19690,20.25000
ADP-200010,19890327,13.47300,13.63934,13.30667,13.55617,9469,20.37500
ADP-200010,19890328,14.13834,14.63734,13.72250,14.47100,38778,21.75000
ADP-200010,19890329,14.38784,14.38784,13.97201,13.97201,15932,21.00000
ADP-200010,19890330,13.63934,13.97201,13.30667,13.38984,11874,20.12500
ADP-200010,19890331,13.30667,13.72250,13.30667,13.72250,23748,20.62500
ADP-200010,19890403,13.72250,13.72250,13.47300,13.47300,7516,20.25000
ADP-200010,19890404,13.47300,13.47300,13.47300,13.47300,5562,20.25000
ADP-200010,19890405,13.47300,13.47300,13.47300,13.47300,17586,20.25000
ADP-200010,19890406,13.47300,13.47300,13.47300,13.47300,2706,20.25000
ADP-200010,19890407,13.38984,13.55617,13.38984,13.55617,15932,20.37500
ADP-200010,19890410,13.47300,13.55617,13.30667,13.38984,5411,20.12500
ADP-200010,19890411,13.38984,13.55617,13.38984,13.55617,4810,20.37500
ADP-200010,19890412,13.38984,13.55617,13.38984,13.55617,4059,20.37500
ADP-200010,19890413,13.30667,13.38984,13.30667,13.38984,7516,20.12500
ADP-200010,19890414,13.30667,13.38984,13.14034,13.30667,3908,20.00000
ADP-200010,19890417,13.14034,13.55617,13.14034,13.55617,5862,20.37500
ADP-200010,19890418,13.47300,13.47300,13.30667,13.30667,6013,20.00000
ADP-200010,19890419,13.30667,13.47300,13.30667,13.47300,2856,20.25000
ADP-200010,19890420,13.47300,13.63934,13.38984,13.55617,8417,20.37500
ADP-200010,19890421,13.38984,13.38984,13.22351,13.22351,7065,19.87500
ADP-200010,19890424,13.47300,13.47300,13.38984,13.38984,6914,20.12500
ADP-200010,19890425,13.47300,13.55617,13.38984,13.47300,1504,20.25000
ADP-200010,19890426,13.63934,13.88884,13.47300,13.72250,35321,20.62500
ADP-200010,19890427,14.47100,14.97001,14.05517,14.63734,65982,22.00000
ADP-200010,19890428,15.80167,16.13434,15.46900,16.05117,136173,24.12500
ADP-200010,19890501,16.05117,16.05117,15.71851,15.71851,45692,23.62500
ADP-200010,19890502,16.05117,16.05117,15.80167,15.80167,42385,23.75000
ADP-200010,19890503,15.88484,15.96801,15.80167,15.88484,31263,23.87500
ADP-200010,19890504,15.88484,16.05117,15.71851,15.80167,27656,23.75000
ADP-200010,19890505,15.55217,15.80167,15.55217,15.80167,17285,23.75000
ADP-200010,19890508,15.88484,15.88484,15.71851,15.71851,22846,23.62500
ADP-200010,19890509,15.63534,15.63534,15.63534,15.63534,1053,23.50000
ADP-200010,19890510,15.55217,15.63534,15.46900,15.55217,5261,23.37500
ADP-200010,19890511,15.55217,15.71851,15.38584,15.63534,16684,23.50000
ADP-200010,19890512,15.96801,15.96801,15.80167,15.80167,14279,23.75000
ADP-200010,19890515,15.96801,16.30067,15.96801,16.30067,23898,24.50000
ADP-200010,19890516,16.79967,17.21550,16.30067,16.96600,19840,25.50000
ADP-200010,19890517,17.04917,17.54817,17.04917,17.54817,50502,26.37500
ADP-200010,19890518,17.46501,17.88084,17.46501,17.88084,23147,26.87500
ADP-200010,19890519,18.37984,18.37984,17.79767,17.79767,59069,26.75000
ADP-200010,19890522,17.96401,17.96401,17.38184,17.38184,16233,26.12500
ADP-200010,19890523,17.46501,17.79767,17.46501,17.79767,14279,26.75000
ADP-200010,19890524,17.79767,17.79767,17.63134,17.63134,3758,26.50000
ADP-200010,19890525,17.71451,17.71451,17.46501,17.46501,8417,26.25000
ADP-200010,19890526,17.46501,17.46501,17.29867,17.29867,9770,26.00000
ADP-200010,19890530,17.13234,17.13234,16.96600,16.96600,16684,25.50000
ADP-200010,19890531,17.13234,17.21550,17.04917,17.13234,23898,25.75000
ADP-200010,19890601,17.13234,17.13234,16.96600,16.96600,2405,25.50000
ADP-200010,19890602,16.88284,16.88284,16.71650,16.71650,24199,25.12500
ADP-200010,19890605,16.21751,16.63334,15.80167,16.05117,96644,24.12500
ADP-200010,19890606,16.05117,16.05117,15.96801,15.96801,6313,24.00000
ADP-200010,19890607,16.13434,16.30067,15.96801,16.13434,33968,24.25000
ADP-200010,19890608,16.30067,16.55017,16.30067,16.55017,5411,24.87500
ADP-200010,19890609,16.63334,16.88284,16.38384,16.71650,38778,25.12500
ADP-200010,19890612,16.63334,16.79967,16.46700,16.55017,37726,24.87500
ADP-200010,19890613,16.63334,16.63334,16.55017,16.55017,6163,24.87500
ADP-200010,19890614,16.63334,16.63334,16.46700,16.46700,50952,24.75000
ADP-200010,19890615,16.55017,16.55017,16.30067,16.30067,35021,24.50000
ADP-200010,19890616,16.21751,16.46700,16.21751,16.46700,9469,24.75000
ADP-200010,19890619,16.30067,16.55017,16.30067,16.55017,3007,24.87500
ADP-200010,19890620,16.30067,16.55017,16.30067,16.55017,9019,24.87500
ADP-200010,19890621,16.55017,16.55017,16.46700,16.46700,11123,24.75000
ADP-200010,19890622,16.30067,16.38384,16.21751,16.30067,16534,24.50000
ADP-200010,19890623,16.13434,16.30067,15.88484,15.96801,14129,24.00000
ADP-200010,19890626,15.96801,15.96801,15.63534,15.63534,9469,23.50000
ADP-200010,19890627,15.21950,15.55217,14.88684,14.97001,60872,22.50000
ADP-200010,19890628,15.13634,15.13634,14.55417,14.55417,30962,21.87500
ADP-200010,19890629,14.55417,14.55417,12.89084,12.89084,86273,19.37500
ADP-200010,19890630,12.80767,13.05717,12.64134,12.97400,56964,19.50000
ADP-200010,19890703,12.89084,13.14034,12.89084,13.14034,3608,19.75000
ADP-200010,19890705,13.14034,13.22351,12.97400,13.14034,18938,19.75000
ADP-200010,19890706,12.97400,13.05717,12.97400,13.05717,2255,19.62500
ADP-200010,19890707,13.05717,13.14034,12.97400,13.05717,11123,19.62500
ADP-200010,19890710,13.14034,13.14034,13.14034,13.14034,6614,19.75000
ADP-200010,19890711,13.05717,13.14034,12.97400,13.05717,3457,19.62500
ADP-200010,19890712,12.97400,13.05717,12.89084,12.97400,4660,19.50000
ADP-200010,19890713,13.05717,13.05717,12.97400,12.97400,7966,19.50000
ADP-200010,19890714,12.97400,12.97400,12.64134,12.64134,18638,19.00000
ADP-200010,19890717,12.30867,12.64134,12.05917,12.14234,66133,18.25000
ADP-200010,19890718,12.05917,12.22551,11.89284,11.97600,23898,18.00000
ADP-200010,19890719,11.80967,11.97600,11.72650,11.89284,13528,17.87500
ADP-200010,19890720,11.89284,11.89284,11.72650,11.72650,8267,17.62500
ADP-200010,19890721,11.64334,11.80967,11.56017,11.72650,7816,17.62500
ADP-200010,19890724,11.80967,11.80967,11.72650,11.72650,2405,17.62500
ADP-200010,19890725,11.80967,11.80967,11.56017,11.56017,16383,17.37500
ADP-200010,19890726,11.72650,11.80967,11.64334,11.72650,12175,17.62500
ADP-200010,19890727,10.47901,11.47701,9.48100,9.56417,528307,14.37500
ADP-200010,19890728,9.56417,9.64734,9.48100,9.56417,39980,14.37500
ADP-200010,19890731,9.56417,10.06317,9.56417,10.06317,47045,15.12500
ADP-200010,19890801,10.14634,10.14634,9.73051,9.73051,28107,14.62500
ADP-200010,19890802,9.81367,9.81367,9.64734,9.64734,32916,14.50000
ADP-200010,19890803,9.56417,9.81367,9.56417,9.81367,22696,14.75000
ADP-200010,19890804,9.56417,9.98000,9.56417,9.98000,62676,15.00000
ADP-200010,19890807,10.06317,10.22950,9.89684,10.14634,19540,15.25000
ADP-200010,19890808,10.64534,10.64534,10.22950,10.22950,28858,15.37500
ADP-200010,19890809,10.31267,10.31267,10.06317,10.06317,7966,15.12500
ADP-200010,19890810,9.81367,9.98000,9.81367,9.98000,2856,15.00000
ADP-200010,19890811,9.81367,9.81367,9.64734,9.64734,42085,14.50000
ADP-200010,19890814,9.64734,9.89684,9.64734,9.89684,14429,14.87500
ADP-200010,19890815,9.81367,9.89684,9.73051,9.81367,3457,14.75000
ADP-200010,19890816,9.81367,9.81367,9.64734,9.64734,28407,14.50000
ADP-200010,19890817,9.56417,9.73051,9.56417,9.73051,4660,14.62500
ADP-200010,19890818,9.64734,9.64734,9.48100,9.48100,9620,14.25000
ADP-200010,19890821,9.39784,9.39784,9.14834,9.14834,12475,13.75000
ADP-200010,19890822,8.98201,9.06517,8.81567,8.98201,16984,13.50000
ADP-200010,19890823,8.81567,9.31467,8.81567,9.31467,15181,14.00000
ADP-200010,19890824,9.06517,9.31467,9.06517,9.31467,11423,14.00000
ADP-200010,19890825,9.31467,9.39784,9.14834,9.31467,10522,14.00000
ADP-200010,19890828,9.23150,9.31467,9.23150,9.31467,4810,14.00000
ADP-200010,19890829,9.48100,9.48100,9.23150,9.23150,18337,13.87500
ADP-200010,19890830,9.31467,9.31467,9.23150,9.23150,7666,13.87500
ADP-200010,19890831,9.23150,9.23150,9.06517,9.06517,2706,13.62500
ADP-200010,19890901,9.23150,9.23150,9.14834,9.14834,2255,13.75000
ADP-200010,19890905,9.14834,9.23150,8.98201,9.06517,6463,13.62500
ADP-200010,19890906,9.06517,9.14834,8.98201,9.06517,3758,13.62500
ADP-200010,19890907,9.23150,9.23150,8.98201,8.98201,10371,13.50000
ADP-200010,19890908,9.14834,9.14834,8.98201,8.98201,9019,13.50000
ADP-200010,19890911,8.56617,8.89884,8.56617,8.89884,57716,13.37500
ADP-200010,19890912,8.81567,8.81567,8.73251,8.73251,18638,13.12500
ADP-200010,19890913,8.81567,8.89884,8.64934,8.73251,119489,13.12500
ADP-200010,19890914,8.81567,8.81567,8.64934,8.64934,9620,13.00000
ADP-200010,19890915,8.64934,8.73251,8.56617,8.64934,4359,13.00000
ADP-200010,19890918,8.64934,8.73251,8.56617,8.64934,3457,13.00000
ADP-200010,19890919,8.73251,8.73251,8.64934,8.64934,5111,13.00000
ADP-200010,19890920,8.64934,8.73251,8.64934,8.73251,22245,13.12500
ADP-200010,19890921,8.73251,8.73251,8.64934,8.64934,2405,13.00000
ADP-200010,19890922,8.64934,8.73251,8.56617,8.64934,26754,13.00000
ADP-200010,19890925,8.64934,8.64934,8.56617,8.56617,12626,12.87500
ADP-200010,19890926,8.64934,8.64934,8.56617,8.56617,7816,12.87500
ADP-200010,19890927,8.64934,8.81567,8.56617,8.64934,22696,13.00000
ADP-200010,19890928,8.39984,8.64934,8.39984,8.64934,10522,13.00000
ADP-200010,19890929,8.81567,8.81567,8.73251,8.73251,15031,13.12500
ADP-200010,19891002,8.81567,8.81567,8.64934,8.64934,9770,13.00000
ADP-200010,19891003,8.64934,8.81567,8.64934,8.81567,11574,13.25000
ADP-200010,19891004,8.81567,8.81567,8.64934,8.64934,4359,13.00000
ADP-200010,19891005,8.48300,8.64934,8.39984,8.48300,1654,12.75000
ADP-200010,19891006,8.48300,8.48300,8.48300,8.48300,1504,12.75000
ADP-200010,19891009,8.39984,8.56617,8.39984,8.56617,6914,12.87500
ADP-200010,19891010,8.48300,8.48300,8.48300,8.48300,3908,12.75000
ADP-200010,19891011,8.48300,8.48300,8.48300,8.48300,1654,12.75000
ADP-200010,19891012,8.31667,8.39984,8.15034,8.31667,10522,12.50000
ADP-200010,19891013,8.23350,8.23350,8.06717,8.06717,5562,12.12500
ADP-200010,19891016,7.65134,7.90084,7.40184,7.48501,39079,11.25000
ADP-200010,19891017,7.48501,7.56817,7.31867,7.48501,21493,11.25000
ADP-200010,19891018,7.65134,7.73450,7.48501,7.65134,7516,11.50000
ADP-200010,19891019,7.48501,7.65134,7.48501,7.65134,47345,11.50000
ADP-200010,19891020,7.73450,7.73450,7.65134,7.65134,2556,11.50000
ADP-200010,19891023,7.81767,7.81767,7.15234,7.15234,12626,10.75000
ADP-200010,19891024,6.98601,7.15234,6.90284,6.98601,8718,10.50000
ADP-200010,19891025,6.81967,6.98601,6.81967,6.98601,3908,10.50000
ADP-200010,19891026,6.81967,6.81967,6.73650,6.73650,3307,10.12500
ADP-200010,19891027,6.81967,6.81967,6.73650,6.73650,3758,10.12500
ADP-200010,19891030,6.65334,6.81967,6.48700,6.57017,11724,9.87500
ADP-200010,19891031,6.57017,6.57017,6.32067,6.32067,49600,9.50000
ADP-200010,19891101,6.40384,6.57017,6.40384,6.57017,12025,9.87500
ADP-200010,19891102,5.65534,6.57017,4.82367,5.23951,193137,7.87500
ADP-200010,19891103,5.40584,5.73851,5.07317,5.65534,96794,8.50000
ADP-200010,19891106,5.65534,5.65534,5.40584,5.40584,15181,8.12500
ADP-200010,19891107,5.40584,5.48900,5.32267,5.40584,24499,8.12500
ADP-200010,19891108,5.32267,5.48900,5.23951,5.40584,27656,8.12500
ADP-200010,19891109,5.23951,5.32267,5.23951,5.32267,26604,8.00000
ADP-200010,19891110,5.23951,5.32267,5.15634,5.23951,10371,7.87500
ADP-200010,19891113,5.15634,5.23951,5.07317,5.15634,34419,7.75000
ADP-200010,19891114,5.07317,5.07317,4.90684,4.90684,10522,7.37500
ADP-200010,19891115,4.74050,4.99000,4.74050,4.99000,43738,7.50000
ADP-200010,19891116,4.99000,5.07317,4.99000,5.07317,2405,7.62500
ADP-200010,19891117,5.32267,5.65534,5.07317,5.57217,47796,8.37500
ADP-200010,19891120,5.65534,5.65534,5.57217,5.57217,5712,8.37500
ADP-200010,19891121,5.65534,5.65534,5.40584,5.40584,6313,8.12500
ADP-200010,19891122,5.57217,5.57217,5.40584,5.40584,9920,8.12500
ADP-200010,19891124,5.65534,5.65534,5.40584,5.40584,14580,8.12500
ADP-200010,19891127,5.57217,5.57217,5.48900,5.48900,17886,8.25000
ADP-200010,19891128,5.48900,5.57217,5.40584,5.48900,5562,8.25000
ADP-200010,19891129,5.48900,5.48900,5.48900,5.48900,1804,8.25000
ADP-200010,19891130,5.40584,5.65534,5.40584,5.65534,9469,8.50000
ADP-200010,19891201,5.48900,6.32067,5.48900,6.32067,31413,9.50000
ADP-200010,19891204,6.23751,6.32067,6.15434,6.23751,12175,9.37500
ADP-200010,19891205,6.90284,6.90284,6.07117,6.07117,49600,9.12500
ADP-200010,19891206,5.98800,6.07117,5.90484,5.98800,10672,9.00000
ADP-200010,19891207,5.90484,5.98800,5.90484,5.98800,8868,9.00000
ADP-200010,19891208,6.07117,6.07117,5.90484,5.90484,3908,8.87500
ADP-200010,19891211,5.90484,5.90484,5.90484,5.90484,3608,8.87500
ADP-200010,19891212,5.98800,5.98800,5.73851,5.73851,7666,8.62500
ADP-200010,19891213,5.82167,5.82167,5.65534,5.65534,30211,8.50000
ADP-200010,19891214,5.73851,5.82167,5.73851,5.82167,5562,8.75000
ADP-200010,19891215,5.73851,5.98800,5.73851,5.98800,18487,9.00000
ADP-200010,19891218,5.98800,5.98800,5.65534,5.65534,31263,8.50000
ADP-200010,19891219,5.65534,5.65534,5.48900,5.48900,11273,8.25000
ADP-200010,19891220,5.32267,5.40584,5.32267,5.40584,52455,8.12500
ADP-200010,19891221,5.32267,5.40584,5.23951,5.32267,35922,8.00000
ADP-200010,19891222,5.15634,5.32267,5.15634,5.32267,14129,8.00000
ADP-200010,19891226,5.48900,5.82167,5.48900,5.82167,14880,8.75000
ADP-200010,19891227,5.65534,5.82167,5.57217,5.73851,33217,8.62500
ADP-200010,19891228,5.40584,5.65534,5.40584,5.65534,36223,8.50000
ADP-200010,19891229,5.57217,5.98800,5.57217,5.98800,57566,9.00000
ADP-200010,19900102,5.82167,5.98800,5.82167,5.98800,10522,9.00000
ADP-200010,19900103,6.07117,6.07117,5.98800,5.98800,3758,9.00000
ADP-200010,19900104,5.90484,5.98800,5.82167,5.90484,3908,8.87500
ADP-200010,19900105,5.82167,5.82167,5.73851,5.73851,2706,8.62500
ADP-200010,19900108,5.65534,5.73851,5.65534,5.73851,1353,8.62500
ADP-200010,19900109,5.73851,5.73851,5.48900,5.48900,9770,8.25000
ADP-200010,19900110,5.32267,5.48900,5.15634,5.23951,24049,7.87500
ADP-200010,19900111,5.23951,5.23951,5.23951,5.23951,1053,7.87500
ADP-200010,19900112,5.32267,5.32267,5.15634,5.15634,14279,7.75000
ADP-200010,19900115,4.90684,4.90684,4.82367,4.82367,20592,7.25000
ADP-200010,19900116,4.57417,4.74050,4.40784,4.49101,16083,6.75000
ADP-200010,19900117,4.40784,4.49101,4.32467,4.40784,64479,6.62500
ADP-200010,19900118,4.49101,4.49101,4.32467,4.32467,26754,6.50000
ADP-200010,19900119,4.40784,4.40784,4.40784,4.40784,3457,6.62500
ADP-200010,19900122,4.32467,4.32467,4.15834,4.15834,13377,6.25000
ADP-200010,19900123,4.24150,4.32467,4.15834,4.24150,26604,6.37500
ADP-200010,19900124,4.24150,4.57417,4.24150,4.57417,42686,6.87500
ADP-200010,19900125,4.57417,4.57417,4.32467,4.32467,130912,6.50000
ADP-200010,19900126,4.40784,4.40784,4.24150,4.24150,27355,6.37500
ADP-200010,19900129,4.24150,4.32467,4.24150,4.32467,8417,6.50000
ADP-200010,19900130,4.32467,4.32467,4.24150,4.24150,17586,6.37500
ADP-200010,19900131,4.32467,4.32467,4.24150,4.24150,13377,6.37500
ADP-200010,19900201,4.40784,4.49101,4.32467,4.40784,30662,6.62500
ADP-200010,19900202,4.49101,4.49101,4.49101,4.49101,9169,6.75000
ADP-200010,19900205,4.32467,4.49101,4.32467,4.49101,13828,6.75000
ADP-200010,19900206,4.32467,4.40784,4.32467,4.40784,15331,6.62500
ADP-200010,19900207,4.40784,4.40784,4.32467,4.32467,2405,6.50000
ADP-200010,19900208,4.32467,4.40784,4.32467,4.40784,13227,6.62500
ADP-200010,19900209,4.32467,4.40784,4.24150,4.32467,10071,6.50000
ADP-200010,19900212,4.24150,4.24150,4.24150,4.24150,301,6.37500
ADP-200010,19900213,4.24150,4.24150,4.24150,4.24150,1804,6.37500
ADP-200010,19900214,4.24150,4.24150,4.24150,4.24150,10221,6.37500
ADP-200010,19900215,4.32467,4.32467,4.24150,4.24150,10522,6.37500
ADP-200010,19900216,4.32467,4.32467,4.32467,4.32467,1353,6.50000
ADP-200010,19900220,4.40784,4.40784,4.24150,4.24150,18037,6.37500
ADP-200010,19900221,4.32467,4.32467,4.24150,4.24150,9770,6.37500
ADP-200010,19900222,4.24150,4.32467,4.15834,4.24150,38177,6.37500
ADP-200010,19900223,4.15834,4.24150,4.07517,4.15834,13227,6.25000
ADP-200010,19900226,4.07517,4.24150,4.07517,4.24150,3908,6.37500
ADP-200010,19900227,4.24150,4.32467,4.15834,4.24150,90782,6.37500
ADP-200010,19900228,4.32467,4.40784,4.15834,4.24150,333067,6.37500
ADP-200010,19900301,4.24150,4.32467,4.24150,4.32467,10972,6.50000
ADP-200010,19900302,4.49101,4.49101,4.40784,4.40784,32315,6.62500
ADP-200010,19900305,4.49101,4.49101,4.40784,4.40784,8117,6.62500
ADP-200010,19900306,4.32467,4.40784,4.32467,4.40784,3157,6.62500
ADP-200010,19900307,4.49101,4.57417,4.49101,4.57417,3157,6.87500
ADP-200010,19900308,4.57417,4.65734,4.57417,4.65734,11574,7.00000
ADP-200010,19900309,4.90684,4.90684,4.65734,4.65734,36824,7.00000
ADP-200010,19900312,4.82367,4.82367,4.74050,4.74050,20592,7.12500
ADP-200010,19900313,5.23951,5.57217,4.90684,5.48900,65231,8.25000
ADP-200010,19900314,5.48900,6.23751,5.48900,6.23751,97395,9.37500
ADP-200010,19900315,5.90484,6.23751,5.57217,5.65534,83568,8.50000
ADP-200010,19900316,5.32267,5.48900,5.32267,5.48900,41333,8.25000
ADP-200010,19900319,5.73851,5.82167,5.65534,5.73851,18187,8.62500
ADP-200010,19900320,5.48900,5.65534,5.32267,5.40584,13227,8.12500
ADP-200010,19900321,5.32267,5.32267,5.07317,5.07317,6914,7.62500
ADP-200010,19900322,4.99000,4.99000,4.82367,4.82367,23297,7.25000
ADP-200010,19900323,4.74050,4.90684,4.74050,4.90684,11423,7.37500
ADP-200010,19900326,4.90684,4.90684,4.74050,4.74050,10672,7.12500
ADP-200010,19900327,4.49101,4.65734,4.49101,4.65734,9319,7.00000
ADP-200010,19900328,4.49101,5.07317,4.49101,5.07317,27956,7.62500
ADP-200010,19900329,4.82367,4.99000,4.57417,4.65734,9620,7.00000
ADP-200010,19900330,4.49101,4.99000,4.49101,4.99000,31113,7.50000
ADP-200010,19900402,4.82367,4.82367,4.57417,4.57417,10972,6.87500
ADP-200010,19900403,4.65734,4.90684,4.65734,4.90684,25552,7.37500
ADP-200010,19900404,4.90684,4.90684,4.82367,4.82367,3608,7.25000
ADP-200010,19900405,4.74050,4.74050,4.49101,4.49101,21794,6.75000
ADP-200010,19900406,4.15834,4.49101,3.90884,3.99201,56814,6.00000
ADP-200010,19900409,3.82567,3.99201,3.74251,3.90884,53808,5.87500
ADP-200010,19900410,3.82567,4.24150,3.82567,4.24150,49449,6.37500
ADP-200010,19900411,4.32467,4.49101,4.15834,4.40784,15031,6.62500
ADP-200010,19900412,4.49101,4.57417,4.32467,4.49101,20742,6.75000
ADP-200010,19900416,4.32467,4.49101,4.32467,4.49101,12475,6.75000
ADP-200010,19900417,4.32467,4.32467,4.07517,4.07517,17135,6.12500
ADP-200010,19900418,4.07517,4.15834,4.07517,4.15834,9770,6.25000
ADP-200010,19900419,3.99201,4.07517,3.90884,3.99201,15782,6.00000
ADP-200010,19900420,3.99201,3.99201,3.90884,3.90884,6163,5.87500
ADP-200010,19900423,3.90884,3.99201,3.82567,3.90884,15331,5.87500
ADP-200010,19900424,3.90884,3.90884,3.82567,3.82567,7516,5.75000
ADP-200010,19900425,3.90884,3.90884,3.74251,3.74251,7666,5.62500
ADP-200010,19900426,3.99201,4.24150,3.74251,3.90884,55161,5.87500
ADP-200010,19900427,4.07517,4.07517,3.90884,3.90884,23147,5.87500
ADP-200010,19900430,3.82567,3.82567,3.57617,3.57617,31864,5.37500
ADP-200010,19900501,3.82567,3.82567,3.49301,3.49301,13978,5.25000
ADP-200010,19900502,3.24350,3.40984,3.07717,3.16034,102806,4.75000
ADP-200010,19900503,3.16034,3.49301,3.16034,3.49301,123097,5.25000
ADP-200010,19900504,3.57617,3.65934,3.49301,3.57617,87025,5.37500
ADP-200010,19900507,3.57617,3.57617,3.49301,3.49301,23447,5.25000
ADP-200010,19900508,3.49301,3.49301,3.40984,3.40984,3758,5.12500
ADP-200010,19900509,3.40984,3.40984,3.32667,3.32667,37726,5.00000
ADP-200010,19900510,3.40984,3.40984,3.32667,3.32667,24499,5.00000
ADP-200010,19900511,3.32667,3.32667,3.32667,3.32667,5261,5.00000
ADP-200010,19900514,3.40984,3.40984,3.32667,3.32667,11423,5.00000
ADP-200010,19900515,3.32667,3.32667,3.07717,3.07717,79810,4.62500
ADP-200010,19900516,3.07717,3.16034,3.07717,3.16034,21043,4.75000
ADP-200010,19900517,3.16034,3.65934,3.16034,3.65934,44940,5.50000
ADP-200010,19900518,3.74251,4.40784,3.74251,4.40784,64179,6.62500
ADP-200010,19900521,4.65734,4.82367,4.40784,4.57417,95592,6.87500
ADP-200010,19900522,4.40784,4.65734,4.40784,4.65734,25251,7.00000
ADP-200010,19900523,4.74050,4.82367,4.65734,4.74050,60572,7.12500
ADP-200010,19900524,4.90684,4.90684,4.82367,4.82367,12926,7.25000
ADP-200010,19900525,4.82367,5.23951,4.82367,5.23951,56213,7.87500
ADP-200010,19900529,5.23951,5.23951,4.65734,4.65734,49600,7.00000
ADP-200010,19900530,4.74050,4.90684,4.74050,4.90684,15632,7.37500
ADP-200010,19900531,4.99000,5.15634,4.99000,5.15634,28708,7.75000
ADP-200010,19900601,5.07317,5.07317,5.07317,5.07317,18938,7.62500
ADP-200010,19900604,5.15634,5.32267,5.15634,5.32267,40431,8.00000
ADP-200010,19900605,5.65534,5.90484,5.32267,5.73851,95892,8.62500
ADP-200010,19900606,5.65534,5.90484,5.65534,5.90484,45992,8.87500
ADP-200010,19900607,5.65534,5.82167,5.65534,5.82167,19690,8.75000
ADP-200010,19900608,5.65534,5.82167,5.65534,5.82167,25852,8.75000
ADP-200010,19900611,5.73851,5.90484,5.73851,5.90484,7666,8.87500
ADP-200010,19900612,5.90484,5.98800,5.82167,5.90484,10972,8.87500
ADP-200010,19900613,5.65534,5.98800,5.65534,5.98800,29009,9.00000
ADP-200010,19900614,5.90484,6.07117,5.90484,6.07117,37125,9.12500
ADP-200010,19900615,5.82167,5.98800,5.73851,5.82167,18938,8.75000
ADP-200010,19900618,5.48900,5.65534,5.32267,5.40584,22996,8.12500
ADP-200010,19900619,5.40584,5.48900,5.32267,5.40584,24650,8.12500
ADP-200010,19900620,5.40584,5.48900,5.32267,5.40584,3758,8.12500
ADP-200010,19900621,5.57217,5.57217,5.32267,5.32267,6313,8.00000
ADP-200010,19900622,5.40584,5.48900,5.40584,5.48900,14429,8.25000
ADP-200010,19900625,5.23951,5.32267,5.15634,5.23951,6463,7.87500
ADP-200010,19900626,5.15634,5.15634,4.82367,4.82367,9169,7.25000
ADP-200010,19900627,4.65734,4.74050,4.49101,4.57417,22846,6.87500
ADP-200010,19900628,4.49101,4.57417,4.40784,4.49101,11273,6.75000
ADP-200010,19900629,4.40784,4.82367,4.40784,4.82367,11123,7.25000
ADP-200010,19900702,4.90684,4.99000,4.90684,4.99000,9469,7.50000
ADP-200010,19900703,5.07317,5.15634,4.99000,5.07317,6313,7.62500
ADP-200010,19900705,5.48900,5.65534,5.23951,5.48900,49750,8.25000
ADP-200010,19900706,5.48900,5.48900,5.40584,5.40584,8117,8.12500
ADP-200010,19900709,5.32267,5.48900,5.23951,5.32267,15331,8.00000
ADP-200010,19900710,5.32267,5.32267,4.99000,4.99000,7816,7.50000
ADP-200010,19900711,4.99000,4.99000,4.99000,4.99000,7816,7.50000
ADP-200010,19900712,5.23951,5.23951,5.07317,5.07317,11423,7.62500
ADP-200010,19900713,5.07317,5.15634,4.99000,5.07317,4660,7.62500
ADP-200010,19900716,5.07317,5.07317,4.99000,4.99000,2856,7.50000
ADP-200010,19900717,5.07317,5.07317,4.99000,4.99000,9770,7.50000
ADP-200010,19900718,5.07317,5.07317,4.90684,4.90684,4059,7.37500
ADP-200010,19900719,4.90684,5.15634,4.90684,5.15634,2405,7.75000
ADP-200010,19900720,5.15634,5.15634,4.99000,4.99000,15031,7.50000
ADP-200010,19900723,5.23951,5.23951,5.15634,5.15634,41183,7.75000
ADP-200010,19900724,5.40584,5.40584,5.23951,5.23951,27205,7.87500
ADP-200010,19900725,5.07317,5.40584,5.07317,5.40584,17435,8.12500
ADP-200010,19900726,5.15634,5.23951,5.15634,5.23951,10071,7.87500
ADP-200010,19900727,5.15634,5.15634,5.15634,5.15634,6163,7.75000
ADP-200010,19900730,5.15634,5.15634,5.07317,5.07317,1654,7.62500
ADP-200010,19900731,4.99000,5.07317,4.99000,5.07317,10071,7.62500
ADP-200010,19900801,5.07317,5.07317,4.82367,4.82367,9920,7.25000
ADP-200010,19900802,4.65734,4.90684,4.32467,4.49101,24049,6.75000
ADP-200010,19900803,4.49101,4.49101,4.15834,4.15834,12475,6.25000
ADP-200010,19900806,3.99201,4.15834,3.82567,3.99201,6914,6.00000
ADP-200010,19900807,3.82567,3.99201,3.82567,3.99201,15181,6.00000
ADP-200010,19900808,3.99201,3.99201,3.90884,3.90884,4660,5.87500
ADP-200010,19900809,3.90884,4.15834,3.90884,4.15834,6914,6.25000
ADP-200010,19900810,4.32467,4.32467,4.24150,4.24150,3307,6.37500
ADP-200010,19900813,4.15834,4.32467,4.15834,4.32467,10071,6.50000
ADP-200010,19900814,4.24150,4.24150,3.99201,3.99201,9620,6.00000
ADP-200010,19900815,4.24150,4.24150,4.07517,4.07517,9469,6.12500
ADP-200010,19900816,3.90884,3.99201,3.82567,3.90884,36373,5.87500
ADP-200010,19900817,3.82567,3.82567,3.65934,3.65934,9920,5.50000
ADP-200010,19900820,3.57617,3.74251,3.40984,3.57617,14279,5.37500
ADP-200010,19900821,3.32667,3.65934,3.32667,3.65934,189530,5.50000
ADP-200010,19900822,3.90884,4.07517,3.74251,3.99201,12626,6.00000
ADP-200010,19900823,3.90884,3.90884,3.90884,3.90884,7666,5.87500
ADP-200010,19900824,3.74251,3.82567,3.65934,3.74251,8267,5.62500
ADP-200010,19900827,3.90884,3.90884,3.65934,3.65934,6914,5.50000
ADP-200010,19900828,3.65934,3.65934,3.65934,3.65934,902,5.50000
ADP-200010,19900829,3.82567,3.99201,3.82567,3.99201,18187,6.00000
ADP-200010,19900830,3.90884,3.99201,3.90884,3.99201,1353,6.00000
ADP-200010,19900831,3.99201,3.99201,3.99201,3.99201,451,6.00000
ADP-200010,19900904,3.90884,3.99201,3.82567,3.90884,1954,5.87500
ADP-200010,19900905,3.99201,3.99201,3.82567,3.82567,301,5.75000
ADP-200010,19900906,3.74251,3.74251,3.74251,3.74251,1804,5.62500
ADP-200010,19900907,3.65934,3.65934,3.49301,3.49301,4359,5.25000
ADP-200010,19900910,3.57617,3.57617,3.40984,3.40984,17586,5.12500
ADP-200010,19900911,3.40984,3.40984,3.40984,3.40984,3457,5.12500
ADP-200010,19900912,3.49301,3.57617,3.40984,3.49301,5111,5.25000
ADP-200010,19900913,3.57617,3.57617,3.49301,3.49301,602,5.25000
ADP-200010,19900914,3.40984,3.40984,3.40984,3.40984,151,5.12500
ADP-200010,19900917,3.24350,3.40984,3.24350,3.40984,40732,5.12500
ADP-200010,19900918,3.40984,3.49301,3.32667,3.40984,21193,5.12500
ADP-200010,19900919,3.65934,3.65934,3.40984,3.40984,56514,5.12500
ADP-200010,19900920,3.24350,3.32667,3.24350,3.32667,3007,5.00000
ADP-200010,19900921,3.32667,3.32667,3.24350,3.24350,6463,4.87500
ADP-200010,19900924,3.16034,3.16034,3.16034,3.16034,2405,4.75000
ADP-200010,19900925,3.32667,3.40984,3.24350,3.32667,5862,5.00000
ADP-200010,19900926,3.24350,3.24350,3.16034,3.16034,752,4.75000
ADP-200010,19900927,3.24350,3.24350,3.07717,3.07717,6914,4.62500
ADP-200010,19900928,2.91084,3.32667,2.91084,3.32667,19089,5.00000
ADP-200010,19901001,2.99400,3.16034,2.99400,3.16034,7365,4.75000
ADP-200010,19901002,3.16034,3.16034,2.91084,2.91084,6614,4.37500
ADP-200010,19901003,2.99400,2.99400,2.91084,2.91084,3457,4.37500
ADP-200010,19901004,2.91084,2.91084,2.66134,2.66134,17135,4.00000
ADP-200010,19901005,2.66134,2.66134,2.66134,2.66134,47345,4.00000
ADP-200010,19901008,2.74450,2.74450,2.66134,2.66134,48097,4.00000
ADP-200010,19901009,2.57817,2.66134,2.57817,2.66134,1804,4.00000
ADP-200010,19901010,2.57817,2.66134,2.57817,2.66134,3908,4.00000
ADP-200010,19901011,2.57817,2.66134,2.49500,2.57817,6013,3.87500
ADP-200010,19901012,2.57817,2.57817,2.41184,2.41184,4359,3.62500
ADP-200010,19901015,2.57817,2.66134,2.57817,2.66134,3758,4.00000
ADP-200010,19901016,2.66134,2.66134,2.66134,2.66134,12175,4.00000
ADP-200010,19901017,2.57817,2.57817,2.57817,2.57817,4209,3.87500
ADP-200010,19901018,2.57817,2.57817,2.49500,2.49500,32465,3.75000
ADP-200010,19901019,2.57817,2.57817,2.49500,2.49500,16233,3.75000
ADP-200010,19901022,2.57817,2.57817,2.32867,2.32867,32465,3.50000
ADP-200010,19901023,2.24551,2.32867,2.16234,2.24551,67936,3.37500
ADP-200010,19901024,2.24551,2.24551,2.24551,2.24551,13828,3.37500
ADP-200010,19901025,2.41184,2.49500,2.32867,2.41184,22395,3.62500
ADP-200010,19901026,2.32867,2.49500,2.24551,2.32867,20592,3.50000
ADP-200010,19901029,2.24551,2.32867,2.24551,2.32867,10221,3.50000
ADP-200010,19901030,2.24551,2.32867,2.16234,2.24551,36223,3.37500
ADP-200010,19901031,2.07917,2.07917,1.99601,1.99601,35171,3.00000
ADP-200010,19901101,1.99601,2.24551,1.99601,2.24551,239580,3.37500
ADP-200010,19901102,2.24551,2.49500,2.24551,2.49500,22696,3.75000
ADP-200010,19901105,2.66134,3.16034,2.66134,3.16034,31564,4.75000
ADP-200010,19901106,3.49301,3.49301,3.24350,3.24350,15932,4.87500
ADP-200010,19901107,3.40984,3.40984,3.16034,3.16034,5562,4.75000
ADP-200010,19901108,3.16034,3.16034,2.99400,2.99400,3908,4.50000
ADP-200010,19901109,3.16034,3.16034,3.07717,3.07717,2255,4.62500
ADP-200010,19901112,3.16034,3.24350,2.99400,3.16034,11874,4.75000
ADP-200010,19901113,3.24350,3.24350,3.16034,3.16034,16534,4.75000
ADP-200010,19901115,3.07717,3.32667,3.07717,3.32667,7516,5.00000
ADP-200010,19901116,3.24350,3.24350,3.24350,3.24350,4810,4.87500
ADP-200010,19901119,3.16034,3.24350,3.07717,3.16034,25401,4.75000
ADP-200010,19901120,3.07717,3.07717,2.99400,2.99400,7215,4.50000
ADP-200010,19901121,2.91084,2.91084,2.82767,2.82767,8117,4.25000
ADP-200010,19901126,2.74450,2.74450,2.74450,2.74450,902,4.12500
ADP-200010,19901127,2.74450,2.74450,2.49500,2.49500,11874,3.75000
ADP-200010,19901128,2.32867,2.49500,2.24551,2.32867,8417,3.50000
ADP-200010,19901129,2.16234,2.24551,1.99601,2.07917,26003,3.12500
ADP-200010,19901130,2.16234,2.24551,2.07917,2.16234,70041,3.25000
ADP-200010,19901203,2.32867,2.32867,2.07917,2.07917,20291,3.12500
ADP-200010,19901204,2.16234,2.16234,2.16234,2.16234,12776,3.25000
ADP-200010,19901205,2.16234,2.16234,2.07917,2.07917,29610,3.12500
ADP-200010,19901206,2.16234,2.16234,2.07917,2.07917,11574,3.12500
ADP-200010,19901207,2.07917,2.16234,1.99601,2.07917,41483,3.12500
ADP-200010,19901210,2.16234,2.16234,2.16234,2.16234,7215,3.25000
ADP-200010,19901211,1.99601,2.16234,1.99601,2.16234,456313,3.25000
ADP-200010,19901212,2.32867,2.57817,2.16234,2.49500,36824,3.75000
ADP-200010,19901213,2.49500,2.57817,2.41184,2.49500,9770,3.75000
ADP-200010,19901214,2.32867,2.49500,2.32867,2.49500,4660,3.75000
ADP-200010,19901217,2.32867,2.32867,2.24551,2.24551,9319,3.37500
ADP-200010,19901218,2.24551,2.32867,2.16234,2.24551,10071,3.37500
ADP-200010,19901219,2.24551,2.32867,2.16234,2.24551,42986,3.37500
ADP-200010,19901220,2.16234,2.24551,2.16234,2.24551,35622,3.37500
ADP-200010,19901221,2.24551,2.24551,2.16234,2.16234,3457,3.25000
ADP-200010,19901224,2.16234,2.24551,2.16234,2.24551,2706,3.37500
ADP-200010,19901226,2.16234,2.24551,2.16234,2.24551,3758,3.37500
ADP-200010,19901227,2.16234,2.16234,2.16234,2.16234,3157,3.25000
ADP-200010,19901228,2.16234,2.24551,2.16234,2.24551,15932,3.37500
ADP-200010,19901231,2.32867,2.32867,2.16234,2.16234,9920,3.25000
ADP-200010,19910102,2.24551,2.32867,2.16234,2.24551,2556,3.37500
ADP-200010,19910103,2.24551,2.24551,2.24551,2.24551,2706,3.37500
ADP-200010,19910104,2.16234,2.32867,2.16234,2.32867,12926,3.50000
ADP-200010,19910108,2.32867,2.32867,2.24551,2.24551,4960,3.37500
ADP-200010,19910109,2.07917,2.24551,2.07917,2.24551,9169,3.37500
ADP-200010,19910110,2.16234,2.16234,2.16234,2.16234,5712,3.25000
ADP-200010,19910111,2.57817,2.57817,2.32867,2.32867,26604,3.50000
ADP-200010,19910114,2.16234,2.32867,2.16234,2.32867,3908,3.50000
ADP-200010,19910115,2.32867,2.32867,2.16234,2.16234,3758,3.25000
ADP-200010,19910116,2.24551,2.32867,2.24551,2.32867,451,3.50000
ADP-200010,19910117,2.49500,2.57817,2.41184,2.49500,9319,3.75000
ADP-200010,19910118,2.41184,2.49500,2.41184,2.49500,2706,3.75000
ADP-200010,19910121,2.49500,2.49500,2.32867,2.32867,13678,3.50000
ADP-200010,19910122,2.49500,2.49500,2.41184,2.41184,2856,3.62500
ADP-200010,19910124,2.49500,2.49500,2.49500,2.49500,151,3.75000
ADP-200010,19910125,2.57817,2.57817,2.49500,2.49500,7816,3.75000
ADP-200010,19910128,2.57817,2.57817,2.49500,2.49500,12175,3.75000
ADP-200010,19910129,2.57817,2.57817,2.49500,2.49500,2105,3.75000
ADP-200010,19910130,2.74450,2.82767,2.66134,2.74450,9319,4.12500
ADP-200010,19910131,2.82767,2.99400,2.82767,2.99400,18938,4.50000
ADP-200010,19910201,2.99400,3.07717,2.82767,2.91084,9319,4.37500
ADP-200010,19910204,3.16034,3.16034,2.99400,2.99400,29309,4.50000
ADP-200010,19910205,3.16034,3.16034,2.91084,2.91084,7666,4.37500
ADP-200010,19910206,2.91084,2.99400,2.82767,2.91084,16534,4.37500
ADP-200010,19910207,2.91084,2.91084,2.82767,2.82767,40431,4.25000
ADP-200010,19910208,2.74450,2.74450,2.66134,2.66134,6313,4.00000
ADP-200010,19910211,2.49500,2.66134,2.32867,2.49500,37275,3.75000
ADP-200010,19910212,2.49500,2.49500,2.49500,2.49500,79209,3.75000
ADP-200010,19910213,2.49500,2.82767,2.49500,2.82767,12776,4.25000
ADP-200010,19910214,3.32667,3.32667,2.99400,2.99400,24650,4.50000
ADP-200010,19910215,3.07717,3.16034,2.99400,3.07717,3307,4.62500
ADP-200010,19910219,2.91084,2.99400,2.91084,2.99400,4359,4.50000
ADP-200010,19910220,2.91084,2.91084,2.66134,2.66134,11273,4.00000
ADP-200010,19910221,2.74450,2.91084,2.74450,2.91084,9169,4.37500
ADP-200010,19910222,2.99400,3.07717,2.82767,2.99400,12776,4.50000
ADP-200010,19910225,3.24350,3.24350,2.91084,2.91084,23598,4.37500
ADP-200010,19910226,2.91084,2.99400,2.82767,2.91084,2706,4.37500
ADP-200010,19910227,2.82767,2.99400,2.82767,2.99400,6764,4.50000
ADP-200010,19910228,3.16034,3.16034,2.91084,2.91084,21193,4.37500
ADP-200010,19910301,2.99400,2.99400,2.91084,2.91084,10221,4.37500
ADP-200010,19910304,2.99400,3.16034,2.91084,2.99400,22996,4.50000
ADP-200010,19910305,2.91084,2.91084,2.91084,2.91084,1954,4.37500
ADP-200010,19910306,3.16034,3.16034,2.99400,2.99400,25251,4.50000
ADP-200010,19910307,3.07717,3.07717,2.91084,2.91084,7516,4.37500
ADP-200010,19910308,2.91084,2.99400,2.91084,2.99400,1804,4.50000
ADP-200010,19910311,2.91084,2.99400,2.82767,2.91084,14880,4.37500
ADP-200010,19910312,2.91084,2.91084,2.74450,2.74450,12025,4.12500
ADP-200010,19910313,2.82767,2.82767,2.74450,2.74450,10221,4.12500
ADP-200010,19910314,2.74450,2.91084,2.74450,2.91084,11724,4.37500
ADP-200010,19910315,2.91084,2.91084,2.41184,2.41184,37576,3.62500
ADP-200010,19910318,2.49500,2.66134,2.41184,2.49500,36674,3.75000
ADP-200010,19910319,2.41184,2.49500,2.41184,2.49500,6013,3.75000
ADP-200010,19910320,2.49500,2.49500,2.41184,2.41184,5111,3.62500
ADP-200010,19910321,2.41184,2.41184,2.32867,2.32867,26904,3.50000
ADP-200010,19910322,2.41184,2.41184,2.32867,2.32867,38327,3.50000
ADP-200010,19910325,2.24551,2.41184,2.24551,2.41184,5562,3.62500
ADP-200010,19910326,2.32867,2.41184,2.32867,2.41184,6764,3.62500
ADP-200010,19910327,2.32867,2.41184,2.32867,2.41184,16834,3.62500
ADP-200010,19910328,2.41184,2.57817,2.41184,2.57817,10371,3.87500
ADP-200010,19910401,2.49500,2.49500,2.32867,2.32867,32616,3.50000
ADP-200010,19910402,2.32867,2.49500,2.32867,2.49500,5562,3.75000
ADP-200010,19910403,2.57817,2.57817,2.49500,2.49500,26303,3.75000
ADP-200010,19910404,2.57817,2.57817,2.49500,2.49500,14429,3.75000
ADP-200010,19910405,2.57817,2.57817,2.24551,2.24551,26003,3.37500
ADP-200010,19910408,2.32867,2.32867,2.16234,2.16234,42385,3.25000
ADP-200010,19910409,2.16234,2.16234,2.07917,2.07917,25251,3.12500
ADP-200010,19910410,2.24551,2.32867,2.16234,2.24551,28107,3.37500
ADP-200010,19910411,2.32867,2.49500,2.24551,2.41184,52606,3.62500
ADP-200010,19910412,2.41184,2.49500,2.41184,2.49500,9319,3.75000
ADP-200010,19910415,2.49500,2.49500,2.32867,2.32867,11724,3.50000
ADP-200010,19910416,2.32867,2.41184,2.16234,2.24551,16834,3.37500
ADP-200010,19910417,2.41184,2.41184,2.24551,2.24551,10071,3.37500
ADP-200010,19910418,2.24551,2.24551,2.16234,2.16234,19239,3.25000
ADP-200010,19910419,2.32867,2.49500,2.16234,2.41184,56363,3.62500
ADP-200010,19910422,2.41184,2.41184,2.32867,2.32867,1504,3.50000
ADP-200010,19910423,2.32867,2.49500,2.24551,2.41184,17285,3.62500
ADP-200010,19910424,2.41184,2.41184,2.32867,2.32867,13077,3.50000
ADP-200010,19910425,2.41184,2.41184,2.24551,2.24551,40431,3.37500
ADP-200010,19910426,2.16234,2.16234,2.07917,2.07917,45391,3.12500
ADP-200010,19910429,2.16234,2.24551,2.07917,2.16234,26754,3.25000
ADP-200010,19910430,2.32867,2.41184,2.24551,2.32867,44039,3.50000
ADP-200010,19910501,2.41184,2.99400,2.41184,2.99400,118137,4.50000
ADP-200010,19910502,3.07717,3.07717,2.91084,2.91084,78908,4.37500
ADP-200010,19910503,2.99400,2.99400,2.82767,2.82767,23748,4.25000
ADP-200010,19910506,2.82767,2.91084,2.82767,2.91084,23748,4.37500
ADP-200010,19910507,2.82767,2.99400,2.82767,2.99400,22095,4.50000
ADP-200010,19910508,2.99400,2.99400,2.91084,2.91084,6163,4.37500
ADP-200010,19910509,2.82767,2.99400,2.66134,2.74450,48698,4.12500
ADP-200010,19910510,2.82767,2.99400,2.82767,2.99400,8117,4.50000
ADP-200010,19910513,2.91084,2.99400,2.91084,2.99400,17586,4.50000
ADP-200010,19910514,2.99400,3.07717,2.91084,2.99400,18788,4.50000
ADP-200010,19910515,3.07717,3.07717,2.99400,2.99400,12626,4.50000
ADP-200010,19910516,3.07717,3.16034,2.99400,3.07717,9620,4.62500
ADP-200010,19910517,2.99400,3.16034,2.99400,3.16034,34870,4.75000
ADP-200010,19910520,3.07717,3.24350,3.07717,3.24350,15782,4.87500
ADP-200010,19910521,3.49301,3.65934,3.24350,3.40984,50502,5.12500
ADP-200010,19910522,3.49301,3.57617,3.32667,3.40984,20742,5.12500
ADP-200010,19910523,3.49301,3.65934,3.40984,3.57617,31864,5.37500
ADP-200010,19910524,3.65934,4.07517,3.65934,4.07517,20291,6.12500
ADP-200010,19910528,4.32467,4.32467,4.07517,4.07517,65682,6.12500
ADP-200010,19910529,3.82567,3.99201,3.57617,3.82567,35171,5.75000
ADP-200010,19910530,3.74251,3.90884,3.57617,3.82567,22996,5.75000
ADP-200010,19910531,3.82567,4.07517,3.82567,4.07517,51554,6.12500
ADP-200010,19910603,3.99201,4.15834,3.99201,4.15834,26003,6.25000
ADP-200010,19910604,4.24150,4.40784,4.07517,4.15834,75451,6.25000
ADP-200010,19910605,4.24150,4.24150,4.15834,4.15834,7365,6.25000
ADP-200010,19910606,4.07517,4.24150,3.90884,4.07517,31113,6.12500
ADP-200010,19910607,3.99201,3.99201,3.82567,3.82567,10371,5.75000
ADP-200010,19910610,3.82567,3.82567,3.65934,3.65934,1654,5.50000
ADP-200010,19910611,3.74251,3.74251,3.65934,3.65934,16834,5.50000
ADP-200010,19910612,3.65934,3.74251,3.57617,3.65934,6614,5.50000
ADP-200010,19910613,3.65934,3.65934,3.65934,3.65934,3758,5.50000
ADP-200010,19910614,3.74251,3.74251,3.65934,3.65934,5411,5.50000
ADP-200010,19910617,3.74251,3.74251,3.65934,3.65934,7516,5.50000
ADP-200010,19910618,3.82567,3.82567,3.65934,3.65934,11423,5.50000
ADP-200010,19910619,3.65934,3.65934,3.65934,3.65934,1203,5.50000
ADP-200010,19910620,3.65934,3.65934,3.57617,3.57617,9019,5.37500
ADP-200010,19910621,3.82567,3.82567,3.65934,3.65934,6764,5.50000
ADP-200010,19910624,3.74251,3.90884,3.74251,3.90884,28708,5.87500
ADP-200010,19910625,3.99201,4.49101,3.99201,4.49101,35922,6.75000
ADP-200010,19910626,4.40784,4.40784,4.24150,4.24150,43588,6.37500
ADP-200010,19910627,4.24150,4.40784,4.07517,4.24150,33067,6.37500
ADP-200010,19910628,4.24150,4.32467,4.24150,4.32467,6313,6.50000
ADP-200010,19910701,4.24150,4.32467,4.24150,4.32467,7065,6.50000
ADP-200010,19910702,4.24150,4.24150,3.99201,3.99201,14279,6.00000
ADP-200010,19910703,4.15834,4.24150,3.99201,4.15834,27956,6.25000
ADP-200010,19910705,4.15834,4.24150,3.99201,4.07517,54560,6.12500
ADP-200010,19910708,4.07517,4.15834,3.99201,4.07517,7666,6.12500
ADP-200010,19910709,3.99201,3.99201,3.90884,3.90884,4209,5.87500
ADP-200010,19910710,3.82567,4.15834,3.40984,3.49301,31864,5.25000
ADP-200010,19910711,3.65934,3.82567,3.49301,3.74251,19239,5.62500
ADP-200010,19910712,3.90884,3.90884,3.82567,3.82567,8117,5.75000
ADP-200010,19910715,3.82567,3.82567,3.74251,3.74251,7365,5.62500
ADP-200010,19910716,3.90884,3.90884,3.74251,3.74251,10972,5.62500
ADP-200010,19910717,3.65934,3.74251,3.65934,3.74251,4960,5.62500
ADP-200010,19910718,3.74251,3.74251,3.57617,3.57617,12475,5.37500
ADP-200010,19910719,3.49301,3.49301,3.32667,3.32667,30211,5.00000
ADP-200010,19910722,3.49301,3.49301,3.32667,3.32667,21794,5.00000
ADP-200010,19910723,3.49301,3.49301,3.32667,3.32667,24049,5.00000
ADP-200010,19910724,3.49301,3.49301,3.32667,3.32667,45542,5.00000
ADP-200010,19910725,3.16034,3.32667,3.07717,3.16034,6914,4.75000
ADP-200010,19910726,3.07717,3.07717,2.99400,2.99400,451,4.50000
ADP-200010,19910729,3.07717,3.07717,2.91084,2.91084,45391,4.37500
ADP-200010,19910730,2.82767,2.99400,2.82767,2.99400,14580,4.50000
ADP-200010,19910731,2.99400,2.99400,2.82767,2.82767,19540,4.25000
ADP-200010,19910801,2.82767,2.91084,2.82767,2.91084,4810,4.37500
ADP-200010,19910802,2.91084,3.07717,2.91084,3.07717,12776,4.62500
ADP-200010,19910805,3.16034,3.16034,3.16034,3.16034,18788,4.75000
ADP-200010,19910806,3.16034,3.16034,3.07717,3.07717,5111,4.62500
ADP-200010,19910807,3.16034,3.16034,3.16034,3.16034,151,4.75000
ADP-200010,19910808,3.24350,3.24350,3.16034,3.16034,11874,4.75000
ADP-200010,19910809,3.32667,3.32667,3.07717,3.07717,24349,4.62500
ADP-200010,19910812,2.91084,2.91084,2.66134,2.66134,27055,4.00000
ADP-200010,19910813,2.74450,2.82767,2.74450,2.82767,3457,4.25000
ADP-200010,19910814,2.74450,3.07717,2.74450,3.07717,33217,4.62500
ADP-200010,19910815,2.99400,2.99400,2.82767,2.82767,5712,4.25000
ADP-200010,19910816,2.91084,2.99400,2.91084,2.99400,12926,4.50000
ADP-200010,19910819,2.82767,2.91084,2.82767,2.91084,5261,4.37500
ADP-200010,19910820,3.07717,3.07717,2.99400,2.99400,5411,4.50000
ADP-200010,19910821,3.16034,3.16034,3.07717,3.07717,13978,4.62500
ADP-200010,19910822,3.24350,3.40984,3.07717,3.32667,41183,5.00000
ADP-200010,19910823,3.16034,3.40984,2.99400,3.07717,37425,4.62500
ADP-200010,19910826,3.07717,3.16034,3.07717,3.16034,2255,4.75000
ADP-200010,19910827,3.07717,3.16034,3.07717,3.16034,752,4.75000
ADP-200010,19910828,3.24350,3.24350,2.99400,2.99400,10822,4.50000
ADP-200010,19910829,2.91084,3.07717,2.91084,3.07717,10822,4.62500
ADP-200010,19910830,2.99400,3.07717,2.91084,2.99400,15481,4.50000
ADP-200010,19910903,2.99400,2.99400,2.82767,2.82767,6463,4.25000
ADP-200010,19910904,2.74450,2.82767,2.66134,2.74450,24650,4.12500
ADP-200010,19910905,2.74450,2.82767,2.74450,2.82767,3157,4.25000
ADP-200010,19910906,2.74450,2.74450,2.66134,2.66134,14730,4.00000
ADP-200010,19910909,2.66134,2.66134,2.66134,2.66134,2706,4.00000
ADP-200010,19910910,2.57817,2.66134,2.57817,2.66134,3608,4.00000
ADP-200010,19910911,2.57817,2.66134,2.49500,2.57817,11273,3.87500
ADP-200010,19910912,2.57817,2.91084,2.57817,2.91084,40131,4.37500
ADP-200010,19910913,2.91084,2.99400,2.82767,2.91084,286624,4.37500
ADP-200010,19910916,2.91084,2.91084,2.74450,2.74450,3157,4.12500
ADP-200010,19910917,2.74450,2.74450,2.66134,2.66134,3157,4.00000
ADP-200010,19910918,2.49500,2.49500,2.49500,2.49500,8267,3.75000
ADP-200010,19910919,2.49500,2.66134,2.49500,2.66134,7516,4.00000
ADP-200010,19910920,2.66134,2.66134,2.57817,2.57817,3007,3.87500
ADP-200010,19910923,2.57817,2.57817,2.57817,2.57817,1804,3.87500
ADP-200010,19910924,2.66134,2.66134,2.49500,2.49500,7666,3.75000
ADP-200010,19910925,2.49500,2.49500,2.49500,2.49500,2255,3.75000
ADP-200010,19910926,2.49500,2.66134,2.49500,2.66134,12776,4.00000
ADP-200010,19910927,2.57817,2.66134,2.57817,2.66134,8868,4.00000
ADP-200010,19910930,2.66134,2.66134,2.66134,2.66134,27506,4.00000
ADP-200010,19911001,2.57817,2.66134,2.57817,2.66134,3758,4.00000
ADP-200010,19911002,2.66134,2.66134,2.57817,2.57817,7215,3.87500
ADP-200010,19911003,2.57817,2.57817,2.57817,2.57817,2105,3.87500
ADP-200010,19911004,2.57817,2.57817,2.57817,2.57817,752,3.87500
ADP-200010,19911007,2.49500,2.49500,2.32867,2.32867,12626,3.50000
ADP-200010,19911008,2.32867,2.41184,2.32867,2.41184,29459,3.62500
ADP-200010,19911009,2.41184,2.41184,2.32867,2.32867,18037,3.50000
ADP-200010,19911010,2.32867,2.32867,2.24551,2.24551,12475,3.37500
ADP-200010,19911011,2.32867,2.32867,2.16234,2.16234,33668,3.25000
ADP-200010,19911014,2.07917,2.24551,2.07917,2.24551,7816,3.37500
ADP-200010,19911015,2.24551,2.24551,2.16234,2.16234,32616,3.25000
ADP-200010,19911016,2.24551,2.32867,2.16234,2.24551,34419,3.37500
ADP-200010,19911017,2.24551,2.32867,2.24551,2.32867,20742,3.50000
ADP-200010,19911018,2.32867,2.32867,2.24551,2.24551,19089,3.37500
ADP-200010,19911021,2.24551,2.32867,2.24551,2.32867,49299,3.50000
ADP-200010,19911022,2.32867,2.32867,2.32867,2.32867,4209,3.50000
ADP-200010,19911023,2.24551,2.32867,2.24551,2.32867,3908,3.50000
ADP-200010,19911024,2.24551,2.24551,2.16234,2.16234,26303,3.25000
ADP-200010,19911025,2.24551,2.24551,2.16234,2.16234,10972,3.25000
ADP-200010,19911028,2.24551,2.32867,2.24551,2.32867,3307,3.50000
ADP-200010,19911029,2.24551,2.41184,2.24551,2.41184,7666,3.62500
ADP-200010,19911030,2.49500,2.57817,2.41184,2.49500,23748,3.75000
ADP-200010,19911031,2.57817,2.57817,2.49500,2.49500,8868,3.75000
ADP-200010,19911101,2.49500,2.57817,2.41184,2.49500,6463,3.75000
ADP-200010,19911104,2.32867,2.49500,2.32867,2.49500,5111,3.75000
ADP-200010,19911105,2.49500,2.49500,2.49500,2.49500,8267,3.75000
ADP-200010,19911106,2.41184,2.41184,2.16234,2.16234,25702,3.25000
ADP-200010,19911107,2.16234,2.24551,1.99601,2.07917,52906,3.12500
ADP-200010,19911108,2.07917,2.24551,2.07917,2.24551,5411,3.37500
ADP-200010,19911111,2.24551,2.32867,2.16234,2.24551,18638,3.37500
ADP-200010,19911112,2.16234,2.24551,2.16234,2.24551,10822,3.37500
ADP-200010,19911113,2.24551,2.24551,2.16234,2.16234,7816,3.25000
ADP-200010,19911114,2.24551,2.24551,2.16234,2.16234,17435,3.25000
ADP-200010,19911115,2.16234,2.24551,2.16234,2.24551,4660,3.37500
ADP-200010,19911118,2.24551,2.24551,2.16234,2.16234,4810,3.25000
ADP-200010,19911119,2.07917,2.24551,2.07917,2.24551,10672,3.37500
ADP-200010,19911120,2.24551,2.32867,2.24551,2.32867,1954,3.50000
ADP-200010,19911121,2.41184,2.49500,2.32867,2.41184,16083,3.62500
ADP-200010,19911122,2.49500,2.57817,2.49500,2.57817,27205,3.87500
ADP-200010,19911125,2.57817,2.57817,2.41184,2.41184,9319,3.62500
ADP-200010,19911126,2.16234,2.16234,1.99601,1.99601,81463,3.00000
ADP-200010,19911127,2.07917,2.24551,2.07917,2.24551,12926,3.37500
ADP-200010,19911129,2.32867,2.49500,2.32867,2.49500,11273,3.75000
ADP-200010,19911202,2.32867,2.32867,2.07917,2.07917,59219,3.12500
ADP-200010,19911203,2.16234,2.24551,2.07917,2.16234,24349,3.25000
ADP-200010,19911204,2.24551,2.24551,1.99601,1.99601,60722,3.00000
ADP-200010,19911205,1.91284,1.99601,1.91284,1.99601,85972,3.00000
ADP-200010,19911206,1.91284,1.91284,1.91284,1.91284,16083,2.87500
ADP-200010,19911209,1.91284,1.91284,1.66334,1.66334,35321,2.50000
ADP-200010,19911210,1.58017,1.82967,1.58017,1.82967,728508,2.75000
ADP-200010,19911211,1.74651,1.74651,1.74651,1.74651,16534,2.62500
ADP-200010,19911212,1.66334,1.74651,1.66334,1.74651,12626,2.62500
ADP-200010,19911213,1.66334,1.74651,1.66334,1.74651,34720,2.62500
ADP-200010,19911216,1.66334,1.74651,1.49700,1.66334,27355,2.50000
ADP-200010,19911217,1.58017,1.66334,1.58017,1.66334,12325,2.50000
ADP-200010,19911218,1.66334,1.66334,1.66334,1.66334,5411,2.50000
ADP-200010,19911219,1.58017,1.74651,1.58017,1.74651,18788,2.62500
ADP-200010,19911220,1.82967,1.99601,1.74651,1.82967,70942,2.75000
ADP-200010,19911223,1.82967,1.99601,1.82967,1.99601,29610,3.00000
ADP-200010,19911224,1.91284,2.16234,1.91284,2.16234,21343,3.25000
ADP-200010,19911226,2.24551,2.24551,2.24551,2.24551,6914,3.37500
ADP-200010,19911227,2.16234,2.16234,2.16234,2.16234,2105,3.25000
ADP-200010,19911230,2.16234,2.24551,2.16234,2.24551,44489,3.37500
ADP-200010,19911231,2.16234,2.16234,2.07917,2.07917,15331,3.12500
ADP-200010,19920102,2.16234,2.16234,2.07917,2.07917,22846,3.12500
ADP-200010,19920103,2.16234,2.16234,1.99601,1.99601,15632,3.00000
ADP-200010,19920106,2.07917,2.07917,1.99601,1.99601,35772,3.00000
ADP-200010,19920107,2.07917,2.07917,1.99601,1.99601,43738,3.00000
ADP-200010,19920108,1.91284,1.99601,1.91284,1.99601,7065,3.00000
ADP-200010,19920109,1.99601,2.07917,1.99601,2.07917,28858,3.12500
ADP-200010,19920110,1.99601,1.99601,1.99601,1.99601,14730,3.00000
ADP-200010,19920113,2.07917,2.07917,1.99601,1.99601,3908,3.00000
ADP-200010,19920114,2.07917,2.07917,1.99601,1.99601,14429,3.00000
ADP-200010,19920115,2.16234,2.16234,1.99601,1.99601,33217,3.00000
ADP-200010,19920116,1.99601,1.99601,1.99601,1.99601,30211,3.00000
ADP-200010,19920117,1.99601,2.07917,1.99601,2.07917,17886,3.12500
ADP-200010,19920120,2.16234,2.16234,2.07917,2.07917,8718,3.12500
ADP-200010,19920121,1.99601,2.07917,1.99601,2.07917,12626,3.12500
ADP-200010,19920122,2.07917,2.07917,1.99601,1.99601,92285,3.00000
ADP-200010,19920123,2.07917,2.07917,1.99601,1.99601,92886,3.00000
ADP-200010,19920124,1.99601,2.49500,1.99601,2.49500,584670,3.75000
ADP-200010,19920127,2.49500,2.66134,2.32867,2.41184,81013,3.62500
ADP-200010,19920128,2.49500,2.57817,2.41184,2.49500,23297,3.75000
ADP-200010,19920129,2.66134,2.66134,2.57817,2.57817,31113,3.87500
ADP-200010,19920130,2.41184,2.57817,2.41184,2.57817,11874,3.87500
ADP-200010,19920131,2.49500,2.49500,2.49500,2.49500,6463,3.75000
ADP-200010,19920203,2.49500,2.49500,2.24551,2.24551,11874,3.37500
ADP-200010,19920204,2.16234,2.24551,2.16234,2.24551,8718,3.37500
ADP-200010,19920205,2.24551,2.41184,2.24551,2.41184,13678,3.62500
ADP-200010,19920206,2.49500,2.49500,2.41184,2.41184,7816,3.62500
ADP-200010,19920207,2.32867,2.49500,2.24551,2.32867,37876,3.50000
ADP-200010,19920210,2.16234,2.24551,2.16234,2.24551,21343,3.37500
ADP-200010,19920211,2.32867,2.32867,2.24551,2.24551,18487,3.37500
ADP-200010,19920212,2.32867,2.41184,2.32867,2.41184,2255,3.62500
ADP-200010,19920213,2.49500,2.57817,2.41184,2.49500,41333,3.75000
ADP-200010,19920214,2.49500,2.57817,2.41184,2.49500,26453,3.75000
ADP-200010,19920218,2.49500,2.49500,2.41184,2.41184,29009,3.62500
ADP-200010,19920219,2.41184,2.49500,2.41184,2.49500,3608,3.75000
ADP-200010,19920220,2.41184,2.49500,2.41184,2.49500,20892,3.75000
ADP-200010,19920221,2.41184,2.49500,2.41184,2.49500,21043,3.75000
ADP-200010,19920224,2.49500,2.49500,2.41184,2.41184,5111,3.62500
ADP-200010,19920225,2.41184,2.41184,2.32867,2.32867,3908,3.50000
ADP-200010,19920226,2.49500,2.49500,2.41184,2.41184,7215,3.62500
ADP-200010,19920227,2.41184,2.41184,2.32867,2.32867,15181,3.50000
ADP-200010,19920228,2.32867,2.41184,2.32867,2.41184,17586,3.62500
ADP-200010,19920302,2.32867,2.32867,2.24551,2.24551,6764,3.37500
ADP-200010,19920303,2.32867,2.49500,2.32867,2.49500,42235,3.75000
ADP-200010,19920304,2.41184,2.49500,2.41184,2.49500,59670,3.75000
ADP-200010,19920305,2.41184,2.41184,2.32867,2.32867,8868,3.50000
ADP-200010,19920306,2.41184,2.41184,2.32867,2.32867,8417,3.50000
ADP-200010,19920309,2.24551,2.32867,2.24551,2.32867,9319,3.50000
ADP-200010,19920310,2.24551,2.32867,2.24551,2.32867,10371,3.50000
ADP-200010,19920311,2.16234,2.24551,2.16234,2.24551,2255,3.37500
ADP-200010,19920312,2.16234,2.24551,2.16234,2.24551,22245,3.37500
ADP-200010,19920313,2.24551,2.24551,2.24551,2.24551,1804,3.37500
ADP-200010,19920316,2.24551,2.24551,2.16234,2.16234,12776,3.25000
ADP-200010,19920317,2.24551,2.24551,2.16234,2.16234,9169,3.25000
ADP-200010,19920318,2.16234,2.24551,2.16234,2.24551,7516,3.37500
ADP-200010,19920319,2.24551,2.24551,2.16234,2.16234,4510,3.25000
ADP-200010,19920320,2.16234,2.24551,2.16234,2.24551,4810,3.37500
ADP-200010,19920323,2.24551,2.24551,2.16234,2.16234,14279,3.25000
ADP-200010,19920324,2.16234,2.24551,2.16234,2.24551,23297,3.37500
ADP-200010,19920325,2.16234,2.16234,2.16234,2.16234,902,3.25000
ADP-200010,19920326,2.16234,2.16234,2.07917,2.07917,14580,3.12500
ADP-200010,19920327,2.07917,2.07917,1.99601,1.99601,17435,3.00000
ADP-200010,19920330,1.99601,1.99601,1.99601,1.99601,3457,3.00000
ADP-200010,19920331,1.99601,1.99601,1.99601,1.99601,4660,3.00000
ADP-200010,19920401,1.99601,1.99601,1.99601,1.99601,1504,3.00000
ADP-200010,19920402,1.91284,1.99601,1.91284,1.99601,5261,3.00000
ADP-200010,19920403,1.91284,1.99601,1.91284,1.99601,11874,3.00000
ADP-200010,19920406,1.99601,1.99601,1.91284,1.91284,12475,2.87500
ADP-200010,19920407,1.82967,1.91284,1.66334,1.74651,60271,2.62500
ADP-200010,19920408,1.66334,1.99601,1.66334,1.99601,29459,3.00000
ADP-200010,19920409,1.91284,1.91284,1.82967,1.82967,12926,2.75000
ADP-200010,19920410,1.91284,1.99601,1.82967,1.91284,5712,2.87500
ADP-200010,19920413,1.82967,1.82967,1.66334,1.66334,18187,2.50000
ADP-200010,19920414,1.74651,1.82967,1.66334,1.74651,43137,2.62500
ADP-200010,19920415,1.82967,1.82967,1.82967,1.82967,25101,2.75000
ADP-200010,19920416,1.74651,1.74651,1.66334,1.66334,46894,2.50000
ADP-200010,19920420,1.74651,1.74651,1.74651,1.74651,4209,2.62500
ADP-200010,19920421,1.74651,1.74651,1.66334,1.66334,29459,2.50000
ADP-200010,19920422,1.66334,1.66334,1.58017,1.58017,3908,2.37500
ADP-200010,19920423,1.49700,1.66334,1.33067,1.41384,68988,2.12500
ADP-200010,19920424,1.41384,1.49700,1.33067,1.41384,88377,2.12500
ADP-200010,19920427,1.49700,1.49700,1.41384,1.41384,23598,2.12500
ADP-200010,19920428,1.33067,1.41384,1.33067,1.41384,19239,2.12500
ADP-200010,19920429,1.41384,1.41384,1.24750,1.24750,102956,1.87500
ADP-200010,19920430,1.24750,1.49700,1.24750,1.49700,82516,2.25000
ADP-200010,19920501,1.49700,1.74651,1.49700,1.74651,41033,2.62500
ADP-200010,19920504,1.58017,1.74651,1.58017,1.74651,21644,2.62500
ADP-200010,19920505,1.66334,1.74651,1.66334,1.74651,32766,2.62500
ADP-200010,19920506,1.74651,1.74651,1.74651,1.74651,8718,2.62500
ADP-200010,19920507,1.74651,1.74651,1.74651,1.74651,301,2.62500
ADP-200010,19920508,1.66334,1.66334,1.66334,1.66334,1654,2.50000
ADP-200010,19920511,1.74651,1.74651,1.66334,1.66334,7215,2.50000
ADP-200010,19920512,1.74651,1.74651,1.58017,1.58017,14580,2.37500
ADP-200010,19920513,1.49700,1.58017,1.49700,1.58017,4359,2.37500
ADP-200010,19920514,1.49700,1.74651,1.49700,1.74651,23147,2.62500
ADP-200010,19920515,1.82967,1.82967,1.74651,1.74651,41934,2.62500
ADP-200010,19920518,1.74651,1.82967,1.74651,1.82967,16083,2.75000
ADP-200010,19920519,1.82967,1.82967,1.74651,1.74651,25251,2.62500
ADP-200010,19920520,1.91284,1.91284,1.82967,1.82967,8718,2.75000
ADP-200010,19920521,1.91284,1.91284,1.82967,1.82967,7065,2.75000
ADP-200010,19920522,1.82967,1.82967,1.74651,1.74651,4960,2.62500
ADP-200010,19920526,1.66334,1.74651,1.66334,1.74651,9019,2.62500
ADP-200010,19920527,1.58017,1.74651,1.58017,1.74651,6914,2.62500
ADP-200010,19920528,1.74651,1.74651,1.66334,1.66334,8117,2.50000
ADP-200010,19920601,1.74651,1.82967,1.74651,1.82967,2105,2.75000
ADP-200010,19920602,1.82967,1.82967,1.74651,1.74651,3457,2.62500
ADP-200010,19920603,1.74651,1.74651,1.74651,1.74651,8868,2.62500
ADP-200010,19920604,1.74651,1.82967,1.66334,1.74651,33367,2.62500
ADP-200010,19920605,1.58017,1.74651,1.58017,1.74651,7516,2.62500
ADP-200010,19920608,1.74651,1.74651,1.74651,1.74651,16834,2.62500
ADP-200010,19920609,1.66334,1.82967,1.66334,1.82967,26904,2.75000
ADP-200010,19920610,1.91284,1.91284,1.74651,1.74651,36974,2.62500
ADP-200010,19920611,1.66334,1.82967,1.66334,1.82967,20291,2.75000
ADP-200010,19920612,1.74651,1.74651,1.74651,1.74651,1203,2.62500
ADP-200010,19920615,1.91284,1.91284,1.82967,1.91284,14880,2.87500
ADP-200010,19920616,1.99601,1.99601,1.82967,1.82967,21193,2.75000
ADP-200010,19920617,1.82967,1.82967,1.82967,1.82967,4660,2.75000
ADP-200010,19920618,1.74651,1.74651,1.74651,1.74651,6914,2.62500
ADP-200010,19920619,1.74651,1.82967,1.74651,1.82967,3157,2.75000
ADP-200010,19920622,1.74651,1.74651,1.66334,1.66334,3007,2.50000
ADP-200010,19920623,1.74651,1.82967,1.74651,1.82967,25251,2.75000
ADP-200010,19920624,1.82967,1.82967,1.66334,1.66334,9770,2.50000
ADP-200010,19920625,1.66334,1.74651,1.58017,1.66334,18938,2.50000
ADP-200010,19920626,1.58017,1.66334,1.58017,1.66334,9469,2.50000
ADP-200010,19920629,1.58017,1.58017,1.58017,1.58017,10221,2.37500
ADP-200010,19920630,1.58017,1.66334,1.58017,1.58017,16083,2.37500
ADP-200010,19920701,1.58017,1.66334,1.58017,1.58017,3157,2.37500
ADP-200010,19920702,1.74651,1.74651,1.74651,1.74651,4960,2.62500
ADP-200010,19920706,1.82967,1.82967,1.74651,1.82967,3307,2.75000
ADP-200010,19920707,1.74651,1.74651,1.66334,1.74651,13678,2.62500
ADP-200010,19920708,1.66334,1.66334,1.66334,1.66334,6463,2.50000
ADP-200010,19920709,1.66334,1.74651,1.58017,1.74651,2856,2.62500
ADP-200010,19920710,1.66334,1.66334,1.66334,1.66334,752,2.50000
ADP-200010,19920713,1.74651,1.74651,1.66334,1.66334,5862,2.50000
ADP-200010,19920714,1.66334,1.74651,1.66334,1.74651,11273,2.62500
ADP-200010,19920715,1.82967,1.82967,1.74651,1.74651,1654,2.62500
ADP-200010,19920716,1.74651,1.82967,1.74651,1.82967,9169,2.75000
ADP-200010,19920717,1.74651,1.74651,1.74651,1.74651,301,2.62500
ADP-200010,19920720,1.66334,1.66334,1.49700,1.66334,21343,2.50000
ADP-200010,19920721,1.58017,1.66334,1.58017,1.66334,2105,2.50000
ADP-200010,19920722,1.66334,1.66334,1.49700,1.58017,5712,2.37500
ADP-200010,19920723,1.49700,1.66334,1.49700,1.58017,19089,2.37500
ADP-200010,19920724,1.58017,1.74651,1.58017,1.74651,20291,2.62500
ADP-200010,19920727,1.74651,1.82967,1.74651,1.74651,24950,2.62500
ADP-200010,19920728,1.74651,1.74651,1.66334,1.66334,11423,2.50000
ADP-200010,19920729,1.66334,1.66334,1.66334,1.66334,18187,2.50000
ADP-200010,19920730,1.66334,1.74651,1.66334,1.66334,12325,2.50000
ADP-200010,19920731,1.74651,1.74651,1.66334,1.66334,1654,2.50000
ADP-200010,19920803,1.66334,1.74651,1.58017,1.66334,6764,2.50000
ADP-200010,19920804,1.58017,1.66334,1.49700,1.66334,18187,2.50000
ADP-200010,19920805,1.66334,1.66334,1.66334,1.66334,3758,2.50000
ADP-200010,19920810,1.58017,1.58017,1.49700,1.49700,20592,2.25000
ADP-200010,19920811,1.49700,1.58017,1.41384,1.49700,19690,2.25000
ADP-200010,19920812,1.41384,1.41384,1.41384,1.41384,1203,2.12500
ADP-200010,19920813,1.49700,1.49700,1.41384,1.49700,9169,2.25000
ADP-200010,19920814,1.49700,1.58017,1.49700,1.58017,9019,2.37500
ADP-200010,19920817,1.49700,1.58017,1.49700,1.58017,18187,2.37500
ADP-200010,19920818,1.49700,1.58017,1.49700,1.49700,1053,2.25000
ADP-200010,19920819,1.49700,1.49700,1.49700,1.49700,1804,2.25000
ADP-200010,19920820,1.49700,1.49700,1.41384,1.41384,10371,2.12500
ADP-200010,19920821,1.41384,1.49700,1.41384,1.49700,9620,2.25000
ADP-200010,19920824,1.41384,1.41384,1.33067,1.41384,22095,2.12500
ADP-200010,19920825,1.41384,1.41384,1.41384,1.41384,2856,2.12500
ADP-200010,19920826,1.41384,1.41384,1.33067,1.33067,5712,2.00000
ADP-200010,19920827,1.41384,1.41384,1.41384,1.41384,4209,2.12500
ADP-200010,19920828,1.49700,1.49700,1.33067,1.33067,13828,2.00000
ADP-200010,19920831,1.33067,1.41384,1.33067,1.41384,9469,2.12500
ADP-200010,19920901,1.33067,1.41384,1.33067,1.41384,6163,2.12500
ADP-200010,19920902,1.41384,1.41384,1.41384,1.41384,752,2.12500
ADP-200010,19920903,1.33067,1.41384,1.24750,1.41384,22095,2.12500
ADP-200010,19920904,1.41384,1.41384,1.41384,1.41384,902,2.12500
ADP-200010,19920908,1.41384,1.41384,1.33067,1.33067,18037,2.00000
ADP-200010,19920909,1.49700,1.49700,1.41384,1.41384,3608,2.12500
ADP-200010,19920910,1.49700,1.49700,1.49700,1.49700,1053,2.25000
ADP-200010,19920911,1.58017,1.58017,1.41384,1.41384,7816,2.12500
ADP-200010,19920914,1.41384,1.41384,1.33067,1.33067,14129,2.00000
ADP-200010,19920915,1.33067,1.41384,1.33067,1.41384,3608,2.12500
ADP-200010,19920916,1.33067,1.33067,1.33067,1.33067,11724,2.00000
ADP-200010,19920917,1.33067,1.33067,1.24750,1.33067,12325,2.00000
ADP-200010,19920918,1.41384,1.41384,1.24750,1.41384,7516,2.12500
ADP-200010,19920921,1.41384,1.41384,1.33067,1.33067,2556,2.00000
ADP-200010,19920922,1.33067,1.33067,1.33067,1.33067,1654,2.00000
ADP-200010,19920923,1.33067,1.33067,1.16434,1.24750,459920,1.87500
ADP-200010,19920924,1.24750,1.33067,1.24750,1.33067,6163,2.00000
ADP-200010,19920925,1.33067,1.33067,1.33067,1.33067,6313,2.00000
ADP-200010,19920928,1.33067,1.33067,1.24750,1.33067,6163,2.00000
ADP-200010,19920929,1.24750,1.33067,1.24750,1.24750,3908,1.87500
ADP-200010,19920930,1.24750,1.24750,1.24750,1.24750,16383,1.87500
ADP-200010,19921001,1.24750,1.24750,1.16434,1.24750,18337,1.87500
ADP-200010,19921002,1.16434,1.16434,1.16434,1.16434,3457,1.75000
ADP-200010,19921005,1.16434,1.16434,1.08117,1.08117,16834,1.62500
ADP-200010,19921006,1.16434,1.24750,1.08117,1.16434,11874,1.75000
ADP-200010,19921007,1.16434,1.33067,1.16434,1.24750,23748,1.87500
ADP-200010,19921008,1.41384,1.41384,1.33067,1.33067,8117,2.00000
ADP-200010,19921009,1.33067,1.33067,1.24750,1.33067,3908,2.00000
ADP-200010,19921012,1.33067,1.33067,1.24750,1.24750,7816,1.87500
ADP-200010,19921013,1.16434,1.24750,1.16434,1.24750,9469,1.87500
ADP-200010,19921014,1.24750,1.33067,1.24750,1.33067,7516,2.00000
ADP-200010,19921015,1.33067,1.33067,1.33067,1.33067,151,2.00000
ADP-200010,19921016,1.33067,1.33067,1.33067,1.33067,4660,2.00000
ADP-200010,19921019,1.24750,1.24750,1.16434,1.16434,15632,1.75000
ADP-200010,19921020,1.08117,1.24750,1.08117,1.24750,10522,1.87500
ADP-200010,19921021,1.16434,1.16434,1.16434,1.16434,1053,1.75000
ADP-200010,19921022,1.16434,1.16434,1.16434,1.16434,1504,1.75000
ADP-200010,19921023,1.16434,1.24750,1.16434,1.24750,13678,1.87500
ADP-200010,19921026,1.33067,1.41384,1.33067,1.41384,20742,2.12500
ADP-200010,19921027,1.33067,1.41384,1.33067,1.41384,26003,2.12500
ADP-200010,19921028,1.33067,1.41384,1.33067,1.41384,30812,2.12500
ADP-200010,19921029,1.33067,1.33067,1.33067,1.33067,602,2.00000
ADP-200010,19921030,1.33067,1.33067,1.24750,1.33067,9019,2.00000
ADP-200010,19921102,1.24750,1.24750,1.24750,1.24750,6463,1.87500
ADP-200010,19921103,1.16434,1.16434,1.08117,1.08117,109870,1.62500
ADP-200010,19921104,1.16434,1.16434,1.08117,1.08117,2255,1.62500
ADP-200010,19921105,1.16434,1.16434,1.08117,1.16434,3608,1.75000
ADP-200010,19921106,1.08117,1.08117,1.08117,1.08117,56514,1.62500
ADP-200010,19921109,1.08117,1.16434,0.99801,1.16434,19389,1.75000
ADP-200010,19921110,1.16434,1.16434,1.08117,1.16434,11724,1.75000
ADP-200010,19921111,1.08117,1.08117,0.99801,1.08117,27355,1.62500
ADP-200010,19921112,1.08117,1.16434,1.08117,1.08117,37125,1.62500
ADP-200010,19921113,1.08117,1.08117,0.99801,1.08117,16684,1.62500
ADP-200010,19921116,1.08117,1.08117,1.08117,1.08117,4510,1.62500
ADP-200010,19921117,1.08117,1.08117,0.99801,0.99801,19089,1.50000
ADP-200010,19921118,1.08117,1.08117,0.99801,0.99801,33067,1.50000
ADP-200010,19921119,0.99801,1.08117,0.99801,0.99801,5562,1.50000
ADP-200010,19921120,0.99801,1.08117,0.99801,0.99801,45842,1.50000
ADP-200010,19921123,1.08117,1.08117,1.08117,1.08117,1504,1.62500
ADP-200010,19921124,0.99801,1.08117,0.99801,1.08117,122045,1.62500
ADP-200010,19921125,0.99801,1.16434,0.99801,1.16434,26303,1.75000
ADP-200010,19921127,1.08117,1.08117,1.08117,1.08117,7666,1.62500
ADP-200010,19921130,1.08117,1.08117,1.08117,1.08117,12325,1.62500
ADP-200010,19921201,1.16434,1.49700,1.16434,1.49700,159019,2.25000
ADP-200010,19921202,1.49700,1.58017,1.41384,1.58017,71844,2.37500
ADP-200010,19921203,1.58017,1.66334,1.49700,1.58017,71694,2.37500
ADP-200010,19921204,1.58017,1.66334,1.49700,1.58017,26754,2.37500
ADP-200010,19921207,1.58017,1.58017,1.49700,1.58017,31564,2.37500
ADP-200010,19921208,1.49700,1.58017,1.49700,1.58017,10522,2.37500
ADP-200010,19921209,1.58017,1.58017,1.49700,1.58017,32015,2.37500
ADP-200010,19921210,1.49700,1.58017,1.49700,1.58017,29760,2.37500
ADP-200010,19921211,1.58017,1.58017,1.58017,1.58017,11123,2.37500
ADP-200010,19921215,1.49700,1.49700,1.49700,1.49700,2255,2.25000
ADP-200010,19921216,1.49700,1.82967,1.49700,1.82967,78007,2.75000
ADP-200010,19921217,1.66334,1.74651,1.58017,1.66334,40882,2.50000
ADP-200010,19921218,1.66334,1.74651,1.66334,1.66334,35321,2.50000
ADP-200010,19921221,1.74651,1.74651,1.66334,1.66334,18037,2.50000
ADP-200010,19921222,1.74651,2.07917,1.66334,1.99601,169239,3.00000
ADP-200010,19921223,2.07917,2.16234,1.99601,2.07917,38928,3.12500
ADP-200010,19921224,2.24551,2.24551,2.07917,2.16234,23598,3.25000
ADP-200010,19921228,1.99601,2.07917,1.99601,2.07917,15782,3.12500
ADP-200010,19921229,1.99601,2.07917,1.99601,1.99601,55762,3.00000
ADP-200010,19921230,1.99601,2.07917,1.99601,2.07917,9770,3.12500
ADP-200010,19921231,1.99601,1.99601,1.91284,1.99601,51554,3.00000
ADP-200010,19930104,1.99601,1.99601,1.91284,1.91284,9920,2.87500
ADP-200010,19930105,1.91284,2.07917,1.82967,1.99601,27656,3.00000
ADP-200010,19930106,1.99601,2.07917,1.91284,2.07917,22095,3.12500
ADP-200010,19930107,1.99601,2.41184,1.91284,2.24551,84920,3.37500
ADP-200010,19930108,2.24551,2.24551,2.16234,2.24551,34570,3.37500
ADP-200010,19930111,2.24551,2.24551,2.16234,2.16234,10522,3.25000
ADP-200010,19930112,2.16234,2.24551,2.16234,2.24551,7816,3.37500
ADP-200010,19930113,2.24551,2.32867,2.24551,2.32867,9319,3.50000
ADP-200010,19930114,2.32867,2.32867,2.24551,2.24551,16083,3.37500
ADP-200010,19930115,2.24551,2.32867,2.16234,2.32867,17135,3.50000
ADP-200010,19930118,2.24551,2.24551,2.24551,2.24551,2255,3.37500
ADP-200010,19930119,2.24551,2.32867,2.24551,2.32867,49299,3.50000
ADP-200010,19930120,2.32867,2.41184,2.32867,2.41184,45091,3.62500
ADP-200010,19930121,2.24551,2.41184,2.24551,2.41184,31413,3.62500
ADP-200010,19930122,2.32867,2.49500,2.32867,2.41184,40732,3.62500
ADP-200010,19930125,2.32867,2.57817,2.32867,2.57817,23147,3.87500
ADP-200010,19930126,2.57817,2.99400,2.57817,2.91084,115431,4.37500
ADP-200010,19930127,2.99400,2.99400,2.82767,2.82767,59970,4.25000
ADP-200010,19930128,2.91084,2.91084,2.74450,2.74450,33067,4.12500
ADP-200010,19930129,2.82767,2.91084,2.82767,2.82767,55011,4.25000
ADP-200010,19930201,2.99400,3.32667,2.99400,3.16034,165632,4.75000
ADP-200010,19930202,2.99400,3.07717,2.91084,2.99400,33668,4.50000
ADP-200010,19930203,2.99400,2.99400,2.82767,2.82767,41934,4.25000
ADP-200010,19930204,2.82767,3.07717,2.82767,3.07717,41033,4.62500
ADP-200010,19930205,3.07717,3.07717,2.82767,3.07717,78157,4.62500
ADP-200010,19930208,2.99400,3.07717,2.91084,3.07717,30962,4.62500
ADP-200010,19930209,2.99400,2.99400,2.91084,2.91084,41033,4.37500
ADP-200010,19930210,2.91084,2.99400,2.91084,2.99400,8868,4.50000
ADP-200010,19930211,2.91084,2.99400,2.91084,2.99400,16383,4.50000
ADP-200010,19930212,2.99400,3.07717,2.91084,3.07717,17586,4.62500
ADP-200010,19930216,2.99400,3.16034,2.99400,3.07717,48097,4.62500
ADP-200010,19930217,2.99400,2.99400,2.91084,2.91084,8718,4.37500
ADP-200010,19930218,2.91084,2.91084,2.82767,2.82767,20892,4.25000
ADP-200010,19930219,2.91084,3.07717,2.82767,3.07717,52906,4.62500
ADP-200010,19930222,3.07717,3.16034,3.07717,3.07717,20141,4.62500
ADP-200010,19930223,3.16034,3.24350,3.16034,3.16034,17135,4.75000
ADP-200010,19930224,3.24350,3.57617,3.24350,3.40984,130011,5.12500
ADP-200010,19930225,3.49301,3.57617,3.40984,3.57617,60572,5.37500
ADP-200010,19930226,3.57617,3.57617,3.49301,3.49301,17586,5.25000
ADP-200010,19930301,3.57617,3.90884,3.57617,3.74251,57566,5.62500
ADP-200010,19930302,3.57617,3.90884,3.57617,3.90884,46143,5.87500
ADP-200010,19930303,3.99201,4.57417,3.99201,4.32467,175702,6.50000
ADP-200010,19930304,4.40784,4.49101,3.99201,3.99201,56964,6.00000
ADP-200010,19930305,4.15834,4.15834,3.65934,3.99201,58918,6.00000
ADP-200010,19930308,3.99201,4.15834,3.90884,3.99201,75902,6.00000
ADP-200010,19930309,3.90884,3.99201,3.90884,3.90884,28257,5.87500
ADP-200010,19930310,3.90884,4.32467,3.82567,4.32467,82516,6.50000
ADP-200010,19930311,4.32467,4.57417,4.32467,4.57417,133317,6.87500
ADP-200010,19930312,4.57417,4.57417,4.32467,4.57417,73347,6.87500
ADP-200010,19930315,4.49101,4.90684,4.49101,4.65734,79810,7.00000
ADP-200010,19930316,4.65734,4.90684,4.65734,4.74050,70942,7.12500
ADP-200010,19930317,4.74050,4.82367,4.57417,4.65734,113477,7.00000
ADP-200010,19930318,4.65734,4.74050,4.65734,4.74050,47946,7.12500
ADP-200010,19930319,4.74050,4.74050,4.65734,4.74050,66734,7.12500
ADP-200010,19930322,4.57417,4.82367,4.49101,4.82367,64630,7.25000
ADP-200010,19930323,4.82367,4.90684,4.65734,4.65734,56363,7.00000
ADP-200010,19930324,4.74050,4.82367,4.65734,4.82367,37425,7.25000
ADP-200010,19930325,4.65734,4.82367,4.57417,4.74050,38477,7.12500
ADP-200010,19930326,4.82367,4.99000,4.74050,4.99000,33367,7.50000
ADP-200010,19930329,4.90684,5.15634,4.82367,5.15634,48247,7.75000
ADP-200010,19930330,5.23951,5.40584,5.23951,5.32267,110471,8.00000
ADP-200010,19930331,5.40584,5.48900,5.23951,5.23951,43137,7.87500
ADP-200010,19930401,5.32267,5.40584,5.32267,5.40584,59219,8.12500
ADP-200010,19930402,5.40584,5.82167,5.32267,5.40584,109870,8.12500
ADP-200010,19930405,5.32267,5.82167,5.32267,5.65534,49600,8.50000
ADP-200010,19930406,5.65534,5.73851,5.65534,5.65534,40431,8.50000
ADP-200010,19930407,5.65534,5.82167,5.65534,5.65534,81013,8.50000
ADP-200010,19930408,5.82167,6.32067,5.82167,6.15434,88077,9.25000
ADP-200010,19930412,6.23751,6.23751,5.98800,6.07117,77105,9.12500
ADP-200010,19930413,5.98800,6.07117,5.82167,5.90484,88528,8.87500
ADP-200010,19930414,5.90484,5.90484,5.23951,5.65534,154359,8.50000
ADP-200010,19930415,5.48900,5.57217,5.23951,5.40584,111974,8.12500
ADP-200010,19930416,5.48900,5.90484,5.32267,5.90484,118437,8.87500
ADP-200010,19930419,5.82167,6.32067,5.82167,6.23751,131814,9.37500
ADP-200010,19930420,6.32067,6.48700,5.98800,6.07117,128508,9.12500
ADP-200010,19930421,6.15434,6.15434,5.90484,5.90484,33818,8.87500
ADP-200010,19930422,5.98800,6.07117,5.98800,5.98800,81614,9.00000
ADP-200010,19930423,5.90484,6.15434,5.90484,6.07117,93638,9.12500
ADP-200010,19930426,5.98800,6.40384,5.82167,5.90484,166083,8.87500
ADP-200010,19930427,5.65534,5.65534,5.07317,5.65534,126704,8.50000
ADP-200010,19930428,5.73851,5.82167,5.65534,5.65534,17886,8.50000
ADP-200010,19930429,5.65534,5.90484,5.65534,5.90484,39680,8.87500
ADP-200010,19930430,5.82167,5.98800,5.82167,5.82167,48397,8.75000
ADP-200010,19930503,5.82167,5.90484,5.73851,5.73851,35021,8.62500
ADP-200010,19930504,5.57217,5.57217,5.48900,5.48900,26754,8.25000
ADP-200010,19930505,5.48900,5.48900,5.15634,5.15634,35021,7.75000
ADP-200010,19930506,5.23951,5.40584,4.82367,5.32267,99049,8.00000
ADP-200010,19930507,5.40584,5.48900,5.32267,5.48900,56664,8.25000
ADP-200010,19930510,5.57217,5.73851,5.57217,5.57217,78157,8.37500
ADP-200010,19930511,5.65534,6.07117,5.65534,5.98800,75902,9.00000
ADP-200010,19930512,5.98800,6.07117,5.90484,5.90484,88227,8.87500
ADP-200010,19930513,5.90484,6.07117,5.82167,5.98800,74700,9.00000
ADP-200010,19930514,6.07117,6.32067,6.07117,6.15434,190732,9.25000
ADP-200010,19930517,6.07117,6.23751,5.98800,6.07117,45542,9.12500
ADP-200010,19930518,5.90484,5.98800,5.73851,5.98800,53808,9.00000
ADP-200010,19930519,5.90484,5.98800,5.65534,5.90484,44189,8.87500
ADP-200010,19930520,5.82167,6.23751,5.82167,6.15434,125201,9.25000
ADP-200010,19930521,6.15434,6.23751,5.98800,5.98800,84770,9.00000
ADP-200010,19930524,6.07117,6.23751,5.98800,6.07117,83117,9.12500
ADP-200010,19930525,6.15434,6.32067,5.98800,6.15434,90782,9.25000
ADP-200010,19930526,6.15434,6.23751,6.15434,6.23751,108217,9.37500
ADP-200010,19930527,6.32067,6.98601,6.32067,6.81967,186824,10.25000
ADP-200010,19930528,6.98601,7.40184,6.90284,6.98601,171944,10.50000
ADP-200010,19930601,7.23550,7.23550,7.06917,7.06917,109720,10.62500
ADP-200010,19930602,7.15234,7.48501,6.98601,7.48501,115131,11.25000
ADP-200010,19930603,7.73450,7.73450,7.48501,7.65134,119189,11.50000
ADP-200010,19930604,7.65134,7.98401,7.65134,7.98401,219289,12.00000
ADP-200010,19930607,8.06717,8.64934,8.06717,8.23350,251453,12.37500
ADP-200010,19930608,8.15034,8.31667,7.98401,8.31667,152706,12.50000
ADP-200010,19930609,8.15034,8.39984,7.98401,8.31667,118588,12.50000
ADP-200010,19930610,8.31667,8.56617,8.31667,8.31667,97846,12.50000
ADP-200010,19930611,8.23350,8.31667,8.06717,8.23350,107465,12.37500
ADP-200010,19930614,8.23350,8.73251,8.23350,8.64934,129860,13.00000
ADP-200010,19930615,8.73251,8.89884,8.48300,8.81567,116333,13.25000
ADP-200010,19930616,8.73251,8.73251,8.48300,8.73251,62526,13.12500
ADP-200010,19930617,8.73251,9.06517,8.56617,8.89884,88978,13.37500
ADP-200010,19930618,8.98201,9.23150,8.98201,9.06517,102806,13.62500
ADP-200010,19930621,9.06517,9.39784,8.81567,9.39784,65081,14.12500
ADP-200010,19930622,9.64734,9.89684,9.48100,9.73051,127906,14.62500
ADP-200010,19930623,9.98000,10.56217,9.98000,10.31267,119189,15.50000
ADP-200010,19930624,10.22950,10.22950,8.64934,9.14834,342385,13.75000
ADP-200010,19930625,9.23150,9.39784,9.14834,9.23150,73948,13.87500
ADP-200010,19930628,9.23150,9.98000,9.14834,9.98000,100702,15.00000
ADP-200010,19930629,9.98000,10.56217,9.89684,10.31267,183818,15.50000
ADP-200010,19930630,10.22950,10.56217,10.22950,10.22950,67936,15.37500
ADP-200010,19930701,10.06317,10.06317,9.64734,9.98000,60872,15.00000
ADP-200010,19930702,9.89684,9.89684,9.73051,9.81367,30211,14.75000
ADP-200010,19930706,9.89684,9.89684,9.48100,9.64734,52756,14.50000
ADP-200010,19930707,9.64734,9.81367,9.48100,9.48100,62225,14.25000
ADP-200010,19930708,9.31467,9.31467,9.06517,9.06517,75151,13.62500
ADP-200010,19930709,9.14834,9.98000,9.06517,9.98000,142035,15.00000
ADP-200010,19930712,10.06317,10.06317,9.56417,9.73051,169840,14.62500
ADP-200010,19930713,9.64734,9.89684,9.64734,9.89684,46744,14.87500
ADP-200010,19930714,9.81367,10.56217,9.56417,9.73051,232365,14.62500
ADP-200010,19930715,9.73051,9.73051,9.48100,9.56417,76804,14.37500
ADP-200010,19930716,9.48100,9.73051,9.48100,9.73051,76203,14.62500
ADP-200010,19930719,9.73051,9.89684,9.64734,9.81367,123097,14.75000
ADP-200010,19930720,9.56417,9.81367,9.56417,9.81367,82365,14.75000
ADP-200010,19930721,9.81367,9.81367,9.64734,9.64734,57415,14.50000
ADP-200010,19930722,9.56417,9.73051,9.56417,9.56417,22245,14.37500
ADP-200010,19930723,9.64734,9.64734,9.39784,9.64734,40431,14.50000
ADP-200010,19930726,9.64734,9.98000,8.81567,8.89884,156614,13.37500
ADP-200010,19930727,9.06517,9.31467,8.98201,9.06517,71393,13.62500
ADP-200010,19930728,9.14834,9.31467,8.73251,8.98201,75902,13.50000
ADP-200010,19930729,8.89884,8.89884,7.81767,8.31667,258367,12.50000
ADP-200010,19930730,8.39984,8.56617,8.39984,8.56617,61624,12.87500
ADP-200010,19930802,8.56617,8.56617,8.15034,8.23350,49299,12.37500
ADP-200010,19930803,8.31667,8.31667,7.98401,7.98401,138878,12.00000
ADP-200010,19930804,7.98401,8.06717,7.31867,7.31867,77255,11.00000
ADP-200010,19930805,7.31867,7.98401,7.31867,7.81767,156013,11.75000
ADP-200010,19930806,7.81767,7.81767,6.32067,6.98601,387025,10.50000
ADP-200010,19930809,7.06917,7.40184,7.06917,7.06917,113928,10.62500
ADP-200010,19930810,7.06917,7.15234,6.98601,7.06917,53057,10.62500
ADP-200010,19930811,7.06917,7.31867,7.06917,7.23550,36223,10.87500
ADP-200010,19930812,7.23550,7.23550,6.98601,7.06917,43137,10.62500
ADP-200010,19930813,7.06917,7.06917,6.90284,7.06917,67185,10.62500
ADP-200010,19930816,7.06917,7.98401,7.06917,7.56817,72596,11.37500
ADP-200010,19930817,7.40184,7.90084,7.40184,7.65134,48548,11.50000
ADP-200010,19930818,7.56817,7.65134,7.40184,7.48501,9620,11.25000
ADP-200010,19930819,7.48501,7.48501,7.23550,7.48501,24199,11.25000
ADP-200010,19930820,7.40184,7.73450,7.31867,7.73450,29610,11.62500
ADP-200010,19930823,7.56817,7.65134,7.31867,7.48501,28708,11.25000
ADP-200010,19930824,7.56817,7.90084,7.56817,7.65134,65682,11.50000
ADP-200010,19930825,7.81767,8.23350,7.73450,7.90084,87926,11.87500
ADP-200010,19930826,7.90084,8.06717,7.90084,7.98401,47195,12.00000
ADP-200010,19930827,7.81767,7.98401,7.81767,7.81767,20441,11.75000
ADP-200010,19930830,7.90084,7.90084,7.56817,7.65134,33067,11.50000
ADP-200010,19930831,7.56817,7.98401,7.56817,7.98401,31263,12.00000
ADP-200010,19930901,7.98401,7.98401,7.48501,7.65134,16233,11.50000
ADP-200010,19930902,7.56817,7.56817,7.31867,7.31867,46894,11.00000
ADP-200010,19930903,7.31867,7.31867,7.23550,7.31867,19690,11.00000
ADP-200010,19930907,7.48501,7.48501,7.23550,7.23550,25552,10.87500
ADP-200010,19930908,7.31867,7.31867,7.15234,7.15234,9169,10.75000
ADP-200010,19930909,7.15234,7.15234,7.15234,7.15234,5261,10.75000
ADP-200010,19930910,7.23550,7.23550,6.98601,7.06917,54109,10.62500
ADP-200010,19930913,6.65334,6.81967,6.32067,6.81967,116483,10.25000
ADP-200010,19930914,6.73650,6.98601,6.48700,6.81967,68688,10.25000
ADP-200010,19930915,6.81967,6.81967,6.65334,6.65334,19840,10.00000
ADP-200010,19930916,6.73650,6.98601,6.73650,6.98601,18638,10.50000
ADP-200010,19930917,6.90284,6.98601,6.81967,6.90284,12926,10.37500
ADP-200010,19930920,6.81967,6.90284,6.81967,6.81967,18037,10.25000
ADP-200010,19930921,6.81967,6.90284,6.40384,6.57017,46894,9.87500
ADP-200010,19930922,6.57017,6.90284,6.48700,6.90284,66584,10.37500
ADP-200010,19930923,6.90284,7.23550,6.90284,7.23550,17586,10.87500
ADP-200010,19930924,7.15234,7.81767,7.15234,7.73450,60421,11.62500
ADP-200010,19930927,7.81767,8.23350,7.81767,7.90084,119940,11.87500
ADP-200010,19930928,7.90084,7.90084,7.48501,7.56817,41033,11.37500
ADP-200010,19930929,7.56817,8.15034,7.48501,8.06717,119640,12.12500
ADP-200010,19930930,8.23350,8.48300,7.98401,8.23350,37425,12.37500
ADP-200010,19931001,8.15034,8.31667,8.06717,8.31667,54109,12.50000
ADP-200010,19931004,8.31667,8.31667,7.90084,8.31667,50802,12.50000
ADP-200010,19931005,8.31667,8.39984,8.06717,8.15034,35321,12.25000
ADP-200010,19931006,8.15034,8.23350,8.06717,8.15034,8718,12.25000
ADP-200010,19931007,8.06717,8.23350,8.06717,8.15034,19089,12.25000
ADP-200010,19931008,8.15034,8.15034,7.90084,7.98401,20892,12.00000
ADP-200010,19931011,7.98401,8.15034,7.98401,7.98401,11273,12.00000
ADP-200010,19931012,7.98401,8.56617,7.98401,8.39984,56664,12.62500
ADP-200010,19931013,8.31667,8.64934,8.31667,8.56617,47495,12.87500
ADP-200010,19931014,8.64934,8.89884,8.39984,8.48300,113177,12.75000
ADP-200010,19931015,8.31667,8.48300,7.98401,8.31667,30962,12.50000
ADP-200010,19931018,8.39984,8.48300,8.39984,8.39984,8267,12.62500
ADP-200010,19931019,8.48300,8.81567,8.31667,8.31667,66133,12.50000
ADP-200010,19931020,8.39984,8.56617,8.31667,8.48300,23748,12.75000
ADP-200010,19931021,8.39984,8.64934,8.39984,8.39984,79960,12.62500
ADP-200010,19931022,8.39984,8.39984,8.06717,8.06717,61473,12.12500
ADP-200010,19931025,8.06717,8.06717,7.98401,7.98401,16233,12.00000
ADP-200010,19931026,7.98401,7.98401,7.81767,7.81767,10071,11.75000
ADP-200010,19931027,7.81767,7.98401,7.81767,7.98401,24650,12.00000
ADP-200010,19931028,7.90084,7.98401,7.81767,7.98401,15632,12.00000
ADP-200010,19931029,8.06717,8.23350,7.98401,8.06717,30962,12.12500
ADP-200010,19931101,7.98401,8.06717,7.98401,7.98401,13227,12.00000
ADP-200010,19931102,7.98401,7.98401,7.48501,7.65134,48247,11.50000
ADP-200010,19931103,7.65134,7.81767,7.56817,7.56817,23447,11.37500
ADP-200010,19931104,7.48501,7.48501,7.31867,7.31867,12926,11.00000
ADP-200010,19931105,7.23550,7.23550,6.81967,7.23550,34119,10.87500
ADP-200010,19931108,7.31867,8.64934,7.31867,8.48300,175702,12.75000
ADP-200010,19931109,8.56617,8.73251,8.15034,8.15034,183217,12.25000
ADP-200010,19931110,8.06717,8.23350,7.98401,8.15034,42986,12.25000
ADP-200010,19931111,8.23350,8.39984,8.23350,8.31667,42385,12.50000
ADP-200010,19931112,8.48300,8.73251,8.39984,8.64934,72145,13.00000
ADP-200010,19931115,8.73251,8.73251,8.31667,8.56617,24199,12.87500
ADP-200010,19931116,8.48300,8.48300,8.31667,8.31667,17736,12.50000
ADP-200010,19931117,8.39984,8.39984,7.98401,8.06717,50652,12.12500
ADP-200010,19931118,8.06717,8.15034,7.98401,7.98401,3457,12.00000
ADP-200010,19931119,7.98401,7.98401,7.73450,7.81767,14580,11.75000
ADP-200010,19931122,7.90084,7.90084,7.40184,7.48501,17586,11.25000
ADP-200010,19931123,7.31867,7.31867,7.23550,7.23550,25401,10.87500
ADP-200010,19931124,7.31867,7.31867,7.15234,7.15234,17886,10.75000
ADP-200010,19931126,7.31867,7.73450,7.15234,7.73450,22245,11.62500
ADP-200010,19931129,7.90084,8.15034,7.73450,7.90084,45091,11.87500
ADP-200010,19931130,7.90084,7.90084,7.48501,7.48501,21944,11.25000
ADP-200010,19931201,7.40184,7.56817,7.40184,7.40184,26153,11.12500
ADP-200010,19931202,7.31867,7.40184,7.31867,7.40184,43437,11.12500
ADP-200010,19931203,7.48501,7.81767,7.48501,7.65134,25251,11.50000
ADP-200010,19931206,7.81767,7.90084,7.81767,7.90084,48097,11.87500
ADP-200010,19931207,7.98401,8.31667,7.98401,8.23350,71544,12.37500
ADP-200010,19931208,8.06717,8.23350,8.06717,8.23350,10522,12.37500
ADP-200010,19931209,8.15034,8.23350,8.06717,8.06717,17586,12.12500
ADP-200010,19931210,8.06717,8.06717,7.81767,7.81767,17285,11.75000
ADP-200010,19931213,7.90084,7.90084,7.73450,7.73450,11724,11.62500
ADP-200010,19931214,7.73450,7.73450,7.56817,7.56817,22546,11.37500
ADP-200010,19931215,7.56817,7.56817,7.31867,7.40184,24650,11.12500
ADP-200010,19931216,7.40184,7.48501,7.31867,7.48501,19690,11.25000
ADP-200010,19931217,7.48501,7.81767,7.31867,7.73450,36073,11.62500
ADP-200010,19931220,7.65134,7.98401,7.65134,7.65134,25852,11.50000
ADP-200010,19931221,7.73450,7.73450,7.56817,7.56817,29610,11.37500
ADP-200010,19931222,7.73450,7.73450,7.56817,7.73450,30962,11.62500
ADP-200010,19931223,7.65134,7.81767,7.48501,7.48501,8117,11.25000
ADP-200010,19931227,7.40184,7.65134,7.23550,7.65134,22395,11.50000
ADP-200010,19931228,7.56817,7.65134,7.23550,7.65134,10672,11.50000
ADP-200010,19931229,7.73450,7.81767,7.73450,7.81767,35922,11.75000
ADP-200010,19931230,7.73450,8.15034,7.73450,8.15034,57866,12.25000
ADP-200010,19931231,8.15034,8.31667,8.15034,8.31667,50351,12.50000
ADP-200010,19940103,8.39984,9.48100,8.39984,9.39784,346744,14.12500
ADP-200010,19940104,9.48100,9.56417,8.81567,8.98201,252355,13.50000
ADP-200010,19940105,8.89884,8.98201,8.64934,8.64934,29009,13.00000
ADP-200010,19940106,8.56617,8.81567,8.39984,8.81567,22245,13.25000
ADP-200010,19940107,8.89884,8.89884,8.73251,8.81567,28858,13.25000
ADP-200010,19940110,8.89884,9.31467,8.89884,9.06517,38628,13.62500
ADP-200010,19940111,9.14834,9.23150,8.98201,9.14834,30061,13.75000
ADP-200010,19940112,9.23150,9.23150,8.81567,8.81567,41483,13.25000
ADP-200010,19940113,9.06517,9.14834,8.98201,9.14834,22696,13.75000
ADP-200010,19940114,9.23150,9.31467,9.06517,9.23150,17435,13.87500
ADP-200010,19940117,9.23150,9.23150,9.06517,9.23150,24950,13.87500
ADP-200010,19940118,9.23150,9.64734,9.23150,9.48100,92886,14.25000
ADP-200010,19940119,9.56417,9.73051,9.56417,9.73051,59369,14.62500
ADP-200010,19940120,9.64734,9.89684,9.64734,9.81367,113327,14.75000
ADP-200010,19940121,9.89684,10.06317,9.81367,9.89684,128057,14.87500
ADP-200010,19940124,9.89684,10.06317,9.89684,9.98000,93638,15.00000
ADP-200010,19940125,9.89684,9.98000,9.81367,9.81367,56814,14.75000
ADP-200010,19940126,9.89684,9.89684,9.64734,9.64734,82365,14.50000
ADP-200010,19940127,9.73051,9.81367,9.56417,9.56417,18187,14.37500
ADP-200010,19940128,9.56417,9.64734,9.31467,9.31467,25702,14.00000
ADP-200010,19940131,9.48100,10.06317,9.39784,9.89684,51103,14.87500
ADP-200010,19940201,9.89684,9.89684,9.48100,9.56417,10071,14.37500
ADP-200010,19940202,9.56417,9.64734,9.56417,9.64734,13528,14.50000
ADP-200010,19940203,9.73051,9.98000,9.48100,9.48100,17586,14.25000
ADP-200010,19940204,9.56417,9.56417,8.81567,8.81567,40131,13.25000
ADP-200010,19940207,8.89884,9.39784,8.89884,9.39784,54710,14.12500
ADP-200010,19940208,9.31467,9.64734,9.06517,9.64734,10221,14.50000
ADP-200010,19940209,9.56417,9.56417,9.31467,9.48100,13227,14.25000
ADP-200010,19940210,9.39784,9.56417,9.31467,9.31467,12926,14.00000
ADP-200010,19940211,9.31467,9.56417,9.31467,9.56417,7065,14.37500
ADP-200010,19940214,9.31467,9.39784,9.14834,9.23150,22095,13.87500
ADP-200010,19940215,9.31467,9.31467,9.14834,9.14834,2856,13.75000
ADP-200010,19940216,9.06517,9.06517,8.89884,9.06517,51403,13.62500
ADP-200010,19940217,8.98201,9.31467,8.98201,9.14834,19239,13.75000
ADP-200010,19940218,9.23150,9.23150,9.06517,9.14834,7365,13.75000
ADP-200010,19940222,9.23150,9.48100,9.14834,9.31467,70341,14.00000
ADP-200010,19940223,9.31467,9.81367,9.23150,9.64734,47045,14.50000
ADP-200010,19940224,9.73051,9.73051,9.39784,9.48100,22846,14.25000
ADP-200010,19940225,9.39784,9.48100,9.31467,9.48100,7065,14.25000
ADP-200010,19940228,9.48100,9.81367,9.48100,9.73051,86724,14.62500
ADP-200010,19940301,9.64734,10.14634,9.64734,10.14634,174049,15.25000
ADP-200010,19940302,9.98000,9.98000,9.39784,9.64734,64479,14.50000
ADP-200010,19940303,9.56417,9.56417,9.31467,9.48100,21193,14.25000
ADP-200010,19940304,9.56417,9.98000,9.56417,9.89684,120542,14.87500
ADP-200010,19940307,9.89684,10.06317,9.73051,9.89684,190431,14.87500
ADP-200010,19940308,10.06317,10.14634,9.98000,10.06317,105061,15.12500
ADP-200010,19940309,10.06317,10.06317,9.81367,9.89684,36524,14.87500
ADP-200010,19940310,9.89684,9.89684,9.56417,9.64734,44039,14.50000
ADP-200010,19940311,9.73051,9.81367,9.64734,9.81367,60271,14.75000
ADP-200010,19940314,9.98000,10.81167,9.89684,10.47901,245441,15.75000
ADP-200010,19940315,10.47901,10.89484,10.31267,10.64534,221393,16.00000
ADP-200010,19940316,10.64534,10.89484,10.64534,10.81167,131814,16.25000
ADP-200010,19940317,10.81167,10.81167,10.56217,10.56217,110922,15.87500
ADP-200010,19940318,10.39584,10.97800,10.39584,10.97800,67786,16.50000
ADP-200010,19940321,10.97800,10.97800,10.81167,10.97800,99800,16.50000
ADP-200010,19940322,10.97800,11.22750,10.97800,11.06117,198848,16.62500
ADP-200010,19940323,11.14434,11.14434,10.97800,11.14434,420842,16.75000
ADP-200010,19940324,11.14434,11.14434,10.89484,10.97800,150301,16.50000
ADP-200010,19940325,11.06117,11.14434,10.89484,10.89484,54409,16.37500
ADP-200010,19940328,10.81167,11.56017,10.14634,10.31267,216884,15.50000
ADP-200010,19940329,10.31267,10.47901,10.06317,10.14634,115281,15.25000
ADP-200010,19940330,10.14634,10.14634,9.06517,9.56417,178107,14.37500
ADP-200010,19940331,9.23150,9.48100,8.98201,9.31467,173147,14.00000
ADP-200010,19940404,9.23150,9.23150,8.48300,8.81567,92135,13.25000
ADP-200010,19940405,8.98201,9.64734,8.98201,9.64734,37726,14.50000
ADP-200010,19940406,9.73051,9.81367,9.73051,9.73051,24349,14.62500
ADP-200010,19940407,9.81367,9.81367,9.64734,9.64734,7365,14.50000
ADP-200010,19940408,9.48100,9.48100,9.14834,9.14834,26153,13.75000
ADP-200010,19940411,9.14834,9.31467,8.98201,8.98201,35171,13.50000
ADP-200010,19940412,8.89884,8.98201,8.89884,8.89884,10972,13.37500
ADP-200010,19940413,8.89884,9.14834,8.81567,8.81567,26153,13.25000
ADP-200010,19940414,8.81567,8.98201,8.81567,8.98201,4810,13.50000
ADP-200010,19940415,9.06517,9.14834,8.98201,9.06517,6614,13.62500
ADP-200010,19940418,9.14834,9.14834,8.89884,8.89884,19690,13.37500
ADP-200010,19940419,8.89884,8.89884,8.81567,8.81567,34870,13.25000
ADP-200010,19940420,8.81567,8.81567,8.48300,8.56617,27055,12.87500
ADP-200010,19940421,8.73251,8.73251,8.48300,8.56617,39229,12.87500
ADP-200010,19940422,8.73251,8.98201,8.73251,8.98201,53658,13.50000
ADP-200010,19940425,8.89884,8.98201,8.81567,8.98201,6463,13.50000
ADP-200010,19940426,8.81567,8.81567,8.56617,8.73251,63578,13.12500
ADP-200010,19940428,8.64934,9.56417,8.64934,9.48100,63728,14.25000
ADP-200010,19940429,9.39784,9.73051,9.23150,9.73051,18037,14.62500
ADP-200010,19940502,9.73051,9.73051,9.56417,9.64734,2706,14.50000
ADP-200010,19940503,9.56417,9.89684,9.56417,9.73051,14279,14.62500
ADP-200010,19940504,9.64734,9.64734,9.31467,9.48100,14730,14.25000
ADP-200010,19940505,9.39784,9.39784,9.31467,9.31467,18487,14.00000
ADP-200010,19940506,9.14834,9.14834,8.81567,8.81567,17736,13.25000
ADP-200010,19940509,8.89884,9.23150,8.89884,9.23150,17886,13.87500
ADP-200010,19940510,9.14834,9.14834,8.98201,8.98201,6914,13.50000
ADP-200010,19940511,9.14834,9.23150,8.64934,8.81567,24650,13.25000
ADP-200010,19940512,8.98201,9.06517,8.81567,9.06517,11574,13.62500
ADP-200010,19940513,8.89884,8.89884,8.64934,8.64934,13828,13.00000
ADP-200010,19940516,8.56617,8.56617,8.15034,8.39984,51253,12.62500
ADP-200010,19940517,8.31667,8.64934,8.31667,8.64934,20141,13.00000
ADP-200010,19940518,8.64934,8.98201,8.64934,8.98201,57866,13.50000
ADP-200010,19940519,9.14834,9.23150,8.98201,9.06517,44640,13.62500
ADP-200010,19940520,9.14834,9.14834,8.98201,9.14834,11273,13.75000
ADP-200010,19940523,8.98201,9.14834,8.89884,8.98201,49900,13.50000
ADP-200010,19940524,8.98201,9.31467,8.98201,9.14834,34119,13.75000
ADP-200010,19940525,9.06517,9.06517,8.98201,8.98201,13227,13.50000
ADP-200010,19940526,8.98201,9.06517,8.98201,9.06517,21493,13.62500
ADP-200010,19940527,8.98201,9.06517,8.89884,8.89884,2105,13.37500
ADP-200010,19940531,8.89884,8.98201,8.89884,8.89884,10672,13.37500
ADP-200010,19940601,8.98201,8.98201,8.98201,8.98201,9920,13.50000
ADP-200010,19940602,8.98201,9.06517,8.98201,8.98201,9920,13.50000
ADP-200010,19940603,8.98201,9.06517,8.98201,8.98201,2856,13.50000
ADP-200010,19940606,9.06517,9.06517,8.89884,8.89884,1353,13.37500
ADP-200010,19940607,8.89884,8.98201,8.89884,8.89884,34570,13.37500
ADP-200010,19940608,8.98201,8.98201,8.89884,8.98201,15331,13.50000
ADP-200010,19940609,8.98201,9.14834,8.98201,8.98201,9019,13.50000
ADP-200010,19940610,9.06517,9.23150,9.06517,9.23150,28107,13.87500
ADP-200010,19940613,9.31467,9.31467,9.23150,9.31467,42385,14.00000
ADP-200010,19940614,9.31467,9.39784,9.31467,9.31467,13528,14.00000
ADP-200010,19940615,9.31467,9.73051,9.31467,9.64734,24800,14.50000
ADP-200010,19940616,9.56417,9.56417,9.48100,9.56417,9319,14.37500
ADP-200010,19940617,9.56417,9.56417,9.48100,9.56417,10371,14.37500
ADP-200010,19940620,9.56417,9.56417,9.23150,9.31467,52005,14.00000
ADP-200010,19940621,9.23150,9.31467,9.23150,9.31467,22846,14.00000
ADP-200010,19940622,9.64734,9.98000,9.64734,9.89684,55461,14.87500
ADP-200010,19940623,9.98000,9.98000,9.81367,9.81367,41183,14.75000
ADP-200010,19940624,9.81367,9.81367,9.39784,9.48100,28858,14.25000
ADP-200010,19940627,9.31467,9.31467,9.31467,9.31467,20742,14.00000
ADP-200010,19940628,9.31467,9.81367,9.31467,9.56417,45391,14.37500
ADP-200010,19940629,9.56417,9.64734,9.48100,9.64734,5261,14.50000
ADP-200010,19940630,9.56417,9.73051,9.56417,9.64734,16684,14.50000
ADP-200010,19940701,9.73051,9.73051,9.64734,9.64734,11874,14.50000
ADP-200010,19940705,9.81367,9.89684,9.56417,9.56417,14129,14.37500
ADP-200010,19940706,9.64734,9.73051,9.64734,9.73051,18938,14.62500
ADP-200010,19940707,9.64734,9.64734,9.39784,9.48100,17285,14.25000
ADP-200010,19940708,9.48100,9.81367,9.39784,9.39784,15331,14.12500
ADP-200010,19940711,9.48100,9.48100,9.31467,9.31467,4960,14.00000
ADP-200010,19940712,9.31467,9.31467,9.23150,9.23150,29309,13.87500
ADP-200010,19940713,9.23150,9.23150,9.14834,9.23150,7816,13.87500
ADP-200010,19940714,9.23150,9.23150,9.06517,9.06517,6313,13.62500
ADP-200010,19940715,9.06517,9.06517,9.06517,9.06517,7516,13.62500
ADP-200010,19940718,9.14834,9.14834,9.06517,9.14834,26754,13.75000
ADP-200010,19940719,9.06517,9.23150,9.06517,9.14834,18037,13.75000
ADP-200010,19940720,9.06517,9.14834,8.98201,9.14834,38778,13.75000
ADP-200010,19940721,9.06517,9.14834,9.06517,9.14834,1053,13.75000
ADP-200010,19940722,9.06517,9.23150,9.06517,9.23150,4960,13.87500
ADP-200010,19940725,9.14834,9.23150,9.14834,9.14834,4510,13.75000
ADP-200010,19940726,9.14834,9.23150,9.14834,9.23150,4960,13.87500
ADP-200010,19940727,9.14834,9.64734,9.14834,9.56417,221844,14.37500
ADP-200010,19940728,9.56417,9.56417,9.31467,9.39784,9019,14.12500
ADP-200010,19940729,9.31467,9.31467,9.23150,9.23150,32766,13.87500
ADP-200010,19940801,9.23150,9.48100,9.23150,9.39784,32766,14.12500
ADP-200010,19940802,9.48100,9.48100,9.39784,9.39784,9770,14.12500
ADP-200010,19940803,9.31467,9.31467,9.31467,9.31467,1954,14.00000
ADP-200010,19940804,9.23150,9.23150,9.14834,9.14834,8568,13.75000
ADP-200010,19940805,9.14834,9.14834,8.73251,8.81567,47946,13.25000
ADP-200010,19940808,8.81567,8.98201,8.81567,8.89884,7065,13.37500
ADP-200010,19940809,8.98201,8.98201,8.89884,8.98201,7215,13.50000
ADP-200010,19940810,8.89884,9.14834,8.89884,8.98201,24199,13.50000
ADP-200010,19940811,9.14834,9.23150,8.98201,9.23150,42536,13.87500
ADP-200010,19940812,9.23150,9.23150,8.73251,8.81567,25101,13.25000
ADP-200010,19940815,8.73251,8.73251,8.48300,8.48300,7666,12.75000
ADP-200010,19940816,8.56617,8.81567,8.48300,8.73251,13528,13.12500
ADP-200010,19940817,8.56617,8.64934,8.56617,8.64934,12475,13.00000
ADP-200010,19940818,8.56617,8.64934,8.56617,8.64934,12025,13.00000
ADP-200010,19940819,8.64934,8.73251,8.64934,8.64934,2255,13.00000
ADP-200010,19940822,8.64934,8.81567,8.56617,8.56617,8718,12.87500
ADP-200010,19940823,8.64934,8.89884,8.56617,8.89884,10071,13.37500
ADP-200010,19940824,8.98201,9.06517,8.73251,8.81567,22546,13.25000
ADP-200010,19940825,8.81567,9.06517,8.81567,9.06517,18187,13.62500
ADP-200010,19940826,8.81567,8.98201,8.64934,8.64934,27656,13.00000
ADP-200010,19940829,8.81567,8.98201,8.73251,8.98201,91684,13.50000
ADP-200010,19940830,8.98201,8.98201,8.81567,8.89884,31413,13.37500
ADP-200010,19940831,8.89884,9.23150,8.89884,9.23150,13377,13.87500
ADP-200010,19940901,9.14834,9.23150,9.06517,9.14834,39530,13.75000
ADP-200010,19940902,9.14834,9.23150,9.14834,9.14834,2105,13.75000
ADP-200010,19940906,9.06517,9.14834,9.06517,9.14834,6914,13.75000
ADP-200010,19940907,8.98201,9.06517,8.73251,8.81567,28858,13.25000
ADP-200010,19940908,8.98201,9.06517,8.81567,9.06517,68387,13.62500
ADP-200010,19940909,8.98201,9.14834,8.89884,9.14834,25852,13.75000
ADP-200010,19940912,9.14834,9.14834,8.98201,9.14834,9019,13.75000
ADP-200010,19940913,9.23150,9.39784,9.06517,9.31467,130912,14.00000
ADP-200010,19940914,9.31467,9.39784,9.31467,9.31467,35622,14.00000
ADP-200010,19940915,9.14834,9.23150,8.98201,9.14834,9469,13.75000
ADP-200010,19940916,9.23150,9.23150,8.98201,9.14834,8718,13.75000
ADP-200010,19940919,9.06517,9.14834,8.98201,8.98201,3307,13.50000
ADP-200010,19940920,9.06517,9.06517,9.06517,9.06517,3608,13.62500
ADP-200010,19940921,9.14834,9.14834,8.81567,8.98201,16984,13.50000
ADP-200010,19940922,8.98201,8.98201,8.81567,8.89884,3157,13.37500
ADP-200010,19940923,8.89884,8.89884,8.73251,8.81567,13077,13.25000
ADP-200010,19940926,8.73251,8.73251,8.64934,8.73251,7816,13.12500
ADP-200010,19940927,8.73251,8.73251,8.64934,8.64934,22245,13.00000
ADP-200010,19940928,8.73251,8.73251,8.56617,8.64934,9920,13.00000
ADP-200010,19940929,8.56617,8.56617,8.39984,8.48300,27205,12.75000
ADP-200010,19940930,8.31667,8.48300,8.31667,8.39984,67786,12.62500
ADP-200010,19941003,8.39984,8.56617,8.39984,8.48300,62375,12.75000
ADP-200010,19941004,8.48300,8.48300,8.39984,8.48300,108968,12.75000
ADP-200010,19941005,8.31667,8.31667,7.98401,8.06717,86423,12.12500
ADP-200010,19941006,8.06717,8.23350,8.06717,8.23350,79960,12.37500
ADP-200010,19941007,8.23350,8.31667,8.15034,8.31667,5562,12.50000
ADP-200010,19941010,8.31667,8.48300,8.31667,8.39984,46443,12.62500
ADP-200010,19941011,8.48300,9.14834,8.48300,8.89884,60872,13.37500
ADP-200010,19941012,9.06517,9.23150,9.06517,9.23150,14580,13.87500
ADP-200010,19941013,9.23150,9.23150,8.89884,8.98201,28708,13.50000
ADP-200010,19941014,8.89884,8.89884,8.39984,8.64934,43287,13.00000
ADP-200010,19941017,8.73251,8.98201,8.73251,8.98201,8267,13.50000
ADP-200010,19941018,8.89884,9.14834,8.89884,8.98201,9469,13.50000
ADP-200010,19941019,8.98201,9.06517,8.98201,9.06517,12475,13.62500
ADP-200010,19941020,9.06517,9.56417,8.98201,9.48100,86123,14.25000
ADP-200010,19941021,9.39784,9.73051,9.23150,9.73051,69890,14.62500
ADP-200010,19941024,9.73051,10.06317,9.64734,9.73051,150451,14.62500
ADP-200010,19941025,9.64734,9.64734,9.31467,9.48100,43437,14.25000
ADP-200010,19941026,9.31467,9.39784,9.31467,9.31467,12175,14.00000
ADP-200010,19941027,9.31467,9.39784,9.23150,9.31467,3007,14.00000
ADP-200010,19941028,9.23150,9.39784,9.14834,9.39784,7966,14.12500
ADP-200010,19941031,9.39784,9.64734,9.23150,9.64734,32015,14.50000
ADP-200010,19941101,9.56417,9.56417,9.48100,9.48100,51103,14.25000
ADP-200010,19941102,9.39784,9.48100,9.39784,9.48100,45992,14.25000
ADP-200010,19941103,9.56417,9.64734,9.56417,9.64734,14880,14.50000
ADP-200010,19941104,9.48100,9.48100,9.48100,9.48100,47495,14.25000
ADP-200010,19941107,9.39784,9.73051,9.06517,9.14834,64930,13.75000
ADP-200010,19941108,9.23150,9.39784,9.23150,9.39784,11874,14.12500
ADP-200010,19941109,9.31467,9.39784,8.89884,8.89884,31714,13.37500
ADP-200010,19941110,8.98201,9.14834,8.98201,9.06517,12626,13.62500
ADP-200010,19941111,8.89884,8.89884,8.73251,8.73251,10221,13.12500
ADP-200010,19941114,8.73251,8.89884,8.73251,8.89884,19540,13.37500
ADP-200010,19941115,8.98201,8.98201,8.98201,8.98201,13377,13.50000
ADP-200010,19941116,9.06517,9.06517,8.98201,9.06517,16383,13.62500
ADP-200010,19941117,9.14834,9.64734,9.14834,9.48100,36824,14.25000
ADP-200010,19941118,9.56417,9.73051,9.39784,9.73051,53057,14.62500
ADP-200010,19941121,9.64734,9.64734,9.48100,9.56417,9620,14.37500
ADP-200010,19941122,9.48100,9.56417,9.31467,9.31467,69740,14.00000
ADP-200010,19941123,9.23150,9.23150,9.14834,9.14834,40882,13.75000
ADP-200010,19941125,9.14834,9.31467,9.14834,9.14834,10071,13.75000
ADP-200010,19941128,9.23150,9.31467,9.14834,9.14834,5261,13.75000
ADP-200010,19941129,9.06517,9.14834,9.06517,9.14834,7365,13.75000
ADP-200010,19941130,9.14834,9.14834,9.14834,9.14834,28708,13.75000
ADP-200010,19941201,9.14834,9.14834,9.14834,9.14834,14580,13.75000
ADP-200010,19941202,9.06517,9.14834,8.81567,8.89884,48097,13.37500
ADP-200010,19941205,8.98201,9.06517,8.98201,9.06517,13377,13.62500
ADP-200010,19941206,8.98201,8.98201,8.98201,8.98201,8718,13.50000
ADP-200010,19941207,9.06517,9.06517,8.89884,8.98201,5862,13.50000
ADP-200010,19941208,8.98201,9.06517,8.81567,8.89884,20742,13.37500
ADP-200010,19941209,8.81567,8.98201,8.81567,8.89884,11874,13.37500
ADP-200010,19941212,8.81567,8.81567,8.64934,8.73251,3608,13.12500
ADP-200010,19941213,8.81567,8.89884,8.73251,8.81567,8417,13.25000
ADP-200010,19941214,8.64934,8.73251,8.64934,8.73251,21343,13.12500
ADP-200010,19941215,8.73251,8.81567,8.73251,8.73251,14730,13.12500
ADP-200010,19941216,8.73251,9.06517,8.64934,9.06517,31714,13.62500
ADP-200010,19941219,9.06517,9.06517,8.73251,8.73251,18938,13.12500
ADP-200010,19941220,8.64934,8.98201,8.64934,8.98201,9319,13.50000
ADP-200010,19941221,9.14834,9.48100,9.14834,9.48100,29610,14.25000
ADP-200010,19941222,9.39784,9.48100,9.39784,9.48100,12325,14.25000
ADP-200010,19941223,9.48100,9.48100,9.39784,9.39784,13528,14.12500
ADP-200010,19941227,9.31467,9.48100,9.31467,9.39784,13528,14.12500
ADP-200010,19941228,9.56417,9.64734,9.31467,9.39784,28708,14.12500
ADP-200010,19941229,9.39784,9.48100,9.39784,9.39784,20742,14.12500
ADP-200010,19941230,9.48100,9.56417,9.23150,9.56417,34119,14.37500
ADP-200010,19950103,9.48100,9.48100,8.89884,9.48100,50502,14.25000
ADP-200010,19950104,9.48100,9.48100,9.39784,9.48100,50952,14.25000
ADP-200010,19950105,9.31467,9.48100,9.23150,9.39784,21644,14.12500
ADP-200010,19950106,9.48100,9.48100,9.31467,9.48100,42536,14.25000
ADP-200010,19950109,9.48100,9.64734,9.48100,9.64734,49449,14.50000
ADP-200010,19950110,9.64734,9.89684,9.64734,9.64734,81914,14.50000
ADP-200010,19950111,9.73051,9.89684,9.73051,9.89684,19540,14.87500
ADP-200010,19950112,9.73051,10.22950,9.73051,10.06317,89880,15.12500
ADP-200010,19950113,10.06317,10.06317,9.98000,10.06317,11423,15.12500
ADP-200010,19950116,9.89684,10.47901,9.89684,10.39584,25401,15.62500
ADP-200010,19950117,10.39584,10.56217,10.31267,10.56217,40582,15.87500
ADP-200010,19950118,10.56217,10.56217,10.14634,10.39584,69439,15.62500
ADP-200010,19950119,10.39584,10.56217,10.39584,10.47901,115281,15.75000
ADP-200010,19950120,10.47901,10.47901,10.47901,10.47901,21193,15.75000
ADP-200010,19950123,10.39584,10.47901,10.31267,10.39584,28558,15.62500
ADP-200010,19950124,10.47901,10.56217,10.39584,10.56217,28558,15.87500
ADP-200010,19950125,10.56217,10.56217,10.39584,10.56217,97696,15.87500
ADP-200010,19950126,10.56217,10.64534,10.47901,10.47901,37876,15.75000
ADP-200010,19950127,10.56217,10.72851,10.56217,10.72851,45542,16.12500
ADP-200010,19950130,10.64534,10.72851,10.64534,10.72851,15331,16.12500
ADP-200010,19950131,10.72851,10.81167,10.56217,10.81167,13528,16.25000
ADP-200010,19950201,10.81167,10.81167,10.64534,10.72851,7516,16.12500
ADP-200010,19950202,10.64534,10.72851,10.64534,10.72851,8267,16.12500
ADP-200010,19950203,10.64534,10.72851,10.64534,10.64534,5411,16.00000
ADP-200010,19950206,10.72851,10.72851,10.47901,10.47901,35471,15.75000
ADP-200010,19950207,10.39584,10.47901,10.39584,10.47901,8117,15.75000
ADP-200010,19950208,10.47901,10.56217,10.14634,10.31267,150752,15.50000
ADP-200010,19950209,10.06317,10.39584,10.06317,10.39584,88227,15.62500
ADP-200010,19950210,10.31267,10.31267,10.22950,10.31267,32165,15.50000
ADP-200010,19950213,10.22950,10.31267,10.22950,10.22950,24650,15.37500
ADP-200010,19950214,10.22950,10.47901,10.22950,10.47901,7365,15.75000
ADP-200010,19950215,10.39584,10.56217,10.31267,10.56217,19089,15.87500
ADP-200010,19950216,10.56217,10.72851,10.56217,10.64534,49600,16.00000
ADP-200010,19950217,10.56217,10.56217,10.47901,10.47901,10672,15.75000
ADP-200010,19950221,10.47901,10.56217,10.47901,10.47901,14730,15.75000
ADP-200010,19950222,10.56217,10.56217,10.47901,10.47901,17285,15.75000
ADP-200010,19950223,10.47901,10.56217,10.39584,10.39584,12475,15.62500
ADP-200010,19950224,10.39584,10.39584,10.31267,10.39584,6013,15.62500
ADP-200010,19950227,10.39584,10.56217,10.39584,10.56217,6463,15.87500
ADP-200010,19950228,10.47901,10.72851,10.47901,10.72851,113778,16.12500
ADP-200010,19950301,10.72851,10.72851,10.56217,10.64534,51704,16.00000
ADP-200010,19950302,10.56217,10.64534,10.56217,10.56217,12025,15.87500
ADP-200010,19950303,10.31267,10.56217,10.31267,10.47901,13077,15.75000
ADP-200010,19950306,10.56217,10.56217,10.39584,10.47901,27656,15.75000
ADP-200010,19950307,10.39584,10.47901,10.39584,10.39584,6614,15.62500
ADP-200010,19950308,10.31267,10.47901,10.31267,10.47901,22095,15.75000
ADP-200010,19950309,10.39584,10.47901,10.31267,10.39584,5862,15.62500
ADP-200010,19950310,10.31267,10.81167,10.31267,10.81167,17285,16.25000
ADP-200010,19950313,10.81167,11.14434,10.81167,11.14434,31263,16.75000
ADP-200010,19950314,11.06117,11.31067,10.89484,11.06117,29459,16.62500
ADP-200010,19950315,10.97800,10.97800,10.81167,10.81167,8417,16.25000
ADP-200010,19950316,10.89484,10.97800,10.89484,10.97800,49299,16.50000
ADP-200010,19950317,10.89484,11.06117,10.72851,10.89484,22546,16.37500
ADP-200010,19950320,10.81167,11.31067,10.81167,11.31067,65231,17.00000
ADP-200010,19950321,11.31067,11.31067,11.06117,11.06117,6463,16.62500
ADP-200010,19950322,11.14434,11.31067,11.14434,11.22750,24950,16.87500
ADP-200010,19950323,11.22750,11.31067,10.97800,10.97800,28708,16.50000
ADP-200010,19950324,10.97800,11.14434,10.89484,11.14434,26303,16.75000
ADP-200010,19950327,11.14434,11.14434,11.06117,11.06117,3307,16.62500
ADP-200010,19950328,11.22750,11.22750,11.06117,11.14434,2856,16.75000
ADP-200010,19950329,11.14434,11.31067,10.97800,11.14434,19990,16.75000
ADP-200010,19950330,11.14434,11.39384,11.14434,11.31067,38177,17.00000
ADP-200010,19950331,11.31067,11.39384,11.14434,11.22750,40131,16.87500
ADP-200010,19950403,11.31067,11.47701,11.14434,11.22750,41333,16.87500
ADP-200010,19950404,11.31067,11.56017,11.14434,11.47701,24049,17.25000
ADP-200010,19950405,11.80967,12.30867,11.72650,12.14234,82816,18.25000
ADP-200010,19950406,12.05917,12.22551,11.80967,12.05917,69740,18.12500
ADP-200010,19950407,11.97600,11.97600,11.89284,11.89284,3157,17.87500
ADP-200010,19950410,12.14234,12.14234,11.72650,11.80967,10972,17.75000
ADP-200010,19950411,11.89284,12.39184,11.80967,12.14234,33518,18.25000
ADP-200010,19950412,12.05917,12.30867,11.89284,11.97600,13528,18.00000
ADP-200010,19950413,12.14234,12.14234,11.97600,11.97600,21343,18.00000
ADP-200010,19950417,12.05917,12.14234,11.97600,12.14234,8267,18.25000
ADP-200010,19950418,12.05917,12.05917,11.72650,11.89284,35772,17.87500
ADP-200010,19950419,11.89284,11.97600,11.80967,11.97600,43137,18.00000
ADP-200010,19950420,11.97600,12.55817,11.97600,12.55817,38628,18.87500
ADP-200010,19950421,12.55817,13.05717,12.47501,12.97400,149850,19.50000
ADP-200010,19950424,12.97400,13.22351,12.64134,13.14034,49600,19.75000
ADP-200010,19950425,13.14034,13.22351,12.89084,12.97400,39079,19.50000
ADP-200010,19950426,12.97400,13.05717,12.97400,12.97400,12626,19.50000
ADP-200010,19950427,12.97400,13.05717,12.89084,13.05717,28858,19.62500
ADP-200010,19950428,12.97400,12.97400,12.89084,12.89084,14429,19.37500
ADP-200010,19950501,12.97400,13.14034,12.89084,12.97400,35021,19.50000
ADP-200010,19950502,13.05717,13.05717,12.89084,12.89084,39830,19.37500
ADP-200010,19950503,12.80767,13.05717,12.80767,12.97400,24499,19.50000
ADP-200010,19950504,12.97400,13.05717,12.80767,12.89084,34870,19.37500
ADP-200010,19950505,12.97400,12.97400,12.47501,12.55817,46443,18.87500
ADP-200010,19950508,12.39184,12.64134,12.30867,12.64134,21493,19.00000
ADP-200010,19950509,12.64134,12.72450,12.64134,12.72450,14129,19.12500
ADP-200010,19950510,12.64134,12.72450,12.64134,12.72450,10071,19.12500
ADP-200010,19950511,12.64134,12.64134,12.47501,12.55817,9169,18.87500
ADP-200010,19950512,12.55817,12.64134,12.55817,12.55817,21644,18.87500
ADP-200010,19950515,12.55817,12.80767,12.47501,12.72450,44489,19.12500
ADP-200010,19950516,12.80767,12.80767,12.72450,12.72450,11724,19.12500
ADP-200010,19950517,12.55817,12.97400,12.55817,12.89084,219740,19.37500
ADP-200010,19950518,12.97400,12.97400,12.80767,12.80767,89279,19.25000
ADP-200010,19950519,12.72450,12.80767,12.64134,12.80767,13377,19.25000
ADP-200010,19950522,12.64134,12.72450,12.47501,12.64134,49600,19.00000
ADP-200010,19950523,12.72450,12.89084,12.72450,12.89084,5111,19.37500
ADP-200010,19950524,12.80767,12.89084,12.72450,12.72450,14429,19.12500
ADP-200010,19950525,12.72450,12.72450,12.72450,12.72450,128808,19.12500
ADP-200010,19950526,12.80767,12.80767,12.72450,12.72450,5411,19.12500
ADP-200010,19950530,12.80767,12.80767,12.72450,12.72450,2405,19.12500
ADP-200010,19950531,12.72450,12.97400,12.72450,12.97400,25101,19.50000
ADP-200010,19950601,12.89084,12.89084,12.80767,12.89084,10071,19.37500
ADP-200010,19950602,12.80767,12.80767,12.72450,12.80767,103257,19.25000
ADP-200010,19950605,12.72450,12.80767,12.72450,12.72450,15481,19.12500
ADP-200010,19950606,12.72450,12.80767,12.72450,12.72450,22245,19.12500
ADP-200010,19950607,12.72450,12.80767,12.72450,12.72450,30962,19.12500
ADP-200010,19950608,12.72450,12.97400,12.72450,12.89084,15632,19.37500
ADP-200010,19950609,12.80767,12.89084,12.80767,12.89084,4810,19.37500
ADP-200010,19950612,12.80767,12.80767,12.72450,12.72450,2105,19.12500
ADP-200010,19950613,12.72450,12.80767,12.72450,12.80767,50351,19.25000
ADP-200010,19950614,12.72450,12.72450,12.64134,12.64134,11574,19.00000
ADP-200010,19950615,12.80767,12.89084,12.72450,12.89084,17886,19.37500
ADP-200010,19950616,12.80767,12.89084,12.80767,12.89084,7215,19.37500
ADP-200010,19950619,12.80767,12.89084,12.80767,12.80767,15031,19.25000
ADP-200010,19950620,12.72450,12.72450,12.72450,12.72450,4059,19.12500
ADP-200010,19950621,12.72450,12.80767,12.72450,12.72450,19389,19.12500
ADP-200010,19950622,12.72450,12.72450,12.55817,12.64134,26453,19.00000
ADP-200010,19950623,12.47501,12.64134,12.14234,12.64134,52005,19.00000
ADP-200010,19950626,12.55817,12.55817,12.39184,12.55817,17736,18.87500
ADP-200010,19950627,12.55817,12.64134,12.55817,12.64134,3007,19.00000
ADP-200010,19950628,12.72450,12.72450,12.47501,12.47501,13377,18.75000
ADP-200010,19950629,12.55817,12.55817,12.47501,12.55817,17886,18.87500
ADP-200010,19950630,12.47501,12.72450,12.47501,12.72450,30211,19.12500
ADP-200010,19950703,12.64134,12.64134,12.55817,12.55817,902,18.87500
ADP-200010,19950705,12.55817,12.64134,12.55817,12.55817,2706,18.87500
ADP-200010,19950706,12.64134,12.80767,12.47501,12.64134,12475,19.00000
ADP-200010,19950707,12.47501,12.80767,12.47501,12.80767,8568,19.25000
ADP-200010,19950710,13.22351,13.38984,13.22351,13.38984,47195,20.12500
ADP-200010,19950711,13.38984,13.55617,13.38984,13.55617,36674,20.37500
ADP-200010,19950712,13.55617,13.63934,13.38984,13.63934,36974,20.50000
ADP-200010,19950713,13.63934,13.88884,13.55617,13.55617,37576,20.37500
ADP-200010,19950714,13.47300,13.47300,13.14034,13.22351,55912,19.87500
ADP-200010,19950717,13.22351,13.22351,13.05717,13.14034,22095,19.75000
ADP-200010,19950718,13.22351,13.22351,13.14034,13.14034,23748,19.75000
ADP-200010,19950719,13.22351,13.22351,12.80767,12.89084,22996,19.37500
ADP-200010,19950720,12.72450,12.97400,12.72450,12.97400,86724,19.50000
ADP-200010,19950721,13.14034,13.30667,13.05717,13.30667,28858,20.00000
ADP-200010,19950724,13.38984,13.97201,13.38984,13.88884,76053,20.87500
ADP-200010,19950725,13.97201,14.38784,13.97201,14.22151,112275,21.37500
ADP-200010,19950726,14.38784,14.38784,14.22151,14.30467,79359,21.50000
ADP-200010,19950727,14.30467,14.38784,14.30467,14.38784,25702,21.62500
ADP-200010,19950728,14.38784,14.55417,14.30467,14.38784,101453,21.62500
ADP-200010,19950731,14.47100,14.47100,14.30467,14.30467,2105,21.50000
ADP-200010,19950801,13.97201,14.05517,13.80567,13.80567,19089,20.75000
ADP-200010,19950802,13.80567,13.80567,13.30667,13.47300,194339,20.25000
ADP-200010,19950803,13.38984,13.72250,13.38984,13.63934,140231,20.50000
ADP-200010,19950804,13.63934,14.13834,13.55617,14.13834,285121,21.25000
ADP-200010,19950807,14.13834,14.22151,14.05517,14.13834,41183,21.25000
ADP-200010,19950808,14.13834,14.38784,13.97201,14.38784,82215,21.62500
ADP-200010,19950809,14.47100,14.63734,14.47100,14.63734,52455,22.00000
ADP-200010,19950810,14.63734,14.80367,14.63734,14.80367,31864,22.25000
ADP-200010,19950811,14.72050,14.97001,14.72050,14.97001,207415,22.50000
ADP-200010,19950814,15.05317,15.13634,15.05317,15.13634,359970,22.75000
ADP-200010,19950815,14.97001,15.13634,14.97001,15.13634,14880,22.75000
ADP-200010,19950816,15.13634,15.13634,15.05317,15.05317,16984,22.62500
ADP-200010,19950817,15.13634,15.21950,15.05317,15.21950,40882,22.87500
ADP-200010,19950818,15.13634,15.21950,15.13634,15.21950,5562,22.87500
ADP-200010,19950821,15.21950,15.46900,15.05317,15.13634,52606,22.75000
ADP-200010,19950822,14.97001,15.30267,14.97001,15.30267,8417,23.00000
ADP-200010,19950823,15.13634,15.13634,14.80367,14.88684,166233,22.37500
ADP-200010,19950824,14.72050,14.80367,14.47100,14.72050,19990,22.12500
ADP-200010,19950825,14.63734,14.72050,14.63734,14.63734,3007,22.00000
ADP-200010,19950828,14.88684,14.88684,14.47100,14.55417,29159,21.87500
ADP-200010,19950829,14.47100,14.47100,14.30467,14.47100,35922,21.75000
ADP-200010,19950830,14.38784,14.47100,14.13834,14.22151,6764,21.37500
ADP-200010,19950831,14.22151,14.38784,14.22151,14.38784,11724,21.62500
ADP-200010,19950901,14.38784,14.38784,14.30467,14.38784,3157,21.62500
ADP-200010,19950905,14.55417,14.55417,14.47100,14.47100,7966,21.75000
ADP-200010,19950906,14.55417,14.55417,14.22151,14.38784,38327,21.62500
ADP-200010,19950907,14.22151,14.47100,14.13834,14.30467,30662,21.50000
ADP-200010,19950908,14.38784,14.63734,14.38784,14.55417,16083,21.87500
ADP-200010,19950911,14.88684,14.88684,14.47100,14.72050,41183,22.12500
ADP-200010,19950912,14.72050,14.88684,14.63734,14.88684,5411,22.37500
ADP-200010,19950913,14.88684,15.05317,14.88684,14.97001,3307,22.50000
ADP-200010,19950914,14.97001,15.13634,14.97001,15.13634,9169,22.75000
ADP-200010,19950915,15.38584,15.38584,15.21950,15.30267,32165,23.00000
ADP-200010,19950918,15.30267,15.30267,15.21950,15.21950,11574,22.87500
ADP-200010,19950919,14.97001,14.97001,14.63734,14.63734,23147,22.00000
ADP-200010,19950920,14.80367,14.97001,14.80367,14.88684,33968,22.37500
ADP-200010,19950921,14.88684,14.88684,14.55417,14.80367,32766,22.25000
ADP-200010,19950922,14.80367,14.80367,14.63734,14.72050,46443,22.12500
ADP-200010,19950925,14.72050,14.80367,14.47100,14.63734,103708,22.00000
ADP-200010,19950926,14.72050,14.72050,14.47100,14.63734,30662,22.00000
ADP-200010,19950927,14.55417,14.55417,14.38784,14.38784,15632,21.62500
ADP-200010,19950928,14.38784,14.38784,14.30467,14.30467,2105,21.50000
ADP-200010,19950929,14.30467,14.38784,14.22151,14.22151,70191,21.37500
ADP-200010,19951002,14.13834,14.22151,14.13834,14.13834,17886,21.25000
ADP-200010,19951003,13.97201,13.97201,13.55617,13.72250,61924,20.62500
ADP-200010,19951004,13.72250,13.80567,13.55617,13.80567,10522,20.75000
ADP-200010,19951005,13.72250,13.88884,13.38984,13.88884,43137,20.87500
ADP-200010,19951006,13.80567,13.97201,13.80567,13.88884,27506,20.87500
ADP-200010,19951009,13.88884,13.88884,13.72250,13.88884,35021,20.87500
ADP-200010,19951010,13.88884,13.88884,13.80567,13.88884,3307,20.87500
ADP-200010,19951011,13.72250,13.88884,13.63934,13.63934,40431,20.50000
ADP-200010,19951012,13.63934,13.72250,13.63934,13.63934,15932,20.50000
ADP-200010,19951013,13.80567,14.22151,13.80567,14.05517,27205,21.12500
ADP-200010,19951016,13.97201,14.13834,13.97201,14.05517,9620,21.12500
ADP-200010,19951017,14.05517,14.05517,13.80567,13.97201,27355,21.00000
ADP-200010,19951018,14.05517,14.22151,13.97201,13.97201,55912,21.00000
ADP-200010,19951019,14.13834,14.13834,14.05517,14.05517,85972,21.12500
ADP-200010,19951020,14.05517,14.30467,13.97201,14.30467,49750,21.50000
ADP-200010,19951023,14.22151,14.38784,14.22151,14.38784,20441,21.62500
ADP-200010,19951024,14.30467,14.38784,14.22151,14.30467,22846,21.50000
ADP-200010,19951025,14.63734,14.63734,14.22151,14.22151,60421,21.37500
ADP-200010,19951026,14.38784,14.38784,14.30467,14.38784,24499,21.62500
ADP-200010,19951027,14.38784,14.38784,14.13834,14.13834,9319,21.25000
ADP-200010,19951030,14.13834,14.13834,13.97201,13.97201,29009,21.00000
ADP-200010,19951031,13.97201,14.05517,13.97201,13.97201,6013,21.00000
ADP-200010,19951101,13.80567,13.97201,13.80567,13.88884,51854,20.87500
ADP-200010,19951102,13.97201,14.05517,13.97201,13.97201,13077,21.00000
ADP-200010,19951103,13.63934,13.97201,13.38984,13.97201,74099,21.00000
ADP-200010,19951106,13.80567,13.88884,13.72250,13.80567,7365,20.75000
ADP-200010,19951107,13.80567,13.97201,13.72250,13.72250,13678,20.62500
ADP-200010,19951108,13.72250,13.97201,13.72250,13.97201,21193,21.00000
ADP-200010,19951109,13.97201,14.13834,13.80567,14.13834,21043,21.25000
ADP-200010,19951110,14.05517,14.13834,13.97201,14.13834,19840,21.25000
ADP-200010,19951113,14.13834,14.13834,14.05517,14.13834,7816,21.25000
ADP-200010,19951114,13.97201,14.13834,13.97201,14.13834,20291,21.25000
ADP-200010,19951115,13.97201,14.05517,13.97201,13.97201,3157,21.00000
ADP-200010,19951116,14.05517,14.05517,13.80567,13.88884,7215,20.87500
ADP-200010,19951117,13.80567,13.97201,13.72250,13.97201,18187,21.00000
ADP-200010,19951120,14.05517,14.05517,13.88884,13.88884,6614,20.87500
ADP-200010,19951121,13.88884,13.97201,13.80567,13.80567,2856,20.75000
ADP-200010,19951122,13.80567,13.97201,13.72250,13.97201,6163,21.00000
ADP-200010,19951124,13.88884,13.88884,13.88884,13.88884,3007,20.87500
ADP-200010,19951127,13.80567,14.05517,13.72250,13.72250,15632,20.62500
ADP-200010,19951128,13.63934,13.72250,13.47300,13.63934,52606,20.50000
ADP-200010,19951129,13.63934,13.72250,13.63934,13.72250,11874,20.62500
ADP-200010,19951130,13.63934,13.88884,13.63934,13.88884,13978,20.87500
ADP-200010,19951201,13.88884,13.88884,13.63934,13.63934,18037,20.50000
ADP-200010,19951204,13.72250,13.72250,13.55617,13.55617,15031,20.37500
ADP-200010,19951205,13.47300,13.55617,13.47300,13.47300,10071,20.25000
ADP-200010,19951206,13.47300,13.72250,13.47300,13.55617,22095,20.37500
ADP-200010,19951207,13.72250,13.72250,13.47300,13.72250,52606,20.62500
ADP-200010,19951208,13.80567,13.80567,13.63934,13.63934,8718,20.50000
ADP-200010,19951211,13.55617,13.80567,13.55617,13.80567,14129,20.75000
ADP-200010,19951212,13.88884,14.05517,13.88884,14.05517,12325,21.12500
ADP-200010,19951213,14.13834,14.38784,14.13834,14.38784,25552,21.62500
ADP-200010,19951214,14.55417,14.72050,14.47100,14.72050,41483,22.12500
ADP-200010,19951215,14.80367,15.13634,14.80367,14.88684,61774,22.37500
ADP-200010,19951218,14.72050,14.88684,14.63734,14.88684,22395,22.37500
ADP-200010,19951219,14.88684,15.13634,14.88684,14.88684,23147,22.37500
ADP-200010,19951220,14.72050,15.13634,14.72050,14.97001,20441,22.50000
ADP-200010,19951221,14.97001,15.13634,14.97001,15.13634,9620,22.75000
ADP-200010,19951222,15.13634,15.30267,14.88684,15.30267,38027,23.00000
ADP-200010,19951226,15.30267,15.71851,15.30267,15.71851,15782,23.62500
ADP-200010,19951227,15.71851,15.80167,15.71851,15.80167,8568,23.75000
ADP-200010,19951228,15.63534,15.80167,15.55217,15.71851,13528,23.62500
ADP-200010,19951229,15.71851,16.05117,15.63534,15.96801,15031,24.00000
ADP-200010,19960102,15.96801,15.96801,15.30267,15.38584,28858,23.12500
ADP-200010,19960103,15.55217,15.55217,15.05317,15.21950,56514,22.87500
ADP-200010,19960104,15.30267,15.30267,15.13634,15.13634,31413,22.75000
ADP-200010,19960105,15.05317,15.38584,14.97001,15.38584,23297,23.12500
ADP-200010,19960108,15.55217,15.88484,15.55217,15.88484,11423,23.87500
ADP-200010,19960109,15.96801,15.96801,15.30267,15.38584,151353,23.12500
ADP-200010,19960110,15.21950,15.21950,14.72050,14.97001,61924,22.50000
ADP-200010,19960111,14.88684,14.97001,14.80367,14.80367,8417,22.25000
ADP-200010,19960112,14.88684,15.05317,14.88684,14.88684,38027,22.37500
ADP-200010,19960115,14.80367,15.13634,14.80367,14.80367,31864,22.25000
ADP-200010,19960116,14.80367,14.80367,14.30467,14.30467,22846,21.50000
ADP-200010,19960117,14.30467,14.30467,13.72250,13.88884,35922,20.87500
ADP-200010,19960118,13.80567,14.22151,13.72250,14.22151,62676,21.37500
ADP-200010,19960119,14.30467,14.63734,14.30467,14.63734,22546,22.00000
ADP-200010,19960122,14.47100,14.88684,14.47100,14.88684,13227,22.37500
ADP-200010,19960123,15.05317,15.13634,14.72050,14.80367,21644,22.25000
ADP-200010,19960124,14.80367,14.97001,14.72050,14.97001,13678,22.50000
ADP-200010,19960125,14.80367,14.80367,14.63734,14.63734,17886,22.00000
ADP-200010,19960126,14.63734,14.97001,14.63734,14.63734,25552,22.00000
ADP-200010,19960129,14.38784,14.63734,14.38784,14.63734,13077,22.00000
ADP-200010,19960130,14.47100,14.47100,14.38784,14.38784,1804,21.62500
ADP-200010,19960131,14.38784,14.97001,14.22151,14.80367,26303,22.25000
ADP-200010,19960201,14.80367,14.80367,14.47100,14.63734,6914,22.00000
ADP-200010,19960202,14.88684,15.30267,14.88684,15.30267,26303,23.00000
ADP-200010,19960205,15.46900,15.46900,14.97001,15.21950,57866,22.87500
ADP-200010,19960206,15.13634,15.13634,15.05317,15.05317,4810,22.62500
ADP-200010,19960207,15.05317,15.13634,15.05317,15.05317,7966,22.62500
ADP-200010,19960208,15.13634,15.13634,15.05317,15.05317,3758,22.62500
ADP-200010,19960209,14.97001,15.21950,14.88684,15.21950,19690,22.87500
ADP-200010,19960212,15.30267,15.88484,15.30267,15.55217,47345,23.37500
ADP-200010,19960213,15.63534,15.80167,15.55217,15.55217,49149,23.37500
ADP-200010,19960214,15.46900,15.46900,15.38584,15.38584,28257,23.12500
ADP-200010,19960215,15.55217,15.55217,15.38584,15.46900,17886,23.25000
ADP-200010,19960216,15.38584,15.38584,15.21950,15.38584,23147,23.12500
ADP-200010,19960220,15.30267,15.30267,15.05317,15.30267,13828,23.00000
ADP-200010,19960221,15.13634,15.46900,15.13634,15.46900,34570,23.25000
ADP-200010,19960222,15.46900,15.55217,15.38584,15.55217,12926,23.37500
ADP-200010,19960223,15.63534,15.80167,15.55217,15.71851,32315,23.62500
ADP-200010,19960226,15.71851,16.13434,15.71851,15.96801,80411,24.00000
ADP-200010,19960227,15.96801,16.05117,15.71851,15.80167,34419,23.75000
ADP-200010,19960228,15.88484,15.88484,15.71851,15.88484,11574,23.87500
ADP-200010,19960229,15.88484,15.96801,15.80167,15.96801,27355,24.00000
ADP-200010,19960301,15.88484,15.96801,15.80167,15.96801,6013,24.00000
ADP-200010,19960304,15.80167,15.88484,15.55217,15.71851,27055,23.62500
ADP-200010,19960305,15.88484,15.88484,15.63534,15.88484,18337,23.87500
ADP-200010,19960306,15.88484,15.88484,15.80167,15.80167,12175,23.75000
ADP-200010,19960307,15.71851,15.80167,15.55217,15.80167,8417,23.75000
ADP-200010,19960308,15.96801,15.96801,15.21950,15.21950,21193,22.87500
ADP-200010,19960311,15.05317,15.30267,15.05317,15.30267,13377,23.00000
ADP-200010,19960312,15.13634,15.30267,15.05317,15.05317,6163,22.62500
ADP-200010,19960313,14.97001,15.30267,14.97001,15.21950,13528,22.87500
ADP-200010,19960314,15.30267,15.46900,15.30267,15.38584,4209,23.12500
ADP-200010,19960315,15.30267,15.46900,15.30267,15.46900,9019,23.25000
ADP-200010,19960318,15.46900,15.71851,15.30267,15.30267,23898,23.00000
ADP-200010,19960319,15.13634,15.55217,15.13634,15.46900,30361,23.25000
ADP-200010,19960320,15.30267,15.38584,15.30267,15.38584,16984,23.12500
ADP-200010,19960321,15.38584,15.38584,15.21950,15.21950,35021,22.87500
ADP-200010,19960322,15.30267,15.30267,15.13634,15.13634,3758,22.75000
ADP-200010,19960325,15.21950,15.21950,15.05317,15.05317,10371,22.62500
ADP-200010,19960326,15.05317,15.30267,15.05317,15.30267,13828,23.00000
ADP-200010,19960327,15.38584,15.46900,15.38584,15.46900,2255,23.25000
ADP-200010,19960328,15.38584,15.38584,15.05317,15.05317,182766,22.62500
ADP-200010,19960329,15.05317,15.13634,15.05317,15.05317,13377,22.62500
ADP-200010,19960401,14.97001,15.05317,14.97001,15.05317,9319,22.62500
ADP-200010,19960402,15.05317,15.05317,14.80367,14.80367,189980,22.25000
ADP-200010,19960403,14.80367,15.30267,14.80367,15.21950,334720,22.87500
ADP-200010,19960404,15.30267,15.38584,15.21950,15.21950,33668,22.87500
ADP-200010,19960408,15.13634,15.38584,15.13634,15.30267,148798,23.00000
ADP-200010,19960409,15.46900,15.55217,15.21950,15.46900,66584,23.25000
ADP-200010,19960410,15.38584,15.46900,15.30267,15.38584,36824,23.12500
ADP-200010,19960411,15.30267,15.71851,15.30267,15.71851,36524,23.62500
ADP-200010,19960412,15.63534,15.80167,15.55217,15.80167,21043,23.75000
ADP-200010,19960415,15.80167,15.88484,15.63534,15.88484,24800,23.87500
ADP-200010,19960416,15.71851,15.88484,15.71851,15.88484,12776,23.87500
ADP-200010,19960417,15.88484,16.05117,15.88484,16.05117,17285,24.12500
ADP-200010,19960418,16.13434,16.79967,16.13434,16.71650,67636,25.12500
ADP-200010,19960419,16.79967,17.04917,16.71650,16.88284,75451,25.37500
ADP-200010,19960422,17.04917,17.21550,16.79967,17.13234,91684,25.75000
ADP-200010,19960423,17.29867,17.38184,17.29867,17.38184,41483,26.12500
ADP-200010,19960424,17.54817,17.63134,17.04917,17.21550,21043,25.87500
ADP-200010,19960425,17.21550,17.29867,16.79967,17.21550,65982,25.87500
ADP-200010,19960426,17.38184,17.38184,16.79967,17.21550,36373,25.87500
ADP-200010,19960429,17.29867,17.63134,17.13234,17.63134,15331,26.50000
ADP-200010,19960430,17.63134,17.63134,17.46501,17.54817,27055,26.37500
ADP-200010,19960501,17.38184,17.46501,17.29867,17.46501,17886,26.25000
ADP-200010,19960502,17.38184,17.54817,17.04917,17.21550,40582,25.87500
ADP-200010,19960503,17.13234,17.29867,17.13234,17.29867,53958,26.00000
ADP-200010,19960506,17.13234,17.38184,17.13234,17.29867,22395,26.00000
ADP-200010,19960507,17.29867,17.29867,17.13234,17.21550,68237,25.87500
ADP-200010,19960508,17.13234,17.21550,16.96600,17.21550,30662,25.87500
ADP-200010,19960509,17.21550,17.38184,17.21550,17.29867,33518,26.00000
ADP-200010,19960510,17.63134,17.71451,17.38184,17.71451,20592,26.62500
ADP-200010,19960513,17.54817,17.96401,17.54817,17.96401,34419,27.00000
ADP-200010,19960514,17.96401,18.13034,17.96401,18.13034,52005,27.25000
ADP-200010,19960515,18.04717,18.37984,18.04717,18.37984,45692,27.62500
ADP-200010,19960516,18.29667,18.37984,18.29667,18.37984,32165,27.62500
ADP-200010,19960517,18.46300,18.46300,18.21350,18.37984,40732,27.62500
ADP-200010,19960520,18.37984,18.37984,18.29667,18.37984,25401,27.62500
ADP-200010,19960521,18.54617,18.62934,18.46300,18.54617,90181,27.87500
ADP-200010,19960522,18.54617,18.96200,18.46300,18.96200,98598,28.50000
ADP-200010,19960523,19.04517,19.29467,18.87884,18.96200,50652,28.50000
ADP-200010,19960524,18.79567,18.79567,18.54617,18.54617,13678,27.87500
ADP-200010,19960528,18.62934,18.79567,18.54617,18.71250,60722,28.12500
ADP-200010,19960529,18.71250,18.87884,18.62934,18.87884,71994,28.37500
ADP-200010,19960530,18.96200,19.12834,18.96200,19.12834,17586,28.75000
ADP-200010,19960531,19.12834,19.54417,19.12834,19.54417,24499,29.37500
ADP-200010,19960603,19.71051,20.45900,19.71051,20.45900,109720,30.75000
ADP-200010,19960604,20.70850,20.70850,20.45900,20.45900,27806,30.75000
ADP-200010,19960605,20.37584,20.37584,20.20950,20.29267,16984,30.50000
ADP-200010,19960606,20.12634,20.12634,19.79367,19.96000,20592,30.00000
ADP-200010,19960607,19.54417,19.54417,19.29467,19.29467,66433,29.00000
ADP-200010,19960610,19.46101,19.54417,19.37784,19.46101,13678,29.25000
ADP-200010,19960611,19.37784,19.79367,19.37784,19.46101,11724,29.25000
ADP-200010,19960612,19.46101,19.46101,19.21151,19.21151,16684,28.87500
ADP-200010,19960613,19.21151,19.37784,19.04517,19.12834,56063,28.75000
ADP-200010,19960614,18.96200,19.04517,18.96200,18.96200,24650,28.50000
ADP-200010,19960617,18.96200,19.12834,18.87884,19.04517,31714,28.62500
ADP-200010,19960618,18.96200,18.96200,18.79567,18.79567,11123,28.25000
ADP-200010,19960619,18.79567,18.79567,18.37984,18.46300,42235,27.75000
ADP-200010,19960620,18.29667,18.29667,17.79767,17.96401,67936,27.00000
ADP-200010,19960621,18.13034,18.46300,18.13034,18.37984,41183,27.62500
ADP-200010,19960624,18.37984,18.46300,18.37984,18.46300,12776,27.75000
ADP-200010,19960625,18.46300,18.46300,18.04717,18.13034,41183,27.25000
ADP-200010,19960626,18.04717,18.13034,17.79767,17.88084,87475,26.87500
ADP-200010,19960627,18.04717,18.54617,18.04717,18.54617,81163,27.87500
ADP-200010,19960628,18.54617,19.04517,18.54617,18.87884,88528,28.37500
ADP-200010,19960701,18.79567,18.87884,18.79567,18.87884,4059,28.37500
ADP-200010,19960702,18.71250,18.79567,18.62934,18.79567,28257,28.25000
ADP-200010,19960703,18.79567,18.79567,18.04717,18.04717,16984,27.12500
ADP-200010,19960705,17.96401,18.04717,17.96401,18.04717,4960,27.12500
ADP-200010,19960708,17.96401,17.96401,17.79767,17.88084,142335,26.87500
ADP-200010,19960709,17.71451,17.79767,17.63134,17.63134,13978,26.50000
ADP-200010,19960710,17.54817,17.71451,17.46501,17.63134,27205,26.50000
ADP-200010,19960711,17.38184,17.54817,17.38184,17.46501,35471,26.25000
ADP-200010,19960712,17.29867,17.29867,17.21550,17.21550,8718,25.87500
ADP-200010,19960715,17.13234,17.54817,17.13234,17.54817,27806,26.37500
ADP-200010,19960716,17.29867,17.29867,16.38384,17.04917,70942,25.62500
ADP-200010,19960717,17.13234,17.21550,17.13234,17.13234,6163,25.75000
ADP-200010,19960718,17.13234,17.54817,17.13234,17.46501,37876,26.25000
ADP-200010,19960719,17.46501,17.46501,17.13234,17.46501,10822,26.25000
ADP-200010,19960722,17.46501,17.54817,17.21550,17.29867,24199,26.00000
ADP-200010,19960723,17.21550,17.29867,17.04917,17.13234,7816,25.75000
ADP-200010,19960724,17.04917,17.04917,16.79967,17.04917,27055,25.62500
ADP-200010,19960725,17.04917,17.04917,16.79967,16.79967,34570,25.25000
ADP-200010,19960726,16.88284,16.88284,16.63334,16.63334,41183,25.00000
ADP-200010,19960729,16.55017,16.55017,16.46700,16.46700,50802,24.75000
ADP-200010,19960730,16.55017,16.55017,16.30067,16.30067,94690,24.50000
ADP-200010,19960731,16.21751,16.38384,16.13434,16.21751,67335,24.37500
ADP-200010,19960801,16.30067,16.63334,16.21751,16.46700,28558,24.75000
ADP-200010,19960802,16.63334,16.88284,16.63334,16.79967,12175,25.25000
ADP-200010,19960805,16.63334,16.71650,16.63334,16.71650,5261,25.12500
ADP-200010,19960806,16.63334,17.13234,16.63334,16.96600,19089,25.50000
ADP-200010,19960807,17.04917,17.21550,17.04917,17.21550,8568,25.87500
ADP-200010,19960808,17.13234,17.46501,17.13234,17.46501,12025,26.25000
ADP-200010,19960809,17.38184,17.46501,17.38184,17.46501,2405,26.25000
ADP-200010,19960812,17.54817,17.63134,17.46501,17.54817,13828,26.37500
ADP-200010,19960813,17.63134,17.63134,17.46501,17.46501,50652,26.25000
ADP-200010,19960814,17.54817,17.54817,17.29867,17.38184,10822,26.12500
ADP-200010,19960815,17.29867,17.38184,17.21550,17.21550,7966,25.87500
ADP-200010,19960816,17.29867,17.29867,17.29867,17.29867,35922,26.00000
ADP-200010,19960819,17.21550,17.63134,17.21550,17.54817,48397,26.37500
ADP-200010,19960820,17.54817,17.63134,17.46501,17.46501,12175,26.25000
ADP-200010,19960821,17.54817,17.63134,17.38184,17.38184,12175,26.12500
ADP-200010,19960822,17.46501,17.71451,17.29867,17.29867,18638,26.00000
ADP-200010,19960823,17.29867,17.54817,17.29867,17.46501,25702,26.25000
ADP-200010,19960826,17.29867,17.46501,17.29867,17.38184,15181,26.12500
ADP-200010,19960827,17.29867,17.54817,17.29867,17.54817,30812,26.37500
ADP-200010,19960828,17.54817,17.54817,17.46501,17.46501,752,26.25000
ADP-200010,19960829,17.46501,17.46501,17.29867,17.29867,23147,26.00000
ADP-200010,19960830,17.29867,17.29867,17.21550,17.21550,6614,25.87500
ADP-200010,19960903,17.29867,17.29867,17.29867,17.29867,5261,26.00000
ADP-200010,19960904,17.13234,17.38184,17.13234,17.29867,15932,26.00000
ADP-200010,19960905,17.29867,17.29867,17.21550,17.21550,4209,25.87500
ADP-200010,19960906,17.13234,17.29867,17.13234,17.29867,10522,26.00000
ADP-200010,19960909,17.29867,17.29867,17.21550,17.29867,3758,26.00000
ADP-200010,19960910,17.29867,17.29867,17.21550,17.29867,8417,26.00000
ADP-200010,19960911,17.29867,17.29867,17.13234,17.13234,24800,25.75000
ADP-200010,19960912,17.29867,17.29867,17.21550,17.29867,12776,26.00000
ADP-200010,19960913,17.29867,17.29867,17.21550,17.21550,17886,25.87500
ADP-200010,19960916,17.29867,17.29867,17.04917,17.04917,51554,25.62500
ADP-200010,19960917,17.13234,17.13234,16.96600,16.96600,23447,25.50000
ADP-200010,19960918,17.04917,17.13234,16.96600,17.04917,39530,25.62500
ADP-200010,19960919,17.04917,17.13234,16.96600,17.04917,45692,25.62500
ADP-200010,19960920,17.04917,17.13234,16.96600,17.13234,24950,25.75000
ADP-200010,19960923,17.04917,17.13234,17.04917,17.13234,4209,25.75000
ADP-200010,19960924,17.04917,17.13234,17.04917,17.13234,2105,25.75000
ADP-200010,19960925,17.04917,17.04917,16.88284,16.88284,20141,25.37500
ADP-200010,19960926,16.88284,16.88284,16.88284,16.88284,151,25.37500
ADP-200010,19960927,16.79967,16.79967,16.63334,16.79967,51253,25.25000
ADP-200010,19960930,16.63334,16.71650,16.46700,16.63334,83568,25.00000
ADP-200010,19961001,16.71650,16.71650,16.30067,16.55017,43738,24.87500
ADP-200010,19961002,16.46700,16.63334,16.38384,16.63334,25401,25.00000
ADP-200010,19961003,16.55017,16.63334,16.46700,16.63334,7065,25.00000
ADP-200010,19961004,16.63334,16.63334,16.55017,16.55017,9169,24.87500
ADP-200010,19961007,16.55017,16.63334,16.21751,16.63334,60271,25.00000
ADP-200010,19961008,16.46700,16.55017,16.21751,16.30067,28708,24.50000
ADP-200010,19961009,16.21751,16.21751,15.96801,15.96801,33367,24.00000
ADP-200010,19961010,15.96801,16.30067,15.96801,16.30067,71694,24.50000
ADP-200010,19961011,16.13434,16.30067,16.13434,16.30067,37576,24.50000
ADP-200010,19961014,16.30067,16.38384,16.21751,16.21751,71393,24.37500
ADP-200010,19961015,16.21751,16.21751,15.96801,16.13434,47646,24.25000
ADP-200010,19961016,16.30067,16.30067,16.21751,16.21751,8267,24.37500
ADP-200010,19961017,16.21751,16.30067,16.21751,16.30067,20742,24.50000
ADP-200010,19961018,16.30067,16.38384,16.13434,16.30067,46143,24.50000
ADP-200010,19961021,16.46700,16.46700,16.30067,16.38384,28708,24.62500
ADP-200010,19961022,16.30067,16.30067,16.13434,16.21751,11423,24.37500
ADP-200010,19961023,16.13434,16.46700,16.13434,16.46700,13828,24.75000
ADP-200010,19961024,16.55017,16.88284,16.55017,16.79967,62225,25.25000
ADP-200010,19961025,16.79967,16.88284,16.71650,16.88284,39980,25.37500
ADP-200010,19961028,16.79967,16.79967,16.63334,16.71650,7816,25.12500
ADP-200010,19961029,16.63334,16.63334,16.55017,16.55017,26003,24.87500
ADP-200010,19961030,16.55017,16.71650,16.55017,16.71650,196594,25.12500
ADP-200010,19961031,16.63334,16.71650,16.46700,16.46700,28107,24.75000
ADP-200010,19961101,16.38384,16.38384,16.21751,16.38384,27055,24.62500
ADP-200010,19961104,16.38384,16.38384,16.21751,16.30067,5261,24.50000
ADP-200010,19961105,16.30067,16.30067,16.05117,16.21751,7516,24.37500
ADP-200010,19961106,16.30067,16.30067,16.21751,16.30067,12776,24.50000
ADP-200010,19961107,16.38384,16.38384,16.13434,16.30067,18938,24.50000
ADP-200010,19961108,16.21751,16.30067,16.13434,16.21751,23147,24.37500
ADP-200010,19961111,16.21751,16.21751,16.13434,16.21751,23748,24.37500
ADP-200010,19961112,16.13434,16.30067,16.13434,16.21751,142185,24.37500
ADP-200010,19961113,16.13434,16.30067,16.13434,16.30067,45391,24.50000
ADP-200010,19961114,16.30067,16.30067,15.96801,16.05117,54409,24.12500
ADP-200010,19961115,16.05117,16.13434,16.05117,16.13434,12475,24.25000
ADP-200010,19961118,16.05117,16.30067,16.05117,16.30067,318337,24.50000
ADP-200010,19961119,16.30067,16.30067,16.13434,16.13434,102055,24.25000
ADP-200010,19961120,16.13434,16.13434,15.96801,16.05117,162175,24.12500
ADP-200010,19961121,16.13434,16.46700,16.05117,16.46700,92285,24.75000
ADP-200010,19961122,16.55017,16.63334,16.55017,16.55017,9319,24.87500
ADP-200010,19961125,16.63334,16.71650,16.38384,16.46700,11273,24.75000
ADP-200010,19961126,16.38384,16.38384,15.88484,15.96801,49750,24.00000
ADP-200010,19961127,16.05117,16.21751,16.05117,16.05117,23447,24.12500
ADP-200010,19961129,15.96801,15.96801,15.88484,15.88484,17435,23.87500
ADP-200010,19961202,15.88484,16.05117,15.80167,15.96801,33518,24.00000
ADP-200010,19961203,16.13434,16.55017,16.13434,16.55017,187876,24.87500
ADP-200010,19961204,16.55017,17.54817,16.55017,17.46501,111824,26.25000
ADP-200010,19961205,17.46501,17.63134,17.29867,17.63134,107616,26.50000
ADP-200010,19961206,17.96401,17.96401,17.71451,17.71451,101153,26.62500
ADP-200010,19961209,17.79767,18.29667,17.79767,18.29667,74099,27.50000
ADP-200010,19961210,18.37984,18.37984,18.29667,18.37984,34870,27.62500
ADP-200010,19961211,18.21350,18.37984,17.96401,18.37984,42235,27.62500
ADP-200010,19961212,18.54617,18.87884,18.54617,18.71250,62526,28.12500
ADP-200010,19961213,18.79567,18.79567,18.62934,18.62934,34269,28.00000
ADP-200010,19961216,18.62934,18.71250,18.46300,18.62934,26754,28.00000
ADP-200010,19961217,18.46300,18.54617,18.46300,18.46300,65532,27.75000
ADP-200010,19961218,18.46300,18.54617,18.46300,18.54617,6313,27.87500
ADP-200010,19961219,18.54617,18.71250,18.54617,18.62934,75301,28.00000
ADP-200010,19961220,18.79567,19.37784,18.71250,19.37784,29459,29.12500
ADP-200010,19961223,19.29467,19.37784,19.21151,19.37784,8868,29.12500
ADP-200010,19961224,19.37784,19.54417,19.37784,19.54417,2105,29.37500
ADP-200010,19961226,19.46101,20.04317,19.46101,19.96000,65532,30.00000
ADP-200010,19961227,20.12634,20.20950,19.71051,19.87684,17586,29.87500
ADP-200010,19961230,19.79367,19.87684,19.71051,19.71051,21944,29.62500
ADP-200010,19961231,19.71051,19.79367,19.71051,19.79367,10071,29.75000
ADP-200010,19970102,19.96000,19.96000,19.62734,19.62734,46744,29.50000
ADP-200010,19970103,19.62734,19.79367,19.62734,19.79367,26453,29.75000
ADP-200010,19970106,19.96000,20.12634,19.96000,20.04317,36223,30.12500
ADP-200010,19970107,19.96000,20.20950,19.96000,20.12634,31413,30.25000
ADP-200010,19970108,20.12634,20.45900,20.12634,20.12634,33367,30.25000
ADP-200010,19970109,19.96000,20.04317,19.87684,19.96000,44640,30.00000
ADP-200010,19970110,19.96000,20.12634,19.96000,19.96000,26904,30.00000
ADP-200010,19970113,19.96000,20.20950,19.96000,20.12634,14279,30.25000
ADP-200010,19970114,20.04317,20.20950,20.04317,20.20950,12776,30.37500
ADP-200010,19970115,20.29267,20.87484,20.29267,20.87484,61173,31.37500
ADP-200010,19970116,20.87484,21.20751,20.87484,20.95801,55762,31.50000
ADP-200010,19970117,20.95801,21.20751,20.95801,21.20751,22245,31.87500
ADP-200010,19970120,21.04117,21.29067,20.95801,20.95801,56514,31.50000
ADP-200010,19970121,20.95801,21.45701,20.95801,21.29067,27355,32.00000
ADP-200010,19970122,21.29067,21.62334,21.29067,21.37384,40882,32.12500
ADP-200010,19970123,21.29067,21.78967,21.12434,21.12434,23147,31.75000
ADP-200010,19970124,21.04117,21.04117,20.87484,20.95801,19840,31.50000
ADP-200010,19970127,20.95801,21.04117,20.70850,20.70850,20291,31.12500
ADP-200010,19970128,20.62534,20.95801,20.62534,20.70850,95291,31.12500
ADP-200010,19970129,20.87484,20.87484,20.79167,20.79167,40582,31.25000
ADP-200010,19970130,20.70850,20.70850,20.70850,20.70850,151,31.12500
ADP-200010,19970131,20.79167,20.87484,20.79167,20.79167,4059,31.25000
ADP-200010,19970203,20.54217,20.70850,20.54217,20.70850,6764,31.12500
ADP-200010,19970204,20.54217,20.62534,20.54217,20.54217,15932,30.87500
ADP-200010,19970205,20.62534,20.79167,20.54217,20.62534,26904,31.00000
ADP-200010,19970206,20.45900,20.62534,20.45900,20.45900,17736,30.75000
ADP-200010,19970207,20.37584,20.54217,20.29267,20.29267,6463,30.50000
ADP-200010,19970210,20.12634,20.12634,19.87684,19.87684,6463,29.87500
ADP-200010,19970211,19.87684,19.96000,19.87684,19.87684,77405,29.87500
ADP-200010,19970212,19.87684,19.87684,19.62734,19.62734,71994,29.50000
ADP-200010,19970213,19.79367,19.96000,19.62734,19.96000,45542,30.00000
ADP-200010,19970214,19.79367,19.96000,19.79367,19.79367,16383,29.75000
ADP-200010,19970218,19.46101,19.54417,19.21151,19.29467,33818,29.00000
ADP-200010,19970219,19.29467,19.71051,19.29467,19.62734,26153,29.50000
ADP-200010,19970220,19.62734,19.79367,19.54417,19.79367,21644,29.75000
ADP-200010,19970221,19.79367,20.04317,19.79367,20.04317,21193,30.12500
ADP-200010,19970224,19.96000,20.04317,19.96000,20.04317,3758,30.12500
ADP-200010,19970225,19.96000,20.04317,19.96000,20.04317,15481,30.12500
ADP-200010,19970226,19.96000,19.96000,19.79367,19.79367,35922,29.75000
ADP-200010,19970227,19.71051,19.87684,19.62734,19.62734,11273,29.50000
ADP-200010,19970228,19.46101,19.54417,19.46101,19.46101,8868,29.25000
ADP-200010,19970303,19.54417,19.62734,19.54417,19.54417,3007,29.37500
ADP-200010,19970304,19.71051,19.96000,19.71051,19.96000,25702,30.00000
ADP-200010,19970305,19.87684,19.96000,19.71051,19.79367,21794,29.75000
ADP-200010,19970306,19.79367,19.96000,19.79367,19.96000,15331,30.00000
ADP-200010,19970307,19.87684,19.87684,19.71051,19.71051,2255,29.62500
ADP-200010,19970310,19.71051,19.87684,19.71051,19.87684,1804,29.87500
ADP-200010,19970311,19.87684,20.29267,19.87684,20.29267,61473,30.50000
ADP-200010,19970312,20.12634,20.12634,20.12634,20.12634,1203,30.25000
ADP-200010,19970313,20.12634,20.12634,19.62734,19.79367,29159,29.75000
ADP-200010,19970314,19.87684,19.87684,19.62734,19.71051,20441,29.62500
ADP-200010,19970317,19.71051,19.87684,19.71051,19.79367,7816,29.75000
ADP-200010,19970318,19.79367,19.79367,19.62734,19.79367,3758,29.75000
ADP-200010,19970319,19.87684,19.87684,19.62734,19.62734,12025,29.50000
ADP-200010,19970320,19.54417,19.62734,19.46101,19.46101,7816,29.25000
ADP-200010,19970321,19.54417,19.54417,19.04517,19.04517,27656,28.62500
ADP-200010,19970324,18.96200,19.04517,18.79567,18.87884,4960,28.37500
ADP-200010,19970325,18.87884,19.21151,18.87884,19.21151,16984,28.87500
ADP-200010,19970326,19.04517,19.04517,18.87884,18.87884,8117,28.37500
ADP-200010,19970327,18.79567,18.79567,18.79567,18.79567,5261,28.25000
ADP-200010,19970331,18.62934,18.87884,18.54617,18.71250,29610,28.12500
ADP-200010,19970401,18.87884,19.04517,18.79567,18.96200,13528,28.50000
ADP-200010,19970402,18.79567,18.87884,18.79567,18.79567,10522,28.25000
ADP-200010,19970403,18.87884,18.87884,18.54617,18.71250,44489,28.12500
ADP-200010,19970404,18.62934,18.87884,18.62934,18.87884,3457,28.37500
ADP-200010,19970407,19.04517,19.12834,19.04517,19.12834,9770,28.75000
ADP-200010,19970408,19.12834,19.37784,19.12834,19.37784,26153,29.12500
ADP-200010,19970409,19.62734,19.62734,19.37784,19.46101,56814,29.25000
ADP-200010,19970410,19.46101,19.62734,19.37784,19.37784,18938,29.12500
ADP-200010,19970411,19.37784,19.46101,19.21151,19.21151,21794,28.87500
ADP-200010,19970414,19.29467,19.96000,19.12834,19.96000,38327,30.00000
ADP-200010,19970415,21.29067,21.45701,20.45900,20.62534,107015,31.00000
ADP-200010,19970416,20.79167,20.87484,20.70850,20.79167,16534,31.25000
ADP-200010,19970417,20.79167,20.79167,20.45900,20.54217,12475,30.87500
ADP-200010,19970418,20.37584,20.54217,20.37584,20.54217,10371,30.87500
ADP-200010,19970421,20.45900,20.79167,20.45900,20.54217,5411,30.87500
ADP-200010,19970422,20.37584,20.79167,20.29267,20.79167,12626,31.25000
ADP-200010,19970423,20.62534,20.70850,20.29267,20.62534,36073,31.00000
ADP-200010,19970424,20.45900,20.95801,20.45900,20.95801,14429,31.50000
ADP-200010,19970425,20.95801,21.04117,20.87484,20.95801,13828,31.50000
ADP-200010,19970428,20.95801,21.45701,20.95801,21.20751,51554,31.87500
ADP-200010,19970429,21.04117,21.20751,21.04117,21.12434,4209,31.75000
ADP-200010,19970430,21.29067,21.45701,21.12434,21.12434,43738,31.75000
ADP-200010,19970501,21.29067,21.29067,20.95801,21.04117,10071,31.62500
ADP-200010,19970502,21.12434,21.78967,21.12434,21.62334,37876,32.50000
ADP-200010,19970505,21.62334,21.78967,21.45701,21.70650,49600,32.62500
ADP-200010,19970506,21.54017,21.62334,21.20751,21.62334,34119,32.50000
ADP-200010,19970507,21.62334,21.62334,21.62334,21.62334,36073,32.50000
ADP-200010,19970508,21.45701,21.45701,21.29067,21.37384,24650,32.12500
ADP-200010,19970509,21.54017,21.78967,21.54017,21.70650,22546,32.62500
ADP-200010,19970512,21.54017,21.62334,21.54017,21.54017,45091,32.37500
ADP-200010,19970513,21.45701,21.54017,21.12434,21.37384,11574,32.12500
ADP-200010,19970514,21.29067,21.45701,21.29067,21.37384,35622,32.12500
ADP-200010,19970515,21.62334,21.70650,21.45701,21.45701,22996,32.25000
ADP-200010,19970516,21.62334,21.70650,21.62334,21.70650,4059,32.62500
ADP-200010,19970519,21.70650,21.70650,21.62334,21.62334,10522,32.50000
ADP-200010,19970520,21.45701,21.70650,21.37384,21.62334,16233,32.50000
ADP-200010,19970521,21.70650,21.70650,21.62334,21.62334,12175,32.50000
ADP-200010,19970522,21.70650,21.95600,21.62334,21.62334,60872,32.50000
ADP-200010,19970523,21.54017,21.54017,21.37384,21.45701,7365,32.25000
ADP-200010,19970527,21.37384,21.45701,21.37384,21.37384,902,32.12500
ADP-200010,19970528,21.37384,21.45701,21.12434,21.29067,8568,32.00000
ADP-200010,19970529,21.37384,21.45701,21.37384,21.45701,3608,32.25000
ADP-200010,19970530,21.54017,21.70650,21.45701,21.62334,19239,32.50000
ADP-200010,19970602,21.70650,21.78967,21.45701,21.54017,21944,32.37500
ADP-200010,19970603,21.54017,21.54017,21.29067,21.45701,13828,32.25000
ADP-200010,19970604,21.29067,21.54017,21.29067,21.45701,14730,32.25000
ADP-200010,19970605,21.29067,21.62334,21.29067,21.54017,6764,32.37500
ADP-200010,19970606,21.37384,21.62334,21.37384,21.62334,7966,32.50000
ADP-200010,19970609,21.62334,21.70650,21.54017,21.70650,7816,32.62500
ADP-200010,19970610,21.70650,21.70650,21.45701,21.45701,3307,32.25000
ADP-200010,19970611,21.54017,21.95600,21.54017,21.95600,17886,33.00000
ADP-200010,19970612,21.95600,22.03917,21.95600,22.03917,5261,33.12500
ADP-200010,19970613,22.12234,22.53817,22.12234,22.45500,25852,33.75000
ADP-200010,19970616,22.62134,22.62134,22.53817,22.53817,9169,33.87500
ADP-200010,19970617,22.53817,22.62134,22.28867,22.28867,11724,33.50000
ADP-200010,19970618,22.28867,22.37184,22.20550,22.37184,1654,33.62500
ADP-200010,19970619,22.28867,22.53817,22.28867,22.53817,6013,33.87500
ADP-200010,19970620,22.28867,22.62134,22.28867,22.45500,38477,33.75000
ADP-200010,19970623,22.37184,22.45500,22.28867,22.28867,10371,33.50000
ADP-200010,19970624,22.37184,23.28667,22.37184,23.20351,49449,34.87500
ADP-200010,19970625,23.12034,23.12034,22.62134,22.62134,38027,34.00000
ADP-200010,19970626,22.37184,22.45500,22.28867,22.28867,17736,33.50000
ADP-200010,19970627,22.28867,22.28867,22.28867,22.28867,10672,33.50000
ADP-200010,19970630,22.28867,22.28867,22.03917,22.03917,33217,33.12500
ADP-200010,19970701,22.03917,22.03917,21.99759,21.99759,3457,33.06250
ADP-200010,19970702,21.74809,21.78967,21.70650,21.70650,16233,32.62500
ADP-200010,19970703,21.70650,21.70650,21.62334,21.66492,4359,32.56250
ADP-200010,19970707,21.58176,21.74809,21.54017,21.70650,35021,32.62500
ADP-200010,19970708,21.62334,21.87284,21.62334,21.87284,3307,32.87500
ADP-200010,19970709,21.78967,22.03917,21.78967,21.87284,8568,32.87500
ADP-200010,19970710,21.95600,21.95600,21.70650,21.78967,4209,32.75000
ADP-200010,19970711,21.70650,21.95600,21.70650,21.78967,18187,32.75000
ADP-200010,19970714,21.87284,22.08075,21.87284,21.91442,8568,32.93750
ADP-200010,19970715,21.95600,21.95600,21.78967,21.87284,16984,32.87500
ADP-200010,19970716,21.70650,21.70650,21.54017,21.54017,19239,32.37500
ADP-200010,19970717,21.62334,21.70650,21.41542,21.49859,6764,32.31250
ADP-200010,19970718,21.66492,21.66492,21.33226,21.49859,8417,32.31250
ADP-200010,19970721,21.49859,21.49859,21.16592,21.24909,6764,31.93750
ADP-200010,19970722,21.24909,22.20550,21.24909,22.16392,46143,33.31250
ADP-200010,19970723,22.33025,22.33025,22.20550,22.20550,5862,33.37500
ADP-200010,19970724,22.28867,23.03717,21.87284,21.95600,83117,33.00000
ADP-200010,19970725,22.45500,24.28467,22.45500,23.49459,182165,35.31250
ADP-200010,19970728,23.66092,23.78567,23.61934,23.66092,18037,35.56250
ADP-200010,19970729,23.78567,23.95200,23.78567,23.86884,22245,35.87500
ADP-200010,19970730,23.91042,24.20150,23.91042,24.07675,35772,36.18750
ADP-200010,19970731,24.07675,24.15992,23.95200,24.03517,15181,36.12500
ADP-200010,19970801,24.11834,24.11834,23.78567,23.95200,9169,36.00000
ADP-200010,19970804,23.91042,23.95200,23.78567,23.95200,16383,36.00000
ADP-200010,19970805,23.78567,23.91042,23.61934,23.66092,6764,35.56250
ADP-200010,19970806,23.53617,23.70250,23.49459,23.53617,6163,35.37500
ADP-200010,19970807,23.36984,23.61934,23.36984,23.57775,11874,35.43750
ADP-200010,19970808,23.53617,23.53617,23.12034,23.12034,13077,34.75000
ADP-200010,19970811,23.12034,23.28667,23.12034,23.28667,12475,35.00000
ADP-200010,19970812,23.45300,23.61934,23.36984,23.61934,20742,35.50000
ADP-200010,19970813,23.41142,23.41142,23.07876,23.07876,9469,34.68750
ADP-200010,19970814,23.07876,23.24509,23.07876,23.20351,8868,34.87500
ADP-200010,19970815,23.20351,23.24509,23.07876,23.07876,6163,34.68750
ADP-200010,19970818,23.20351,23.28667,23.20351,23.24509,8868,34.93750
ADP-200010,19970819,23.24509,23.24509,22.78767,22.87084,10221,34.37500
ADP-200010,19970820,22.95401,22.95401,22.70451,22.95401,21944,34.50000
ADP-200010,19970821,22.95401,23.03717,22.62134,22.62134,15782,34.00000
ADP-200010,19970822,22.62134,22.62134,21.99759,22.08075,11423,33.18750
ADP-200010,19970825,22.03917,22.20550,22.03917,22.12234,6313,33.25000
ADP-200010,19970826,22.12234,22.62134,22.12234,22.62134,6764,34.00000
ADP-200010,19970827,22.70451,22.70451,22.37184,22.53817,13828,33.87500
ADP-200010,19970828,22.57976,22.91242,22.53817,22.91242,30662,34.43750
ADP-200010,19970829,22.99559,23.74409,22.99559,23.49459,21043,35.31250
ADP-200010,19970902,23.66092,23.74409,23.57775,23.66092,17886,35.56250
ADP-200010,19970903,23.57775,23.70250,23.49459,23.57775,21043,35.43750
ADP-200010,19970904,23.66092,23.70250,23.53617,23.57775,3908,35.43750
ADP-200010,19970905,23.61934,23.91042,23.61934,23.86884,18938,35.87500
ADP-200010,19970908,23.70250,24.13913,23.70250,24.07675,9219,24.12500
ADP-200010,19970909,23.95200,25.07476,23.95200,25.01238,24249,25.06250
ADP-200010,19970910,24.95001,25.94800,24.88763,24.95001,41483,25.00000
ADP-200010,19970911,25.19950,25.19950,24.95001,25.01238,7015,25.06250
ADP-200010,19970912,25.07476,25.69850,25.01238,25.51138,24349,25.56250
ADP-200010,19970915,25.44900,25.82325,25.44900,25.69850,18437,25.75000
ADP-200010,19970916,25.44900,25.63613,25.13713,25.13713,12826,25.18750
ADP-200010,19970917,25.38663,25.38663,24.95001,24.95001,8918,25.00000
ADP-200010,19970918,24.95001,25.01238,24.45101,24.70051,21343,24.75000
ADP-200010,19970919,24.45101,25.38663,24.32626,25.19950,27856,25.25000
ADP-200010,19970922,25.19950,25.38663,25.19950,25.38663,10922,25.43750
ADP-200010,19970923,25.26188,25.44900,24.88763,25.38663,8818,25.43750
ADP-200010,19970924,25.32425,25.63613,24.95001,24.95001,7215,25.00000
ADP-200010,19970925,24.82526,25.01238,24.45101,24.45101,18137,24.50000
ADP-200010,19970926,24.51338,24.82526,23.82725,23.95200,16834,24.00000
ADP-200010,19970929,23.95200,25.32425,23.95200,25.32425,44690,25.37500
ADP-200010,19970930,25.19950,25.19950,24.20150,24.70051,16133,24.75000
ADP-200010,19971001,24.70051,24.95001,24.70051,24.95001,6514,25.00000
ADP-200010,19971002,24.88763,24.95001,24.88763,24.88763,8718,24.93750
ADP-200010,19971003,24.95001,24.95001,24.63813,24.88763,6514,24.93750
ADP-200010,19971006,24.95001,24.95001,24.70051,24.70051,12325,24.75000
ADP-200010,19971007,24.76288,25.19950,24.76288,24.95001,3908,25.00000
ADP-200010,19971008,25.13713,25.19950,24.95001,24.95001,6914,25.00000
ADP-200010,19971009,24.95001,24.95001,24.51338,24.70051,8518,24.75000
ADP-200010,19971010,24.82526,24.88763,24.20150,24.88763,10622,24.93750
ADP-200010,19971013,24.63813,25.32425,24.63813,25.32425,6814,25.37500
ADP-200010,19971014,25.44900,26.13513,25.44900,25.82325,15832,25.87500
ADP-200010,19971015,25.76088,25.94800,25.69850,25.94800,9720,26.00000
ADP-200010,19971016,25.69850,25.69850,25.32425,25.57375,4910,25.62500
ADP-200010,19971017,25.32425,25.88563,24.70051,24.88763,28558,24.93750
ADP-200010,19971020,24.88763,24.88763,24.32626,24.32626,1604,24.37500
ADP-200010,19971021,24.20150,24.76288,24.20150,24.76288,13027,24.81250
ADP-200010,19971022,24.95001,24.95001,24.82526,24.82526,3708,24.87500
ADP-200010,19971023,24.57576,25.07476,24.57576,24.95001,14329,25.00000
ADP-200010,19971024,24.95001,25.44900,24.95001,25.19950,15932,25.25000
ADP-200010,19971027,25.19950,25.32425,24.95001,24.95001,13327,25.00000
ADP-200010,19971028,24.57576,24.76288,24.32626,24.76288,21243,24.81250
ADP-200010,19971029,25.13713,25.26188,25.01238,25.19950,18538,25.25000
ADP-200010,19971030,24.95001,25.57375,24.95001,25.19950,68638,25.25000
ADP-200010,19971031,25.38663,26.32226,25.38663,26.32226,66233,26.37500
ADP-200010,19971103,26.57176,26.94600,26.57176,26.88363,19439,26.93750
ADP-200010,19971104,26.88363,26.88363,26.57176,26.57176,7215,26.62500
ADP-200010,19971105,26.07276,26.19751,26.07276,26.19751,16834,26.25000
ADP-200010,19971106,26.44701,26.88363,26.38463,26.88363,6113,26.93750
ADP-200010,19971107,26.63413,26.88363,26.07276,26.32226,14429,26.37500
ADP-200010,19971110,26.57176,26.57176,26.07276,26.07276,2806,26.12500
ADP-200010,19971111,25.69850,25.76088,25.69850,25.76088,12125,25.81250
ADP-200010,19971112,25.69850,25.69850,24.95001,25.07476,4910,25.12500
ADP-200010,19971113,24.95001,25.19950,24.76288,25.19950,65532,25.25000
ADP-200010,19971114,25.32425,25.44900,25.07476,25.13713,56514,25.18750
ADP-200010,19971117,25.13713,25.19950,24.88763,24.88763,12926,24.93750
ADP-200010,19971118,24.95001,24.95001,24.70051,24.82526,39680,24.87500
ADP-200010,19971119,25.07476,25.38663,25.07476,25.26188,5912,25.31250
ADP-200010,19971120,25.26188,25.38663,25.26188,25.38663,45992,25.43750
ADP-200010,19971121,25.44900,25.51138,25.26188,25.32425,13728,25.37500
ADP-200010,19971124,25.32425,25.32425,25.01238,25.19950,8618,25.25000
ADP-200010,19971125,25.01238,25.01238,24.88763,24.88763,3207,24.93750
ADP-200010,19971126,25.01238,25.01238,24.63813,24.63813,2606,24.68750
ADP-200010,19971128,24.63813,24.63813,24.07675,24.20150,25351,24.25000
ADP-200010,19971201,23.95200,24.07675,23.20351,23.45300,23648,23.50000
ADP-200010,19971202,23.45300,23.51538,23.32826,23.51538,12626,23.56250
ADP-200010,19971203,23.45300,23.88963,23.32826,23.88963,12325,23.93750
ADP-200010,19971204,23.95200,24.20150,23.82725,23.95200,6013,24.00000
ADP-200010,19971205,23.82725,23.82725,23.57775,23.82725,2706,23.87500
ADP-200010,19971208,23.88963,24.20150,23.88963,24.20150,31063,24.25000
ADP-200010,19971209,24.20150,24.20150,23.88963,23.88963,19840,23.93750
ADP-200010,19971210,24.01438,24.32626,23.95200,24.01438,10221,24.06250
ADP-200010,19971211,24.20150,24.20150,23.95200,23.95200,4109,24.00000
ADP-200010,19971212,24.07675,24.07675,23.20351,23.20351,28958,23.25000
ADP-200010,19971215,23.20351,23.45300,23.20351,23.45300,10522,23.50000
ADP-200010,19971216,23.51538,24.32626,23.51538,24.32626,24449,24.37500
ADP-200010,19971217,24.32626,24.32626,23.70250,23.95200,3708,24.00000
ADP-200010,19971218,23.95200,23.95200,23.70250,23.88963,2506,23.93750
ADP-200010,19971219,23.64013,24.07675,23.64013,24.01438,14530,24.06250
ADP-200010,19971222,24.07675,24.26388,23.70250,23.70250,10321,23.75000
ADP-200010,19971223,23.95200,23.95200,23.57775,23.57775,15031,23.62500
ADP-200010,19971224,23.76488,23.88963,23.76488,23.88963,4810,23.93750
ADP-200010,19971226,23.82725,23.95200,23.70250,23.70250,3007,23.75000
ADP-200010,19971229,23.82725,23.95200,23.82725,23.95200,14329,24.00000
ADP-200010,19971230,23.95200,24.07675,23.70250,23.82725,28558,23.87500
ADP-200010,19971231,23.95200,24.45101,23.88963,23.95200,44089,24.00000
ADP-200010,19980102,23.88963,24.13913,23.82725,24.01438,19840,24.06250
ADP-200010,19980105,23.82725,23.88963,23.70250,23.82725,3908,23.87500
ADP-200010,19980106,23.82725,23.95200,23.82725,23.95200,41684,24.00000
ADP-200010,19980107,23.95200,24.82526,23.95200,24.82526,15832,24.87500
ADP-200010,19980108,25.13713,25.13713,24.95001,24.95001,7015,25.00000
ADP-200010,19980109,24.82526,24.82526,23.82725,23.82725,13828,23.87500
ADP-200010,19980112,23.95200,23.95200,23.45300,23.82725,6213,23.87500
ADP-200010,19980113,23.82725,24.01438,23.82725,23.82725,3908,23.87500
ADP-200010,19980114,23.95200,24.07675,23.76488,24.07675,20441,24.12500
ADP-200010,19980115,24.07675,24.07675,24.01438,24.01438,1303,24.06250
ADP-200010,19980116,24.26388,24.26388,23.95200,23.95200,9419,24.00000
ADP-200010,19980120,23.95200,23.95200,23.76488,23.76488,2105,23.81250
ADP-200010,19980121,23.88963,23.88963,23.45300,23.82725,11824,23.87500
ADP-200010,19980122,23.88963,23.95200,23.45300,23.45300,18337,23.50000
ADP-200010,19980123,23.20351,23.20351,22.70451,22.95401,17836,23.00000
ADP-200010,19980126,22.95401,23.20351,22.95401,22.95401,9920,23.00000
ADP-200010,19980127,22.95401,23.07876,22.70451,22.70451,7916,22.75000
ADP-200010,19980128,22.70451,23.20351,22.70451,22.82926,16033,22.87500
ADP-200010,19980129,22.82926,22.95401,22.76688,22.95401,4009,23.00000
ADP-200010,19980130,22.95401,23.07876,22.95401,23.07876,7916,23.12500
ADP-200010,19980202,23.20351,23.45300,21.76888,21.83125,36073,21.87500
ADP-200010,19980203,21.83125,22.51738,21.20751,22.51738,47495,22.56250
ADP-200010,19980204,22.70451,24.07675,22.70451,23.88963,11423,23.93750
ADP-200010,19980205,23.82725,24.13913,23.51538,23.70250,17135,23.75000
ADP-200010,19980206,23.57775,23.70250,23.57775,23.70250,9720,23.75000
ADP-200010,19980209,23.70250,23.70250,23.26588,23.45300,33167,23.50000
ADP-200010,19980210,23.51538,23.70250,23.45300,23.51538,7115,23.56250
ADP-200010,19980211,23.39063,23.57775,23.32826,23.39063,10822,23.43750
ADP-200010,19980212,23.45300,23.57775,23.20351,23.32826,35972,23.37500
ADP-200010,19980213,23.32826,23.32826,22.70451,23.01638,60522,23.06250
ADP-200010,19980217,23.01638,23.01638,22.57976,22.57976,27656,22.62500
ADP-200010,19980218,22.57976,22.95401,22.39263,22.45500,19139,22.50000
ADP-200010,19980219,22.39263,23.20351,22.39263,22.82926,10522,22.87500
ADP-200010,19980220,22.70451,22.95401,22.20550,22.33025,68437,22.37500
ADP-200010,19980223,22.14313,22.20550,21.70650,21.83125,31363,21.87500
ADP-200010,19980224,21.70650,21.95600,21.58176,21.76888,53407,21.81250
ADP-200010,19980225,21.64413,22.01838,21.64413,22.01838,31263,22.06250
ADP-200010,19980226,22.01838,22.95401,22.01838,22.95401,9419,23.00000
ADP-200010,19980227,22.89163,23.07876,22.89163,22.89163,4510,22.93750
ADP-200010,19980302,22.64213,22.64213,22.20550,22.26788,18337,22.31250
ADP-200010,19980303,22.14313,22.45500,22.14313,22.45500,1303,22.50000
ADP-200010,19980304,22.45500,22.95401,22.45500,22.82926,9920,22.87500
ADP-200010,19980305,22.57976,22.76688,22.01838,22.20550,9520,22.25000
ADP-200010,19980306,22.45500,22.95401,22.33025,22.33025,23948,22.37500
ADP-200010,19980309,22.45500,22.45500,21.95600,21.95600,11323,22.00000
ADP-200010,19980310,21.70650,21.70650,21.58176,21.58176,10822,21.62500
ADP-200010,19980311,21.70650,21.70650,21.39463,21.39463,26854,21.43750
ADP-200010,19980312,21.64413,21.76888,21.02038,21.02038,21143,21.06250
ADP-200010,19980313,21.02038,21.58176,21.02038,21.39463,21944,21.43750
ADP-200010,19980316,21.33226,21.51938,21.08276,21.51938,107215,21.56250
ADP-200010,19980317,21.58176,22.20550,21.58176,22.08075,130562,22.12500
ADP-200010,19980318,22.08075,22.08075,21.89363,21.95600,20542,22.00000
ADP-200010,19980319,21.95600,21.95600,21.64413,21.83125,18337,21.87500
ADP-200010,19980320,21.51938,21.70650,21.51938,21.51938,40582,21.56250
ADP-200010,19980323,21.58176,21.70650,20.89563,20.95801,44389,21.00000
ADP-200010,19980324,20.83326,20.95801,20.20950,20.20950,172846,20.25000
ADP-200010,19980325,20.45900,21.58176,20.45900,21.45701,49199,21.50000
ADP-200010,19980326,21.70650,22.82926,21.70650,22.39263,38277,22.43750
ADP-200010,19980327,22.64213,22.89163,22.64213,22.82926,16834,22.87500
ADP-200010,19980330,22.76688,23.07876,22.76688,22.95401,26453,23.00000
ADP-200010,19980331,23.01638,23.76488,22.95401,23.26588,40982,23.31250
ADP-200010,19980401,23.51538,24.38863,23.51538,24.32626,20842,24.37500
ADP-200010,19980402,24.07675,24.20150,23.57775,24.01438,4710,24.06250
ADP-200010,19980403,23.76488,23.88963,23.14113,23.32826,12626,23.37500
ADP-200010,19980406,22.82926,22.82926,22.20550,22.51738,24850,22.56250
ADP-200010,19980407,22.45500,22.51738,22.39263,22.51738,5712,22.56250
ADP-200010,19980408,22.33025,22.70451,22.26788,22.45500,30061,22.50000
ADP-200010,19980409,22.33025,22.70451,22.33025,22.57976,1904,22.62500
ADP-200010,19980413,22.64213,22.76688,22.45500,22.57976,24049,22.62500
ADP-200010,19980414,22.89163,23.45300,22.76688,23.39063,38578,23.43750
ADP-200010,19980415,23.14113,23.32826,22.95401,22.95401,2906,23.00000
ADP-200010,19980416,22.82926,22.95401,22.70451,22.70451,36073,22.75000
ADP-200010,19980417,22.70451,22.70451,22.57976,22.70451,31463,22.75000
ADP-200010,19980420,22.45500,22.95401,22.45500,22.76688,42986,22.81250
ADP-200010,19980421,22.70451,23.32826,22.70451,23.32826,17936,23.37500
ADP-200010,19980422,23.32826,23.95200,23.26588,23.95200,14930,24.00000
ADP-200010,19980423,23.70250,24.70051,23.70250,23.88963,14229,23.93750
ADP-200010,19980424,23.70250,23.82725,23.07876,23.07876,11223,23.12500
ADP-200010,19980427,22.89163,22.89163,22.20550,22.26788,5311,22.31250
ADP-200010,19980428,22.51738,22.82926,22.45500,22.45500,3708,22.50000
ADP-200010,19980429,22.45500,22.95401,22.45500,22.89163,26854,22.93750
ADP-200010,19980430,23.01638,23.14113,22.82926,22.89163,31363,22.93750
ADP-200010,19980501,22.95401,23.01638,22.45500,22.70451,19540,22.75000
ADP-200010,19980504,22.70451,22.70451,22.45500,22.45500,18838,22.50000
ADP-200010,19980505,22.45500,22.82926,22.20550,22.45500,9920,22.50000
ADP-200010,19980506,22.70451,22.70451,22.26788,22.45500,29059,22.50000
ADP-200010,19980507,22.70451,22.70451,22.33025,22.39263,7816,22.43750
ADP-200010,19980508,22.26788,22.70451,22.20550,22.20550,10522,22.25000
ADP-200010,19980511,22.20550,22.20550,21.95600,22.20550,11323,22.25000
ADP-200010,19980512,22.20550,22.45500,22.20550,22.45500,10321,22.50000
ADP-200010,19980513,22.33025,22.57976,22.01838,22.33025,10722,22.37500
ADP-200010,19980514,22.14313,22.39263,22.14313,22.33025,2205,22.37500
ADP-200010,19980515,22.26788,22.26788,22.01838,22.01838,2205,22.06250
ADP-200010,19980518,22.01838,22.08075,22.01838,22.08075,3207,22.12500
ADP-200010,19980519,22.01838,22.26788,22.01838,22.01838,902,22.06250
ADP-200010,19980520,22.82926,22.95401,22.45500,22.45500,30962,22.50000
ADP-200010,19980521,22.20550,22.33025,22.08075,22.08075,3908,22.12500
ADP-200010,19980522,22.08075,22.08075,21.89363,21.89363,3007,21.93750
ADP-200010,19980526,21.83125,21.95600,21.70650,21.95600,83568,22.00000
ADP-200010,19980527,21.70650,21.95600,21.33226,21.39463,7415,21.43750
ADP-200010,19980528,21.26988,21.45701,21.14513,21.14513,8818,21.18750
ADP-200010,19980529,21.14513,21.45701,21.14513,21.45701,5912,21.50000
ADP-200010,19980601,21.45701,21.70650,21.45701,21.58176,5411,21.62500
ADP-200010,19980602,21.58176,22.33025,21.58176,22.14313,42686,22.18750
ADP-200010,19980603,22.08075,22.33025,21.95600,21.95600,27055,22.00000
ADP-200010,19980604,21.95600,22.08075,21.95600,22.08075,1904,22.12500
ADP-200010,19980605,22.33025,22.45500,22.33025,22.45500,9820,22.50000
ADP-200010,19980608,22.57976,22.82926,22.45500,22.45500,11323,22.50000
ADP-200010,19980609,22.45500,22.51738,22.08075,22.08075,9419,22.12500
ADP-200010,19980610,22.20550,22.33025,21.70650,21.70650,6514,21.75000
ADP-200010,19980611,21.70650,21.70650,20.83326,20.89563,18838,20.93750
ADP-200010,19980612,20.89563,21.26988,20.70850,21.20751,11924,21.25000
ADP-200010,19980615,21.08276,21.08276,20.95801,21.02038,5512,21.06250
ADP-200010,19980616,20.95801,20.95801,20.95801,20.95801,3508,21.00000
ADP-200010,19980617,20.95801,21.08276,20.77088,20.89563,21043,20.93750
ADP-200010,19980618,21.08276,21.08276,20.70850,20.89563,2806,20.93750
ADP-200010,19980619,20.77088,20.77088,20.20950,20.20950,22345,20.25000
ADP-200010,19980622,20.45900,20.95801,20.20950,20.45900,18337,20.50000
ADP-200010,19980623,20.45900,20.52138,20.02238,20.20950,45692,20.25000
ADP-200010,19980624,20.20950,20.39663,20.20950,20.33425,24449,20.37500
ADP-200010,19980625,20.45900,20.95801,20.33425,20.58375,16834,20.62500
ADP-200010,19980626,20.33425,20.95801,20.33425,20.70850,8618,20.75000
ADP-200010,19980629,20.70850,20.86444,20.70850,20.83326,14329,20.87500
ADP-200010,19980630,21.33226,21.58176,21.08276,21.14513,24650,21.18750
ADP-200010,19980701,21.08276,21.76888,21.08276,21.70650,46994,21.75000
ADP-200010,19980702,21.70650,21.70650,21.51938,21.51938,8017,21.56250
ADP-200010,19980706,21.70650,21.70650,21.70650,21.70650,13928,21.75000
ADP-200010,19980707,21.58176,21.83125,21.58176,21.83125,12526,21.87500
ADP-200010,19980708,21.89363,22.14313,21.89363,22.14313,20842,22.18750
ADP-200010,19980709,22.26788,22.82926,22.26788,22.64213,27455,22.68750
ADP-200010,19980710,22.64213,22.64213,22.14313,22.33025,16033,22.37500
ADP-200010,19980713,22.08075,22.08075,21.83125,22.08075,10522,22.12500
ADP-200010,19980714,21.83125,22.08075,21.83125,21.83125,6313,21.87500
ADP-200010,19980715,21.83125,22.82926,21.83125,22.20550,24650,22.25000
ADP-200010,19980716,22.33025,22.39263,21.89363,21.89363,8317,21.93750
ADP-200010,19980717,21.76888,21.83125,21.58176,21.83125,7916,21.87500
ADP-200010,19980720,21.58176,21.58176,21.45701,21.45701,8918,21.50000
ADP-200010,19980721,21.20751,21.20751,20.70850,20.95801,33367,21.00000
ADP-200010,19980722,20.95801,20.95801,20.77088,20.77088,11023,20.81250
ADP-200010,19980723,20.77088,20.95801,18.46300,18.58775,77155,18.62500
ADP-200010,19980724,18.46300,18.77488,18.46300,18.65013,11223,18.68750
ADP-200010,19980727,18.89963,18.89963,18.33825,18.58775,19239,18.62500
ADP-200010,19980728,18.33825,18.52538,17.96401,18.33825,23347,18.37500
ADP-200010,19980729,18.33825,18.40063,18.33825,18.40063,5411,18.43750
ADP-200010,19980730,18.15113,18.40063,18.08876,18.08876,7816,18.12500
ADP-200010,19980731,17.83926,17.83926,16.59175,16.65413,35872,16.68750
ADP-200010,19980803,16.40463,16.40463,15.71851,15.96801,22746,16.00000
ADP-200010,19980804,16.09276,16.40463,15.53138,15.53138,23748,15.56250
ADP-200010,19980805,15.78088,15.78088,14.84526,15.03238,21744,15.06250
ADP-200010,19980806,15.09476,15.09476,14.09676,14.22151,41083,14.25000
ADP-200010,19980807,14.22151,14.34625,14.15913,14.34625,70141,14.37500
ADP-200010,19980810,14.34625,14.34625,12.97400,13.47300,25752,13.50000
ADP-200010,19980811,13.41063,13.66013,12.97400,13.34826,18638,13.37500
ADP-200010,19980812,13.72250,13.97201,13.53538,13.53538,22646,13.56250
ADP-200010,19980813,13.53538,13.53538,13.28588,13.28588,17435,13.31250
ADP-200010,19980814,13.41063,13.41063,13.09876,13.22351,32265,13.25000
ADP-200010,19980817,12.97400,13.09876,12.84925,12.91163,19239,12.93750
ADP-200010,19980818,13.03638,13.03638,12.35026,12.47501,46493,12.50000
ADP-200010,19980819,12.22551,12.22551,11.97600,12.10075,14830,12.12500
ADP-200010,19980820,12.22551,12.22551,11.85125,11.85125,16433,11.87500
ADP-200010,19980821,11.91363,11.97600,11.35226,11.78888,38978,11.81250
ADP-200010,19980824,11.91363,11.91363,11.22750,11.22750,61724,11.25000
ADP-200010,19980825,11.16513,11.22750,10.47901,10.91563,44590,10.93750
ADP-200010,19980826,10.97800,11.04038,10.72851,10.91563,20441,10.93750
ADP-200010,19980827,10.91563,10.91563,10.29188,10.66613,12425,10.68750
ADP-200010,19980828,10.72851,10.85325,10.10475,10.16713,46093,10.18750
ADP-200010,19980831,10.29188,10.41663,9.10675,9.10675,134670,9.12500
ADP-200010,19980901,9.23150,9.23150,8.35825,9.04438,64029,9.06250
ADP-200010,19980902,9.04438,9.91763,9.04438,9.48100,53608,9.50000
ADP-200010,19980903,9.29388,9.29388,8.73251,9.04438,28357,9.06250
ADP-200010,19980904,9.10675,9.41863,9.10675,9.35625,33668,9.37500
ADP-200010,19980908,9.60576,10.10475,9.48100,9.98000,76754,10.00000
ADP-200010,19980909,9.60576,9.98000,9.48100,9.48100,40181,9.50000
ADP-200010,19980910,9.23150,9.23150,8.85726,8.98201,29960,9.00000
ADP-200010,19980911,9.10675,9.79288,9.10675,9.79288,33367,9.81250
ADP-200010,19980914,9.91763,10.10475,9.91763,10.04238,38177,10.06250
ADP-200010,19980915,10.22950,10.22950,9.60576,9.85526,15632,9.87500
ADP-200010,19980916,9.73051,10.22950,9.60576,9.98000,26554,10.00000
ADP-200010,19980917,9.73051,9.85526,9.48100,9.54338,28658,9.56250
ADP-200010,19980918,9.66813,9.66813,9.10675,9.23150,19139,9.25000
ADP-200010,19980921,9.23150,9.48100,8.85726,9.48100,20942,9.50000
ADP-200010,19980922,9.73051,9.79288,8.48300,8.85726,470441,8.87500
ADP-200010,19980923,8.98201,9.41863,8.98201,9.41863,8117,9.43750
ADP-200010,19980924,9.41863,9.41863,8.60775,8.60775,31063,8.62500
ADP-200010,19980925,8.60775,8.67013,7.48501,7.60975,68838,7.62500
ADP-200010,19980928,7.60975,7.60975,6.36225,6.42463,111223,6.43750
ADP-200010,19980929,6.29988,6.67413,6.17513,6.23751,87776,6.25000
ADP-200010,19980930,6.23751,6.29988,6.17513,6.23751,29560,6.25000
ADP-200010,19981001,6.36225,6.98601,6.23751,6.92363,28558,6.93750
ADP-200010,19981002,7.17313,8.23350,6.98601,7.42263,62626,7.43750
ADP-200010,19981005,7.60975,7.73450,7.36025,7.48501,37375,7.50000
ADP-200010,19981006,7.98401,8.23350,7.36025,7.48501,16433,7.50000
ADP-200010,19981007,7.48501,7.48501,6.98601,6.98601,22846,7.00000
ADP-200010,19981008,7.11076,7.11076,6.48700,6.54938,36774,6.56250
ADP-200010,19981009,6.48700,6.48700,6.36225,6.42463,38477,6.43750
ADP-200010,19981012,6.67413,6.86125,6.61176,6.79888,33267,6.81250
ADP-200010,19981013,6.98601,7.11076,6.48700,6.54938,30461,6.56250
ADP-200010,19981014,6.61176,6.86125,6.48700,6.54938,18738,6.56250
ADP-200010,19981015,6.61176,6.79888,6.48700,6.67413,8117,6.68750
ADP-200010,19981016,6.67413,6.98601,6.36225,6.98601,32165,7.00000
ADP-200010,19981019,7.11076,7.98401,7.11076,7.48501,27055,7.50000
ADP-200010,19981020,7.73450,8.17113,7.73450,7.85926,13227,7.87500
ADP-200010,19981021,7.67213,7.92163,7.48501,7.92163,10822,7.93750
ADP-200010,19981022,8.04638,8.04638,7.67213,7.92163,23047,7.93750
ADP-200010,19981023,7.98401,8.23350,7.73450,7.98401,13127,8.00000
ADP-200010,19981026,7.98401,8.10876,7.73450,7.85926,27155,7.87500
ADP-200010,19981027,7.98401,7.98401,7.73450,7.85926,18137,7.87500
ADP-200010,19981028,7.85926,7.92163,7.79688,7.85926,13728,7.87500
ADP-200010,19981029,7.73450,7.98401,7.73450,7.79688,21043,7.81250
ADP-200010,19981030,7.98401,8.85726,7.98401,8.35825,28858,8.37500
ADP-200010,19981102,8.48300,8.85726,8.04638,8.60775,44990,8.62500
ADP-200010,19981103,8.60775,8.60775,8.23350,8.29588,24249,8.31250
ADP-200010,19981104,8.42063,8.42063,8.17113,8.35825,19940,8.37500
ADP-200010,19981105,8.35825,8.60775,8.35825,8.60775,11323,8.62500
ADP-200010,19981106,8.73251,8.73251,7.98401,7.98401,28157,8.00000
ADP-200010,19981109,8.17113,8.17113,7.54738,7.54738,15932,7.56250
ADP-200010,19981110,7.48501,7.60975,7.48501,7.48501,9920,7.50000
ADP-200010,19981111,7.60975,7.98401,7.60975,7.73450,7816,7.75000
ADP-200010,19981112,7.67213,7.92163,7.54738,7.54738,10722,7.56250
ADP-200010,19981113,7.48501,7.54738,7.42263,7.54738,25752,7.56250
ADP-200010,19981116,7.67213,7.79688,7.48501,7.48501,7916,7.50000
ADP-200010,19981117,7.48501,7.48501,6.86125,6.98601,32966,7.00000
ADP-200010,19981118,6.98601,6.98601,6.48700,6.73650,36273,6.75000
ADP-200010,19981119,6.73650,7.11076,6.73650,6.92363,17536,6.93750
ADP-200010,19981120,6.92363,6.98601,6.73650,6.86125,16934,6.87500
ADP-200010,19981123,6.98601,7.04838,6.79888,7.04838,27255,7.06250
ADP-200010,19981124,7.04838,7.36025,6.61176,6.61176,64530,6.62500
ADP-200010,19981125,6.61176,6.86125,6.48700,6.86125,48798,6.87500
ADP-200010,19981127,6.98601,7.23550,6.86125,7.17313,10522,7.18750
ADP-200010,19981130,7.17313,7.36025,7.04838,7.36025,37576,7.37500
ADP-200010,19981201,7.11076,7.54738,7.04838,7.23550,17035,7.25000
ADP-200010,19981202,7.29788,7.29788,6.92363,6.98601,21343,7.00000
ADP-200010,19981203,6.98601,7.04838,6.73650,6.73650,9720,6.75000
ADP-200010,19981204,6.73650,6.73650,6.48700,6.48700,17335,6.50000
ADP-200010,19981207,6.42463,6.48700,6.42463,6.42463,38177,6.43750
ADP-200010,19981208,6.48700,6.98601,6.36225,6.67413,45892,6.68750
ADP-200010,19981209,6.79888,7.11076,6.73650,7.11076,35271,7.12500
ADP-200010,19981210,7.23550,7.23550,6.98601,7.11076,19039,7.12500
ADP-200010,19981211,7.23550,7.42263,6.98601,6.98601,34269,7.00000
ADP-200010,19981214,6.98601,6.98601,6.48700,6.48700,19640,6.50000
ADP-200010,19981215,6.61176,6.61176,6.42463,6.48700,9720,6.50000
ADP-200010,19981216,6.36225,6.36225,6.17513,6.36225,22445,6.37500
ADP-200010,19981217,6.23751,6.29988,6.11276,6.29988,10121,6.31250
ADP-200010,19981218,6.36225,6.42463,6.17513,6.36225,16934,6.37500
ADP-200010,19981221,6.48700,6.48700,6.17513,6.29988,31564,6.31250
ADP-200010,19981222,6.42463,6.42463,5.86325,5.98800,65131,6.00000
ADP-200010,19981223,6.05038,6.17513,5.86325,5.98800,33067,6.00000
ADP-200010,19981224,5.98800,6.23751,5.98800,6.23751,29459,6.25000
ADP-200010,19981228,6.23751,6.42463,6.11276,6.36225,68037,6.37500
ADP-200010,19981229,6.36225,6.36225,6.11276,6.23751,70041,6.25000
ADP-200010,19981230,6.36225,6.48700,6.23751,6.36225,6714,6.37500
ADP-200010,19981231,6.36225,6.36225,6.11276,6.29988,28457,6.31250
ADP-200010,19990104,6.54938,7.48501,6.42463,7.04838,125051,7.06250
ADP-200010,19990105,7.29788,7.42263,7.11076,7.17313,22045,7.18750
ADP-200010,19990106,7.17313,7.48501,7.11076,7.42263,8718,7.43750
ADP-200010,19990107,7.42263,7.42263,7.17313,7.17313,16534,7.18750
ADP-200010,19990108,7.29788,7.42263,6.92363,6.92363,37275,6.93750
ADP-200010,19990111,6.92363,6.98601,6.61176,6.86125,35872,6.87500
ADP-200010,19990112,6.86125,6.86125,6.42463,6.42463,15632,6.43750
ADP-200010,19990113,6.36225,6.36225,6.11276,6.23751,34570,6.25000
ADP-200010,19990114,6.36225,6.54938,6.29988,6.29988,12125,6.31250
ADP-200010,19990115,6.17513,6.67413,6.05038,6.67413,19439,6.68750
ADP-200010,19990119,6.86125,6.98601,6.73650,6.73650,18838,6.75000
ADP-200010,19990120,6.98601,6.98601,6.61176,6.73650,18437,6.75000
ADP-200010,19990121,6.73650,6.73650,6.61176,6.67413,1504,6.68750
ADP-200010,19990122,6.48700,7.23550,6.48700,7.23550,14229,7.25000
ADP-200010,19990125,7.23550,7.23550,6.73650,6.92363,34970,6.93750
ADP-200010,19990126,6.98601,7.04838,6.79888,6.79888,15532,6.81250
ADP-200010,19990127,6.92363,7.17313,6.61176,6.61176,13127,6.62500
ADP-200010,19990128,6.73650,6.79888,6.23751,6.48700,22846,6.50000
ADP-200010,19990129,6.36225,6.48700,6.23751,6.48700,6814,6.50000
ADP-200010,19990201,6.48700,6.54938,6.23751,6.36225,11023,6.37500
ADP-200010,19990202,6.48700,6.48700,6.17513,6.23751,19139,6.25000
ADP-200010,19990203,6.17513,6.42463,6.17513,6.42463,5612,6.43750
ADP-200010,19990204,6.42463,6.42463,6.23751,6.23751,11023,6.25000
ADP-200010,19990205,6.23751,6.61176,5.98800,6.29988,41784,6.31250
ADP-200010,19990208,6.17513,6.36225,6.11276,6.11276,11724,6.12500
ADP-200010,19990209,6.36225,6.36225,6.17513,6.17513,18237,6.18750
ADP-200010,19990210,6.11276,6.29988,6.05038,6.29988,30361,6.31250
ADP-200010,19990211,6.42463,6.48700,6.23751,6.23751,14630,6.25000
ADP-200010,19990212,6.11276,6.23751,5.67613,5.86325,43187,5.87500
ADP-200010,19990216,5.80088,5.80088,5.05238,5.36426,52005,5.37500
ADP-200010,19990217,5.42663,5.42663,5.11475,5.17713,23447,5.18750
ADP-200010,19990218,5.23951,5.36426,5.05238,5.36426,21544,5.37500
ADP-200010,19990219,5.42663,5.48900,5.17713,5.36426,18237,5.37500
ADP-200010,19990222,5.30188,5.36426,4.86526,5.11475,27656,5.12500
ADP-200010,19990223,5.11475,5.23951,5.05238,5.05238,4009,5.06250
ADP-200010,19990224,5.23951,5.30188,5.11475,5.23951,16834,5.25000
ADP-200010,19990225,5.17713,5.17713,4.86526,4.86526,16133,4.87500
ADP-200010,19990226,4.99000,4.99000,4.55338,4.92763,57315,4.93750
ADP-200010,19990301,4.99000,5.05238,4.99000,5.05238,27956,5.06250
ADP-200010,19990302,5.05238,5.05238,4.99000,5.05238,10321,5.06250
ADP-200010,19990303,4.99000,5.11475,4.99000,4.99000,7215,5.00000
ADP-200010,19990304,5.05238,5.05238,4.67813,4.74050,21944,4.75000
ADP-200010,19990305,4.86526,5.11475,4.74050,4.74050,16433,4.75000
ADP-200010,19990308,4.86526,4.86526,4.61575,4.80288,29760,4.81250
ADP-200010,19990309,4.80288,4.86526,4.55338,4.55338,30662,4.56250
ADP-200010,19990310,4.49101,4.61575,4.42863,4.42863,148898,4.43750
ADP-200010,19990311,4.30388,4.30388,3.61775,3.68013,78658,3.68750
ADP-200010,19990312,3.55538,3.86725,3.11876,3.61775,204009,3.62500
ADP-200010,19990315,4.05438,4.24150,3.92963,3.92963,83267,3.93750
ADP-200010,19990316,3.92963,3.99201,3.61775,3.74251,64029,3.75000
ADP-200010,19990317,3.49301,3.74251,3.43063,3.74251,28357,3.75000
ADP-200010,19990318,3.74251,3.74251,3.55538,3.61775,17836,3.62500
ADP-200010,19990319,3.68013,3.74251,3.49301,3.55538,189880,3.56250
ADP-200010,19990322,3.68013,3.68013,3.55538,3.61775,235171,3.62500
ADP-200010,19990323,3.61775,3.68013,3.49301,3.49301,45391,3.50000
ADP-200010,19990324,3.55538,3.61775,2.93163,2.93163,714229,2.93750
ADP-200010,19990325,3.11876,3.11876,2.99400,2.99400,111223,3.00000
ADP-200010,19990326,3.11876,3.11876,2.93163,3.05638,348898,3.06250
ADP-200010,19990329,3.18113,3.30588,3.11876,3.18113,214730,3.18750
ADP-200010,19990330,3.24350,3.61775,3.05638,3.18113,132666,3.18750
ADP-200010,19990331,3.24350,3.30588,2.99400,2.99400,87976,3.00000
ADP-200010,19990401,2.74450,3.11876,2.49500,2.99400,836574,3.00000
ADP-200010,19990405,3.11876,3.24350,2.68213,2.68213,351904,2.68750
ADP-200010,19990406,2.68213,2.99400,2.68213,2.80688,49099,2.81250
ADP-200010,19990407,2.99400,3.18113,2.86926,2.93163,382666,2.93750
ADP-200010,19990408,3.05638,3.11876,3.05638,3.11876,55411,3.12500
ADP-200010,19990409,3.11876,3.11876,2.99400,3.05638,59920,3.06250
ADP-200010,19990412,2.99400,2.99400,2.93163,2.93163,55912,2.93750
ADP-200010,19990413,2.99400,2.99400,2.74450,2.74450,19940,2.75000
ADP-200010,19990414,2.86926,3.36825,2.74450,3.11876,243087,3.12500
ADP-200010,19990415,3.30588,5.11475,3.30588,4.61575,294489,4.62500
ADP-200010,19990416,5.05238,5.36426,4.55338,4.86526,221143,4.87500
ADP-200010,19990419,4.99000,5.17713,4.61575,4.67813,138578,4.68750
ADP-200010,19990420,4.80288,4.99000,4.55338,4.55338,50802,4.56250
ADP-200010,19990421,4.55338,4.99000,4.55338,4.99000,37375,5.00000
ADP-200010,19990422,4.99000,5.17713,4.74050,4.99000,49399,5.00000
ADP-200010,19990423,4.99000,5.11475,4.67813,4.67813,47395,4.68750
ADP-200010,19990426,4.80288,5.11475,4.55338,4.55338,47696,4.56250
ADP-200010,19990427,4.49101,4.49101,3.99201,3.99201,116734,4.00000
ADP-200010,19990428,4.05438,4.42863,4.05438,4.30388,70842,4.31250
ADP-200010,19990429,4.55338,5.36426,4.49101,5.05238,90982,5.06250
ADP-200010,19990430,5.11475,5.86325,5.11475,5.48900,138778,5.50000
ADP-200010,19990503,5.61375,5.73851,5.36426,5.73851,39580,5.75000
ADP-200010,19990504,5.73851,5.73851,5.23951,5.23951,52405,5.25000
ADP-200010,19990505,5.42663,5.42663,5.23951,5.42663,42586,5.43750
ADP-200010,19990506,5.42663,5.42663,5.11475,5.17713,40982,5.18750
ADP-200010,19990507,5.17713,5.17713,4.61575,4.80288,124850,4.81250
ADP-200010,19990510,4.92763,4.99000,4.74050,4.74050,26153,4.75000
ADP-200010,19990511,4.86526,4.86526,4.49101,4.61575,46994,4.62500
ADP-200010,19990512,4.55338,4.55338,4.24150,4.30388,47596,4.31250
ADP-200010,19990513,4.49101,4.49101,4.30388,4.30388,31163,4.31250
ADP-200010,19990514,4.30388,4.49101,4.30388,4.36626,33367,4.37500
ADP-200010,19990517,4.42863,4.86526,4.42863,4.86526,83968,4.87500
ADP-200010,19990518,4.74050,5.42663,4.74050,5.42663,99199,5.43750
ADP-200010,19990519,5.48900,5.61375,5.11475,5.30188,71644,5.31250
ADP-200010,19990520,5.48900,5.48900,4.74050,5.11475,146393,5.12500
ADP-200010,19990521,5.23951,5.36426,5.17713,5.23951,85572,5.25000
ADP-200010,19990524,5.42663,5.48900,5.23951,5.36426,72345,5.37500
ADP-200010,19990525,5.30188,5.30188,5.11475,5.23951,9520,5.25000
ADP-200010,19990526,5.17713,5.23951,4.99000,5.11475,12025,5.12500
ADP-200010,19990527,5.05238,5.11475,4.99000,5.05238,16333,5.06250
ADP-200010,19990528,4.99000,5.17713,4.80288,5.17713,13227,5.18750
ADP-200010,19990601,5.17713,5.17713,4.86526,4.99000,20642,5.00000
ADP-200010,19990602,4.99000,4.99000,4.42863,4.67813,62425,4.68750
ADP-200010,19990603,4.61575,4.61575,4.42863,4.49101,36473,4.50000
ADP-200010,19990604,4.49101,4.86526,4.49101,4.67813,23347,4.68750
ADP-200010,19990607,4.61575,4.86526,4.61575,4.80288,8618,4.81250
ADP-200010,19990608,4.74050,4.74050,4.49101,4.49101,15832,4.50000
ADP-200010,19990609,4.61575,4.61575,4.49101,4.49101,29960,4.50000
ADP-200010,19990610,4.49101,4.49101,4.24150,4.24150,46193,4.25000
ADP-200010,19990611,4.17913,4.30388,4.05438,4.05438,38578,4.06250
ADP-200010,19990614,4.17913,4.17913,3.80488,3.80488,44089,3.81250
ADP-200010,19990615,3.68013,3.68013,3.30588,3.30588,146193,3.31250
ADP-200010,19990616,3.43063,3.61775,3.36825,3.43063,60722,3.43750
ADP-200010,19990617,3.49301,3.61775,3.43063,3.49301,42786,3.50000
ADP-200010,19990618,3.55538,3.61775,3.49301,3.49301,75852,3.50000
ADP-200010,19990621,3.61775,3.92963,3.49301,3.61775,49299,3.62500
ADP-200010,19990622,3.55538,3.68013,3.43063,3.49301,34169,3.50000
ADP-200010,19990623,3.43063,3.55538,3.36825,3.36825,37375,3.37500
ADP-200010,19990624,3.49301,3.49301,3.05638,3.24350,74950,3.25000
ADP-200010,19990625,3.24350,3.30588,2.99400,3.30588,69039,3.31250
ADP-200010,19990628,3.43063,3.49301,2.99400,3.11876,30161,3.12500
ADP-200010,19990629,3.11876,3.24350,2.99400,3.24350,35572,3.25000
ADP-200010,19990630,3.24350,3.30588,2.86926,2.99400,254510,3.00000
ADP-200010,19990701,3.11876,3.24350,3.05638,3.11876,55311,3.12500
ADP-200010,19990702,3.24350,3.24350,3.11876,3.11876,18838,3.12500
ADP-200010,19990706,3.30588,3.61775,3.30588,3.36825,69740,3.37500
ADP-200010,19990707,3.49301,3.49301,3.18113,3.18113,74349,3.18750
ADP-200010,19990708,3.30588,3.36825,3.05638,3.11876,38678,3.12500
ADP-200010,19990709,2.99400,3.55538,2.99400,3.43063,156714,3.43750
ADP-200010,19990712,3.55538,3.74251,3.49301,3.68013,112726,3.68750
ADP-200010,19990713,3.92963,4.36626,3.92963,4.24150,158918,4.25000
ADP-200010,19990714,4.49101,4.92763,4.49101,4.86526,248397,4.87500
ADP-200010,19990715,5.11475,5.23951,4.74050,4.74050,394489,4.75000
ADP-200010,19990716,4.74050,4.92763,3.74251,4.92763,277455,4.93750
ADP-200010,19990719,4.99000,5.48900,4.99000,5.48900,218237,5.50000
ADP-200010,19990720,5.48900,5.61375,5.11475,5.17713,117636,5.18750
ADP-200010,19990721,5.17713,5.42663,5.11475,5.36426,46393,5.37500
ADP-200010,19990722,5.30188,5.30188,4.99000,5.11475,33868,5.12500
ADP-200010,19990723,5.23951,5.23951,4.74050,4.74050,37776,4.75000
ADP-200010,19990726,4.74050,4.86526,4.55338,4.74050,35171,4.75000
ADP-200010,19990727,4.74050,5.05238,4.74050,4.99000,45692,5.00000
ADP-200010,19990728,5.05238,5.23951,5.05238,5.23951,37576,5.25000
ADP-200010,19990729,5.23951,5.23951,4.99000,5.11475,73548,5.12500
ADP-200010,19990730,5.23951,5.36426,5.11475,5.23951,87576,5.25000
ADP-200010,19990802,5.23951,5.36426,5.23951,5.23951,48898,5.25000
ADP-200010,19990803,5.11475,5.23951,4.99000,5.17713,63327,5.18750
ADP-200010,19990804,5.11475,5.36426,5.11475,5.36426,32265,5.37500
ADP-200010,19990805,5.36426,5.36426,5.17713,5.17713,32465,5.18750
ADP-200010,19990806,4.99000,5.11475,4.99000,4.99000,46493,5.00000
ADP-200010,19990809,5.11475,5.11475,4.74050,4.86526,52105,4.87500
ADP-200010,19990810,4.99000,4.99000,4.80288,4.80288,19640,4.81250
ADP-200010,19990811,4.99000,5.05238,4.86526,4.99000,19540,5.00000
ADP-200010,19990812,4.93750,5.00000,4.87500,4.87500,43100,4.87500
ADP-200010,19990813,4.93750,5.00000,4.75000,4.81250,54500,4.81250
ADP-200010,19990816,4.87500,5.06250,4.87500,4.93750,18100,4.93750
ADP-200010,19990817,5.00000,5.12500,4.87500,4.87500,28300,4.87500
ADP-200010,19990818,4.87500,5.00000,4.87500,4.87500,11600,4.87500
ADP-200010,19990819,5.00000,5.00000,4.75000,4.75000,25800,4.75000
ADP-200010,19990820,4.68750,5.00000,4.68750,4.75000,23400,4.75000
ADP-200010,19990823,4.93750,5.00000,4.93750,5.00000,36400,5.00000
ADP-200010,19990824,4.87500,5.00000,4.87500,4.93750,40600,4.93750
ADP-200010,19990825,4.87500,4.87500,4.75000,4.87500,12700,4.87500
ADP-200010,19990826,4.87500,4.87500,4.75000,4.81250,19400,4.81250
ADP-200010,19990827,4.75000,4.93750,4.68750,4.87500,16400,4.87500
ADP-200010,19990830,4.93750,4.93750,4.75000,4.75000,32900,4.75000
ADP-200010,19990831,4.75000,4.93750,4.62500,4.62500,15000,4.62500
ADP-200010,19990901,4.56250,4.62500,4.43750,4.43750,38300,4.43750
ADP-200010,19990902,4.50000,4.50000,4.43750,4.43750,11000,4.43750
ADP-200010,19990903,4.43750,4.68750,4.43750,4.56250,12100,4.56250
ADP-200010,19990907,4.50000,4.75000,4.43750,4.62500,36800,4.62500
ADP-200010,19990908,4.62500,4.62500,4.31250,4.31250,36800,4.31250
ADP-200010,19990909,4.25000,4.25000,4.06250,4.12500,16600,4.12500
ADP-200010,19990910,4.06250,4.25000,4.00000,4.18750,13800,4.18750
ADP-200010,19990913,4.18750,4.37500,4.18750,4.37500,15100,4.37500
ADP-200010,19990914,4.18750,4.18750,3.75000,3.75000,157300,3.75000
ADP-200010,19990915,4.00000,4.00000,3.93750,4.00000,44100,4.00000
ADP-200010,19990916,4.00000,4.12500,3.87500,4.00000,29400,4.00000
ADP-200010,19990917,4.00000,4.18750,4.00000,4.18750,26000,4.18750
ADP-200010,19990920,4.12500,4.25000,4.12500,4.25000,7900,4.25000
ADP-200010,19990921,4.25000,4.25000,4.18750,4.25000,17300,4.25000
ADP-200010,19990922,4.25000,4.43750,4.25000,4.43750,16500,4.43750
ADP-200010,19990923,4.31250,4.31250,4.00000,4.18750,19300,4.18750
ADP-200010,19990924,4.06250,4.37500,4.06250,4.31250,31200,4.31250
ADP-200010,19990927,4.25000,4.56250,4.25000,4.56250,24500,4.56250
ADP-200010,19990928,4.43750,4.56250,4.43750,4.56250,33700,4.56250
ADP-200010,19990929,4.56250,4.87500,4.50000,4.68750,76800,4.68750
ADP-200010,19990930,4.81250,4.81250,3.87500,4.00000,121500,4.00000
ADP-200010,19991001,4.25000,4.37500,4.00000,4.31250,27700,4.31250
ADP-200010,19991004,4.37500,4.37500,4.12500,4.25000,11100,4.25000
ADP-200010,19991005,4.12500,4.25000,4.00000,4.06250,143600,4.06250
ADP-200010,19991006,3.81250,4.00000,3.68750,3.87500,82000,3.87500
ADP-200010,19991007,3.87500,3.93750,3.62500,3.87500,27800,3.87500
ADP-200010,19991008,3.87500,3.93750,3.87500,3.93750,3000,3.93750
ADP-200010,19991011,3.87500,3.93750,3.68750,3.81250,31400,3.81250
ADP-200010,19991012,3.81250,3.93750,3.81250,3.81250,28600,3.81250
ADP-200010,19991013,3.93750,3.93750,3.81250,3.81250,3900,3.81250
ADP-200010,19991014,3.75000,3.75000,3.37500,3.62500,56800,3.62500
ADP-200010,19991015,3.75000,3.75000,3.56250,3.68750,185300,3.68750
ADP-200010,19991018,3.62500,3.68750,3.56250,3.56250,44800,3.56250
ADP-200010,19991019,3.62500,3.68750,3.62500,3.62500,27400,3.62500
ADP-200010,19991020,3.62500,3.87500,3.56250,3.56250,67600,3.56250
ADP-200010,19991021,3.56250,3.75000,3.56250,3.68750,13100,3.68750
ADP-200010,19991022,3.75000,3.93750,3.75000,3.87500,84800,3.87500
ADP-200010,19991025,4.00000,4.25000,4.00000,4.25000,23800,4.25000
ADP-200010,19991026,4.31250,4.81250,4.31250,4.81250,119400,4.81250
ADP-200010,19991027,4.81250,4.87500,4.56250,4.68750,73600,4.68750
ADP-200010,19991028,4.75000,4.87500,4.50000,4.62500,25400,4.62500
ADP-200010,19991029,4.75000,4.75000,4.37500,4.56250,22000,4.56250
ADP-200010,19991101,4.50000,4.56250,4.37500,4.50000,32500,4.50000
ADP-200010,19991102,4.50000,4.56250,4.50000,4.56250,17500,4.56250
ADP-200010,19991103,4.43750,4.75000,4.43750,4.62500,40400,4.62500
ADP-200010,19991104,4.56250,4.68750,4.43750,4.56250,46100,4.56250
ADP-200010,19991105,4.43750,4.43750,4.18750,4.25000,43900,4.25000
ADP-200010,19991108,4.25000,4.25000,3.81250,4.00000,40500,4.00000
ADP-200010,19991109,4.12500,4.12500,3.75000,3.75000,107200,3.75000
ADP-200010,19991110,3.81250,3.87500,3.75000,3.81250,61700,3.81250
ADP-200010,19991111,3.75000,4.06250,3.75000,4.00000,40400,4.00000
ADP-200010,19991112,4.00000,4.18750,4.00000,4.06250,58300,4.06250
ADP-200010,19991115,4.25000,4.50000,4.18750,4.43750,32500,4.43750
ADP-200010,19991116,4.31250,4.37500,4.00000,4.18750,30100,4.18750
ADP-200010,19991117,3.93750,4.00000,3.93750,3.93750,38700,3.93750
ADP-200010,19991118,4.00000,4.00000,3.93750,3.93750,26700,3.93750
ADP-200010,19991119,3.93750,3.93750,3.81250,3.93750,29800,3.93750
ADP-200010,19991122,3.81250,3.93750,3.75000,3.81250,9400,3.81250
ADP-200010,19991123,3.81250,3.93750,3.75000,3.81250,24400,3.81250
ADP-200010,19991124,3.93750,3.93750,3.75000,3.87500,9400,3.87500
ADP-200010,19991126,3.81250,3.93750,3.81250,3.93750,5100,3.93750
ADP-200010,19991129,4.06250,4.06250,3.87500,3.87500,14800,3.87500
ADP-200010,19991130,3.87500,3.87500,3.62500,3.62500,38500,3.62500
ADP-200010,19991201,3.62500,3.62500,3.43750,3.62500,31000,3.62500
ADP-200010,19991202,3.43750,3.62500,3.43750,3.50000,46600,3.50000
ADP-200010,19991203,3.62500,3.62500,3.43750,3.56250,28900,3.56250
ADP-200010,19991206,3.56250,3.56250,3.43750,3.43750,22300,3.43750
ADP-200010,19991207,3.50000,3.50000,3.31250,3.37500,42600,3.37500
ADP-200010,19991208,3.37500,3.50000,3.37500,3.37500,26400,3.37500
ADP-200010,19991209,3.37500,3.37500,3.25000,3.31250,27700,3.31250
ADP-200010,19991210,3.31250,3.50000,3.31250,3.31250,48200,3.31250
ADP-200010,19991213,3.37500,3.37500,3.25000,3.31250,54800,3.31250
ADP-200010,19991214,3.31250,3.37500,3.25000,3.25000,19400,3.25000
ADP-200010,19991215,3.25000,3.37500,3.25000,3.31250,25500,3.31250
ADP-200010,19991216,3.31250,3.43750,3.25000,3.31250,21200,3.31250
ADP-200010,19991217,3.31250,3.31250,3.25000,3.31250,57300,3.31250
ADP-200010,19991220,3.25000,3.31250,3.18750,3.18750,80300,3.18750
ADP-200010,19991221,3.18750,3.25000,3.18750,3.25000,29600,3.25000
ADP-200010,19991222,3.31250,3.37500,3.25000,3.31250,47600,3.31250
ADP-200010,19991223,3.37500,3.68750,3.37500,3.62500,46600,3.62500
ADP-200010,19991227,3.62500,3.81250,3.50000,3.81250,20800,3.81250
ADP-200010,19991228,3.81250,3.81250,3.50000,3.62500,25700,3.62500
ADP-200010,19991229,3.56250,3.75000,3.37500,3.62500,74400,3.62500
ADP-200010,19991230,3.50000,3.87500,3.37500,3.56250,215900,3.56250
ADP-200010,19991231,3.50000,3.62500,3.43750,3.56250,56300,3.56250
ADP-200010,20000103,3.68750,3.75000,3.62500,3.62500,10200,3.62500
ADP-200010,20000104,3.50000,3.75000,3.50000,3.62500,15600,3.62500
ADP-200010,20000105,3.62500,3.62500,3.43750,3.43750,25500,3.43750
ADP-200010,20000106,3.56250,3.56250,3.43750,3.43750,8500,3.43750
ADP-200010,20000107,3.56250,3.62500,3.50000,3.50000,21200,3.50000
ADP-200010,20000110,3.56250,3.56250,3.37500,3.37500,32700,3.37500
ADP-200010,20000111,3.50000,3.75000,3.50000,3.68750,58100,3.68750
ADP-200010,20000112,3.75000,4.00000,3.75000,3.93750,27700,3.93750
ADP-200010,20000113,3.93750,4.12500,3.75000,3.87500,114800,3.87500
ADP-200010,20000114,3.87500,4.18750,3.81250,3.93750,32100,3.93750
ADP-200010,20000118,4.06250,4.12500,4.00000,4.12500,31800,4.12500
ADP-200010,20000119,4.18750,4.18750,4.00000,4.00000,22200,4.00000
ADP-200010,20000120,4.12500,4.12500,3.93750,3.93750,17400,3.93750
ADP-200010,20000121,3.81250,3.87500,3.50000,3.62500,62900,3.62500
ADP-200010,20000124,3.62500,3.62500,3.50000,3.56250,15400,3.56250
ADP-200010,20000125,3.56250,3.62500,3.50000,3.50000,33200,3.50000
ADP-200010,20000126,3.50000,3.75000,3.50000,3.75000,8900,3.75000
ADP-200010,20000127,3.87500,3.87500,3.62500,3.75000,15300,3.75000
ADP-200010,20000128,3.62500,3.75000,3.62500,3.75000,14800,3.75000
ADP-200010,20000131,3.68750,3.75000,3.62500,3.68750,8100,3.68750
ADP-200010,20000201,3.87500,3.87500,3.75000,3.81250,13900,3.81250
ADP-200010,20000202,3.75000,3.81250,3.68750,3.81250,7900,3.81250
ADP-200010,20000203,3.68750,3.87500,3.68750,3.75000,9600,3.75000
ADP-200010,20000204,3.87500,3.87500,3.62500,3.62500,14100,3.62500
ADP-200010,20000207,3.68750,3.75000,3.62500,3.62500,22600,3.62500
ADP-200010,20000208,3.62500,3.68750,3.62500,3.62500,11700,3.62500
ADP-200010,20000209,3.62500,3.81250,3.62500,3.81250,32800,3.81250
ADP-200010,20000210,3.68750,3.75000,3.56250,3.62500,32600,3.62500
ADP-200010,20000211,3.62500,3.62500,3.50000,3.56250,29400,3.56250
ADP-200010,20000214,3.68750,3.75000,3.56250,3.75000,28400,3.75000
ADP-200010,20000215,3.62500,3.81250,3.62500,3.68750,11000,3.68750
ADP-200010,20000216,3.81250,3.81250,3.68750,3.75000,15400,3.75000
ADP-200010,20000217,3.68750,3.75000,3.62500,3.75000,27700,3.75000
ADP-200010,20000218,3.75000,3.75000,3.68750,3.68750,9100,3.68750
ADP-200010,20000222,3.75000,3.87500,3.68750,3.75000,40300,3.75000
ADP-200010,20000223,3.68750,3.75000,3.56250,3.56250,14400,3.56250
ADP-200010,20000224,3.68750,3.68750,3.50000,3.50000,29900,3.50000
ADP-200010,20000225,3.43750,3.62500,3.43750,3.50000,19700,3.50000
ADP-200010,20000228,3.50000,3.50000,3.25000,3.25000,23900,3.25000
ADP-200010,20000229,3.25000,3.43750,3.25000,3.31250,27500,3.31250
ADP-200010,20000301,3.31250,3.43750,3.31250,3.31250,17900,3.31250
ADP-200010,20000302,3.31250,3.43750,3.31250,3.37500,7100,3.37500
ADP-200010,20000303,3.43750,3.43750,3.25000,3.31250,11600,3.31250
ADP-200010,20000306,3.25000,3.31250,3.25000,3.31250,9300,3.31250
ADP-200010,20000307,3.37500,3.37500,3.25000,3.25000,24500,3.25000
ADP-200010,20000308,3.37500,3.37500,3.12500,3.25000,34800,3.25000
ADP-200010,20000309,3.18750,3.31250,3.18750,3.25000,28000,3.25000
ADP-200010,20000310,3.12500,3.18750,3.12500,3.18750,19800,3.18750
ADP-200010,20000313,3.06250,3.25000,3.06250,3.06250,17200,3.06250
ADP-200010,20000314,3.12500,3.12500,3.06250,3.06250,21600,3.06250
ADP-200010,20000315,3.12500,3.12500,3.06250,3.06250,26900,3.06250
ADP-200010,20000316,3.12500,3.25000,3.06250,3.18750,27000,3.18750
ADP-200010,20000317,3.31250,3.31250,3.06250,3.06250,64700,3.06250
ADP-200010,20000320,3.18750,3.18750,3.00000,3.00000,46200,3.00000
ADP-200010,20000321,3.00000,3.06250,2.87500,3.00000,61100,3.00000
ADP-200010,20000322,3.00000,3.12500,3.00000,3.00000,14700,3.00000
ADP-200010,20000323,3.00000,3.37500,3.00000,3.37500,21800,3.37500
ADP-200010,20000324,3.50000,3.50000,3.25000,3.25000,24500,3.25000
ADP-200010,20000327,3.25000,3.25000,3.25000,3.25000,5400,3.25000
ADP-200010,20000328,3.37500,3.37500,3.25000,3.37500,8200,3.37500
ADP-200010,20000329,3.31250,3.50000,3.31250,3.37500,79000,3.37500
ADP-200010,20000330,3.37500,3.37500,3.25000,3.25000,32200,3.25000
ADP-200010,20000331,3.37500,3.37500,3.00000,3.00000,19200,3.00000
ADP-200010,20000403,3.00000,3.00000,2.62500,2.68750,59000,2.68750
ADP-200010,20000404,2.62500,2.62500,2.43750,2.50000,33300,2.50000
ADP-200010,20000405,2.50000,2.68750,2.50000,2.56250,47000,2.56250
ADP-200010,20000406,2.81250,2.81250,2.68750,2.68750,7000,2.68750
ADP-200010,20000407,2.62500,2.62500,2.50000,2.50000,63100,2.50000
ADP-200010,20000410,2.75000,2.75000,2.43750,2.50000,34100,2.50000
ADP-200010,20000411,2.50000,2.50000,2.43750,2.50000,26300,2.50000
ADP-200010,20000412,2.50000,2.50000,2.43750,2.50000,52800,2.50000
ADP-200010,20000413,2.56250,2.56250,2.43750,2.50000,73000,2.50000
ADP-200010,20000414,2.50000,2.50000,2.25000,2.25000,47000,2.25000
ADP-200010,20000417,2.25000,2.25000,2.06250,2.18750,53800,2.18750
ADP-200010,20000418,2.18750,2.18750,1.68750,2.00000,99500,2.00000
ADP-200010,20000419,1.93750,2.18750,1.87500,2.06250,80400,2.06250
ADP-200010,20000420,2.18750,2.18750,2.06250,2.06250,8700,2.06250
ADP-200010,20000424,2.00000,2.06250,1.93750,1.93750,8300,1.93750
ADP-200010,20000425,1.93750,2.12500,1.93750,1.93750,10800,1.93750
ADP-200010,20000426,2.00000,2.00000,1.87500,1.87500,17300,1.87500
ADP-200010,20000427,1.81250,1.81250,1.75000,1.81250,19400,1.81250
ADP-200010,20000428,1.81250,1.81250,1.62500,1.62500,56200,1.62500
ADP-200010,20000501,1.75000,1.75000,1.62500,1.68750,19400,1.68750
ADP-200010,20000502,1.75000,1.75000,1.62500,1.75000,14200,1.75000
ADP-200010,20000503,1.62500,1.75000,1.50000,1.56250,13900,1.56250
ADP-200010,20000504,1.56250,1.62500,1.50000,1.50000,16200,1.50000
ADP-200010,20000505,1.56250,1.62500,1.56250,1.56250,19800,1.56250
ADP-200010,20000508,1.62500,1.87500,1.56250,1.75000,38900,1.75000
ADP-200010,20000509,1.62500,1.81250,1.62500,1.75000,22200,1.75000
ADP-200010,20000510,1.87500,1.87500,1.68750,1.68750,3900,1.68750
ADP-200010,20000511,1.81250,1.87500,1.75000,1.81250,8500,1.81250
ADP-200010,20000512,1.87500,1.93750,1.75000,1.75000,13400,1.75000
ADP-200010,20000515,1.75000,1.75000,1.62500,1.62500,38500,1.62500
ADP-200010,20000516,1.75000,1.75000,1.75000,1.75000,14000,1.75000
ADP-200010,20000517,1.68750,1.68750,1.62500,1.68750,5600,1.68750
ADP-200010,20000518,1.75000,1.75000,1.56250,1.62500,32400,1.62500
ADP-200010,20000519,1.62500,1.62500,1.56250,1.56250,11800,1.56250
ADP-200010,20000522,1.62500,1.62500,1.56250,1.56250,3800,1.56250
ADP-200010,20000523,1.62500,1.62500,1.37500,1.50000,78500,1.50000
ADP-200010,20000524,1.50000,1.50000,1.37500,1.43750,11200,1.43750
ADP-200010,20000525,1.43750,1.43750,1.37500,1.43750,4400,1.43750
ADP-200010,20000526,1.37500,1.37500,1.12500,1.25000,36600,1.25000
ADP-200010,20000530,1.37500,1.37500,1.31250,1.31250,15000,1.31250
ADP-200010,20000531,1.31250,1.37500,1.31250,1.37500,27600,1.37500
ADP-200010,20000601,1.31250,1.37500,1.31250,1.31250,3100,1.31250
ADP-200010,20000602,1.43750,1.43750,1.31250,1.37500,26200,1.37500
ADP-200010,20000605,1.43750,1.43750,1.37500,1.43750,32400,1.43750
ADP-200010,20000606,1.50000,1.50000,1.37500,1.43750,18500,1.43750
ADP-200010,20000607,1.43750,1.43750,1.37500,1.37500,15400,1.37500
ADP-200010,20000608,1.43750,1.43750,1.31250,1.37500,10200,1.37500
ADP-200010,20000609,1.37500,1.37500,1.37500,1.37500,3000,1.37500
ADP-200010,20000612,1.37500,1.43750,1.37500,1.37500,10000,1.37500
ADP-200010,20000613,1.37500,1.43750,1.37500,1.43750,3900,1.43750
ADP-200010,20000614,1.50000,1.62500,1.37500,1.62500,26100,1.62500
ADP-200010,20000615,1.56250,1.56250,1.50000,1.50000,4600,1.50000
ADP-200010,20000616,1.56250,1.56250,1.50000,1.50000,12700,1.50000
ADP-200010,20000619,1.56250,1.56250,1.43750,1.50000,8800,1.50000
ADP-200010,20000620,1.50000,1.50000,1.50000,1.50000,3000,1.50000
ADP-200010,20000621,1.56250,1.56250,1.37500,1.50000,11300,1.50000
ADP-200010,20000622,1.56250,1.56250,1.37500,1.43750,22800,1.43750
ADP-200010,20000623,1.50000,1.56250,1.43750,1.56250,12300,1.56250
ADP-200010,20000626,1.56250,1.56250,1.43750,1.43750,14200,1.43750
ADP-200010,20000627,1.43750,1.43750,1.43750,1.43750,2400,1.43750
ADP-200010,20000628,1.43750,1.43750,1.37500,1.43750,5600,1.43750
ADP-200010,20000629,1.50000,1.50000,1.37500,1.50000,7500,1.50000
ADP-200010,20000630,1.56250,1.56250,1.50000,1.56250,22500,1.56250
ADP-200010,20000703,1.56250,1.56250,1.43750,1.43750,11200,1.43750
ADP-200010,20000705,1.50000,1.50000,1.43750,1.43750,5900,1.43750
ADP-200010,20000706,1.50000,1.62500,1.43750,1.43750,6000,1.43750
ADP-200010,20000707,1.50000,1.56250,1.50000,1.50000,17400,1.50000
ADP-200010,20000710,1.43750,1.50000,1.43750,1.50000,9900,1.50000
ADP-200010,20000711,1.50000,1.50000,1.31250,1.43750,13700,1.43750
ADP-200010,20000712,1.50000,1.50000,1.43750,1.50000,2300,1.50000
ADP-200010,20000713,1.43750,1.50000,1.43750,1.43750,9300,1.43750
ADP-200010,20000714,1.43750,1.50000,1.31250,1.43750,10800,1.43750
ADP-200010,20000717,1.43750,1.43750,1.31250,1.31250,10600,1.31250
ADP-200010,20000718,1.31250,1.31250,1.25000,1.25000,15900,1.25000
ADP-200010,20000719,1.25000,1.50000,1.25000,1.37500,18100,1.37500
ADP-200010,20000720,1.56250,1.56250,1.43750,1.50000,7700,1.50000
ADP-200010,20000721,1.50000,1.50000,1.31250,1.31250,9400,1.31250
ADP-200010,20000724,1.31250,1.43750,1.31250,1.37500,11900,1.37500
ADP-200010,20000725,1.50000,1.50000,1.31250,1.37500,11500,1.37500
ADP-200010,20000726,1.50000,1.50000,1.31250,1.31250,15200,1.31250
ADP-200010,20000727,1.31250,1.43750,1.25000,1.37500,8600,1.37500
ADP-200010,20000728,1.43750,1.50000,1.37500,1.43750,10500,1.43750
ADP-200010,20000731,1.43750,1.43750,1.43750,1.43750,4700,1.43750
ADP-200010,20000801,1.50000,1.50000,1.31250,1.31250,6900,1.31250
ADP-200010,20000802,1.31250,1.50000,1.31250,1.37500,8000,1.37500
ADP-200010,20000803,1.37500,1.37500,1.31250,1.37500,5400,1.37500
ADP-200010,20000804,1.37500,1.50000,1.37500,1.37500,6100,1.37500
ADP-200010,20000807,1.43750,1.50000,1.37500,1.43750,10400,1.43750
ADP-200010,20000808,1.43750,1.50000,1.43750,1.50000,4100,1.50000
ADP-200010,20000809,1.37500,1.50000,1.37500,1.37500,6900,1.37500
ADP-200010,20000810,1.43750,1.43750,1.37500,1.43750,7800,1.43750
ADP-200010,20000811,1.43750,1.50000,1.43750,1.43750,9900,1.43750
ADP-200010,20000814,1.50000,1.50000,1.37500,1.37500,1300,1.37500
ADP-200010,20000815,1.43750,1.50000,1.43750,1.50000,6000,1.50000
ADP-200010,20000816,1.62500,1.75000,1.62500,1.62500,86600,1.62500
ADP-200010,20000817,1.75000,1.93750,1.68750,1.81250,15800,1.81250
ADP-200010,20000818,1.81250,1.81250,1.75000,1.81250,20600,1.81250
ADP-200010,20000821,1.75000,1.87500,1.75000,1.81250,6600,1.81250
ADP-200010,20000822,1.81250,1.87500,1.68750,1.81250,13500,1.81250
ADP-200010,20000823,1.87500,1.87500,1.81250,1.81250,3400,1.81250
ADP-200010,20000824,1.81250,1.81250,1.68750,1.68750,7000,1.68750
ADP-200010,20000825,1.75000,1.75000,1.37500,1.50000,50900,1.50000
ADP-200010,20000828,1.50000,1.62500,1.43750,1.43750,6500,1.43750
ADP-200010,20000829,1.50000,1.62500,1.50000,1.56250,8100,1.56250
ADP-200010,20000830,1.56250,1.62500,1.56250,1.62500,5800,1.62500
ADP-200010,20000831,1.50000,1.62500,1.25000,1.56250,77700,1.56250
ADP-200010,20000901,1.50000,1.56250,1.50000,1.50000,16400,1.50000
ADP-200010,20000905,1.43750,1.43750,1.31250,1.31250,23500,1.31250
ADP-200010,20000906,1.37500,1.37500,1.31250,1.31250,22600,1.31250
ADP-200010,20000907,1.31250,1.37500,1.31250,1.31250,10400,1.31250
ADP-200010,20000908,1.31250,1.31250,1.31250,1.31250,3300,1.31250
ADP-200010,20000911,1.43750,1.43750,1.37500,1.37500,13200,1.37500
ADP-200010,20000912,1.43750,1.43750,1.25000,1.37500,13900,1.37500
ADP-200010,20000913,1.43750,1.43750,1.31250,1.37500,8100,1.37500
ADP-200010,20000914,1.31250,1.31250,1.18750,1.18750,44100,1.18750
ADP-200010,20000915,1.25000,1.25000,1.06250,1.12500,66800,1.12500
ADP-200010,20000918,1.12500,1.18750,1.06250,1.06250,34800,1.06250
ADP-200010,20000919,1.00000,1.00000,0.87500,0.87500,72600,0.87500
ADP-200010,20000920,0.87500,1.00000,0.87500,0.93750,36600,0.93750
ADP-200010,20000921,0.87500,0.93750,0.81250,0.93750,37000,0.93750
ADP-200010,20000922,0.87500,0.93750,0.87500,0.93750,25300,0.93750
ADP-200010,20000925,0.93750,0.93750,0.81250,0.93750,18000,0.93750
ADP-200010,20000926,0.87500,0.87500,0.56250,0.62500,117400,0.62500
ADP-200010,20000927,0.56250,0.62500,0.50000,0.50000,206300,0.50000
ADP-200010,20000928,0.50000,0.50000,0.43750,0.50000,82500,0.50000
ADP-200010,20000929,0.56250,0.56250,0.50000,0.50000,36800,0.50000
ADP-200010,20001002,0.50000,0.56250,0.50000,0.56250,22600,0.56250
