Ticker,Date,Open,High,Low,Close,Volume,Open Interest
BLVD-199403,19860911,18.25000,18.25000,17.75000,17.75000,689700,17.75000
BLVD-199403,19860912,18.12500,18.12500,16.87500,16.87500,32650,16.87500
BLVD-199403,19860915,17.00000,17.25000,16.75000,16.87500,50100,16.87500
BLVD-199403,19860916,17.00000,17.12500,16.87500,17.00000,8900,17.00000
BLVD-199403,19860917,16.75000,17.12500,16.75000,17.12500,15520,17.12500
BLVD-199403,19860918,16.75000,17.12500,16.75000,17.12500,18750,17.12500
BLVD-199403,19860919,17.25000,17.62500,16.87500,17.25000,19340,17.25000
BLVD-199403,19860922,17.50000,17.62500,17.25000,17.50000,12966,17.50000
BLVD-199403,19860923,17.50000,17.50000,17.25000,17.25000,16500,17.25000
BLVD-199403,19860924,17.37500,17.37500,16.87500,16.87500,7200,16.87500
BLVD-199403,19860925,17.00000,17.25000,16.87500,17.00000,7800,17.00000
BLVD-199403,19860926,17.00000,17.12500,16.75000,17.00000,5600,17.00000
BLVD-199403,19860929,17.12500,17.12500,16.87500,16.87500,13176,16.87500
BLVD-199403,19860930,17.12500,17.12500,16.75000,16.75000,1300,16.75000
BLVD-199403,19861001,17.00000,17.12500,16.75000,16.87500,4500,16.87500
BLVD-199403,19861002,16.87500,17.12500,16.87500,17.12500,3800,17.12500
BLVD-199403,19861003,16.75000,16.87500,16.75000,16.87500,16800,16.87500
BLVD-199403,19861006,17.12500,17.12500,16.87500,16.87500,5750,16.87500
BLVD-199403,19861007,16.75000,17.12500,16.75000,17.12500,7300,17.12500
BLVD-199403,19861008,17.00000,17.00000,16.75000,16.75000,16050,16.75000
BLVD-199403,19861009,17.00000,17.00000,16.62500,16.62500,64100,16.62500
BLVD-199403,19861010,17.00000,17.00000,16.62500,16.62500,7300,16.62500
BLVD-199403,19861013,17.00000,17.00000,16.50000,16.50000,7700,16.50000
BLVD-199403,19861014,16.50000,16.75000,16.37500,16.50000,5400,16.50000
BLVD-199403,19861015,16.37500,16.62500,16.37500,16.62500,6970,16.62500
BLVD-199403,19861016,16.37500,16.62500,16.37500,16.62500,12850,16.62500
BLVD-199403,19861017,16.62500,16.62500,16.37500,16.37500,6400,16.37500
BLVD-199403,19861020,16.50000,16.87500,16.50000,16.87500,3900,16.87500
BLVD-199403,19861021,17.00000,17.37500,16.50000,17.00000,6900,17.00000
BLVD-199403,19861022,17.25000,17.25000,16.87500,16.87500,2100,16.87500
BLVD-199403,19861023,16.75000,16.75000,16.75000,16.75000,1800,16.75000
BLVD-199403,19861024,16.75000,17.12500,16.75000,17.12500,9450,17.12500
BLVD-199403,19861027,16.87500,16.87500,16.87500,16.87500,1000,16.87500
BLVD-199403,19861028,16.87500,17.12500,16.87500,17.12500,13776,17.12500
BLVD-199403,19861029,17.12500,17.12500,16.87500,16.87500,1350,16.87500
BLVD-199403,19861030,16.75000,17.12500,16.75000,17.12500,17300,17.12500
BLVD-199403,19861031,17.00000,17.12500,17.00000,17.12500,6626,17.12500
BLVD-199403,19861103,17.12500,17.12500,17.12500,17.12500,1500,17.12500
BLVD-199403,19861104,17.00000,17.25000,17.00000,17.25000,900,17.25000
BLVD-199403,19861105,17.00000,17.25000,17.00000,17.25000,7426,17.25000
BLVD-199403,19861106,17.25000,17.37500,17.00000,17.12500,15100,17.12500
BLVD-199403,19861107,17.62500,17.62500,17.25000,17.25000,15900,17.25000
BLVD-199403,19861110,17.50000,17.50000,17.25000,17.25000,4176,17.25000
BLVD-199403,19861111,17.37500,17.50000,17.37500,17.50000,5360,17.50000
BLVD-199403,19861112,17.62500,17.75000,17.62500,17.75000,3600,17.75000
BLVD-199403,19861113,17.75000,17.87500,17.62500,17.75000,12400,17.75000
BLVD-199403,19861114,17.75000,17.87500,17.50000,17.75000,2900,17.75000
BLVD-199403,19861117,17.75000,17.75000,17.50000,17.50000,2500,17.50000
BLVD-199403,19861118,17.75000,17.75000,17.50000,17.50000,23300,17.50000
BLVD-199403,19861119,17.12500,17.50000,17.12500,17.50000,29500,17.50000
BLVD-199403,19861120,17.37500,17.50000,17.37500,17.50000,1200,17.50000
BLVD-199403,19861121,17.37500,17.50000,17.37500,17.50000,870,17.50000
BLVD-199403,19861124,17.37500,17.87500,17.37500,17.87500,7970,17.87500
BLVD-199403,19861125,17.75000,17.87500,17.62500,17.75000,4500,17.75000
BLVD-199403,19861126,17.87500,17.87500,17.62500,17.62500,6150,17.62500
BLVD-199403,19861128,17.87500,17.87500,17.62500,17.62500,8700,17.62500
BLVD-199403,19861201,17.62500,17.87500,17.62500,17.87500,2400,17.87500
BLVD-199403,19861202,17.75000,17.87500,17.62500,17.75000,6400,17.75000
BLVD-199403,19861203,17.75000,17.87500,17.50000,17.62500,21236,17.62500
BLVD-199403,19861204,17.87500,17.87500,17.50000,17.50000,4500,17.50000
BLVD-199403,19861205,17.75000,17.87500,17.50000,17.75000,10500,17.75000
BLVD-199403,19861208,17.75000,17.87500,17.50000,17.75000,11100,17.75000
BLVD-199403,19861209,17.75000,17.75000,17.62500,17.62500,2700,17.62500
BLVD-199403,19861210,17.62500,17.62500,17.62500,17.62500,300,17.62500
BLVD-199403,19861211,17.50000,17.50000,17.25000,17.25000,2100,17.25000
BLVD-199403,19861212,17.37500,17.50000,17.37500,17.50000,3000,17.50000
BLVD-199403,19861215,17.00000,17.37500,17.00000,17.37500,3550,17.37500
BLVD-199403,19861216,17.25000,17.37500,17.00000,17.25000,3260,17.25000
BLVD-199403,19861217,17.25000,17.25000,17.12500,17.12500,1550,17.12500
BLVD-199403,19861218,17.00000,17.25000,16.75000,17.00000,7400,17.00000
BLVD-199403,19861219,16.75000,17.00000,16.75000,17.00000,4000,17.00000
BLVD-199403,19861222,17.00000,17.00000,17.00000,17.00000,1750,17.00000
BLVD-199403,19861223,17.00000,17.00000,16.75000,16.75000,900,16.75000
BLVD-199403,19861224,16.75000,16.87500,16.62500,16.75000,4906,16.75000
BLVD-199403,19861226,16.50000,16.75000,16.37500,16.62500,3900,16.62500
BLVD-199403,19861229,16.62500,16.62500,16.37500,16.37500,1512,16.37500
BLVD-199403,19861230,16.50000,16.50000,15.75000,15.75000,7900,15.75000
BLVD-199403,19861231,15.62500,16.37500,15.62500,16.37500,44418,16.37500
BLVD-199403,19870102,16.12500,16.37500,16.12500,16.37500,1000,16.37500
BLVD-199403,19870105,16.25000,16.50000,16.00000,16.25000,9700,16.25000
BLVD-199403,19870106,16.00000,16.25000,15.87500,16.00000,9000,16.00000
BLVD-199403,19870107,16.25000,16.25000,16.00000,16.00000,5522,16.00000
BLVD-199403,19870108,16.25000,16.75000,16.25000,16.75000,3626,16.75000
BLVD-199403,19870109,17.50000,18.12500,16.75000,17.62500,17090,17.62500
BLVD-199403,19870112,18.37500,18.37500,18.00000,18.00000,96700,18.00000
BLVD-199403,19870113,18.50000,18.50000,18.12500,18.12500,10450,18.12500
BLVD-199403,19870114,18.25000,18.50000,18.12500,18.37500,12900,18.37500
BLVD-199403,19870115,18.25000,18.37500,18.12500,18.25000,16300,18.25000
BLVD-199403,19870116,18.62500,18.62500,18.37500,18.37500,12100,18.37500
BLVD-199403,19870119,18.62500,18.62500,18.37500,18.37500,3300,18.37500
BLVD-199403,19870120,18.50000,18.62500,18.25000,18.50000,36800,18.50000
BLVD-199403,19870121,18.62500,18.62500,18.25000,18.25000,11400,18.25000
BLVD-199403,19870122,18.50000,18.50000,18.25000,18.25000,18100,18.25000
BLVD-199403,19870123,18.25000,18.50000,18.25000,18.50000,13500,18.50000
BLVD-199403,19870126,18.25000,18.50000,18.12500,18.37500,51500,18.37500
BLVD-199403,19870127,18.25000,18.25000,18.12500,18.12500,1600,18.12500
BLVD-199403,19870128,18.37500,18.37500,18.25000,18.25000,6750,18.25000
BLVD-199403,19870129,18.25000,18.37500,18.25000,18.37500,1266,18.37500
BLVD-199403,19870130,18.37500,18.50000,18.25000,18.37500,12300,18.37500
BLVD-199403,19870202,18.62500,18.62500,18.50000,18.50000,10500,18.50000
BLVD-199403,19870203,19.00000,19.50000,18.50000,19.12500,77820,19.12500
BLVD-199403,19870204,19.25000,19.50000,19.25000,19.50000,1700,19.50000
BLVD-199403,19870205,20.00000,20.00000,19.62500,19.62500,5300,19.62500
BLVD-199403,19870206,20.00000,20.00000,19.62500,19.62500,3268,19.62500
BLVD-199403,19870209,19.75000,19.75000,19.50000,19.50000,21700,19.50000
BLVD-199403,19870210,19.50000,19.62500,19.25000,19.50000,8400,19.50000
BLVD-199403,19870211,19.37500,19.62500,19.37500,19.62500,606,19.62500
BLVD-199403,19870212,19.37500,19.37500,19.37500,19.37500,200,19.37500
BLVD-199403,19870213,19.62500,19.62500,19.37500,19.37500,8200,19.37500
BLVD-199403,19870217,19.50000,19.75000,19.50000,19.75000,1050,19.75000
BLVD-199403,19870218,19.75000,20.00000,19.50000,19.75000,1200,19.75000
BLVD-199403,19870219,19.75000,20.00000,19.62500,19.75000,14470,19.75000
BLVD-199403,19870220,19.62500,19.75000,19.62500,19.75000,11200,19.75000
BLVD-199403,19870223,19.50000,19.75000,19.50000,19.75000,4368,19.75000
BLVD-199403,19870224,19.50000,19.62500,19.50000,19.62500,6350,19.62500
BLVD-199403,19870226,19.62500,19.62500,19.37500,19.37500,800,19.37500
BLVD-199403,19870227,19.50000,19.62500,19.37500,19.50000,3900,19.50000
BLVD-199403,19870302,19.50000,19.62500,19.50000,19.62500,5500,19.62500
BLVD-199403,19870303,19.50000,19.50000,19.25000,19.25000,5000,19.25000
BLVD-199403,19870304,19.25000,19.37500,19.12500,19.25000,4200,19.25000
BLVD-199403,19870305,19.37500,19.37500,18.87500,18.87500,8900,18.87500
BLVD-199403,19870306,18.87500,19.00000,18.87500,19.00000,1900,19.00000
BLVD-199403,19870309,18.87500,19.00000,18.87500,19.00000,2850,19.00000
BLVD-199403,19870310,19.12500,19.25000,19.12500,19.25000,2800,19.25000
BLVD-199403,19870311,18.87500,18.87500,18.87500,18.87500,700,18.87500
BLVD-199403,19870312,18.87500,19.12500,18.87500,19.12500,2500,19.12500
BLVD-199403,19870313,19.12500,19.12500,18.87500,18.87500,4800,18.87500
BLVD-199403,19870316,19.00000,19.00000,19.00000,19.00000,600,19.00000
BLVD-199403,19870317,18.87500,18.87500,18.75000,18.75000,940,18.75000
BLVD-199403,19870318,19.12500,19.12500,18.87500,18.87500,19700,18.87500
BLVD-199403,19870319,19.00000,19.12500,18.75000,18.87500,3500,18.87500
BLVD-199403,19870320,18.75000,19.12500,18.75000,19.12500,2290,19.12500
BLVD-199403,19870323,19.00000,19.12500,18.87500,19.00000,8800,19.00000
BLVD-199403,19870324,18.87500,19.25000,18.87500,19.25000,12700,19.25000
BLVD-199403,19870325,19.00000,19.12500,18.87500,19.00000,13800,19.00000
BLVD-199403,19870326,19.12500,19.25000,19.12500,19.25000,2300,19.25000
BLVD-199403,19870327,19.25000,19.25000,19.00000,19.00000,7100,19.00000
BLVD-199403,19870330,18.87500,19.00000,18.87500,19.00000,11700,19.00000
BLVD-199403,19870331,18.87500,18.87500,18.87500,18.87500,1000,18.87500
BLVD-199403,19870401,18.87500,19.12500,18.87500,19.12500,5300,19.12500
BLVD-199403,19870402,19.12500,19.12500,19.00000,19.00000,300,19.00000
BLVD-199403,19870403,18.87500,19.12500,18.87500,19.12500,2300,19.12500
BLVD-199403,19870406,18.87500,19.12500,18.87500,19.12500,2500,19.12500
BLVD-199403,19870407,19.12500,19.12500,19.00000,19.00000,368,19.00000
BLVD-199403,19870408,19.00000,19.12500,19.00000,19.12500,2200,19.12500
BLVD-199403,19870409,19.25000,19.50000,19.00000,19.25000,8750,19.25000
BLVD-199403,19870410,19.50000,19.50000,19.00000,19.00000,11600,19.00000
BLVD-199403,19870413,19.37500,19.37500,19.00000,19.00000,3000,19.00000
BLVD-199403,19870414,19.00000,19.00000,18.50000,18.50000,10800,18.50000
BLVD-199403,19870415,18.50000,18.50000,18.12500,18.12500,12200,18.12500
BLVD-199403,19870416,18.25000,18.37500,18.00000,18.12500,12600,18.12500
BLVD-199403,19870420,18.25000,18.37500,18.25000,18.37500,4700,18.37500
BLVD-199403,19870421,18.37500,18.37500,18.00000,18.00000,2300,18.00000
BLVD-199403,19870422,18.00000,18.25000,18.00000,18.25000,7200,18.25000
BLVD-199403,19870423,18.12500,18.12500,18.00000,18.00000,4664,18.00000
BLVD-199403,19870424,18.25000,18.25000,18.00000,18.00000,3000,18.00000
BLVD-199403,19870427,17.75000,18.12500,17.75000,18.12500,300,18.12500
BLVD-199403,19870428,17.87500,18.12500,17.62500,18.00000,3500,18.00000
BLVD-199403,19870429,18.25000,18.25000,18.12500,18.12500,2100,18.12500
BLVD-199403,19870430,18.00000,18.50000,18.00000,18.50000,18800,18.50000
BLVD-199403,19870501,18.37500,18.50000,18.37500,18.50000,5400,18.50000
BLVD-199403,19870504,18.50000,18.50000,18.37500,18.37500,8800,18.37500
BLVD-199403,19870505,18.50000,18.75000,18.50000,18.75000,26150,18.75000
BLVD-199403,19870506,18.62500,18.87500,18.62500,18.87500,3626,18.87500
BLVD-199403,19870507,18.87500,18.87500,18.87500,18.87500,1300,18.87500
BLVD-199403,19870508,19.00000,19.00000,18.87500,18.87500,3540,18.87500
BLVD-199403,19870511,18.87500,18.87500,18.87500,18.87500,5600,18.87500
BLVD-199403,19870512,18.87500,18.87500,18.87500,18.87500,200,18.87500
BLVD-199403,19870513,19.00000,19.00000,18.87500,18.87500,2000,18.87500
BLVD-199403,19870515,18.87500,19.12500,18.87500,19.12500,121700,19.12500
BLVD-199403,19870518,18.75000,19.00000,18.50000,18.75000,7820,18.75000
BLVD-199403,19870519,18.75000,18.75000,18.75000,18.75000,1350,18.75000
BLVD-199403,19870521,18.87500,18.87500,18.75000,18.75000,3100,18.75000
BLVD-199403,19870522,18.75000,18.75000,18.62500,18.62500,1400,18.62500
BLVD-199403,19870526,18.75000,18.75000,18.50000,18.50000,4600,18.50000
BLVD-199403,19870527,18.50000,18.50000,18.50000,18.50000,300,18.50000
BLVD-199403,19870528,18.75000,18.87500,18.50000,18.75000,8200,18.75000
BLVD-199403,19870529,18.50000,18.50000,18.50000,18.50000,2800,18.50000
BLVD-199403,19870601,18.50000,18.62500,18.37500,18.50000,16200,18.50000
BLVD-199403,19870602,18.37500,18.50000,18.37500,18.50000,4900,18.50000
BLVD-199403,19870603,18.37500,18.62500,18.37500,18.62500,600,18.62500
BLVD-199403,19870604,18.50000,18.50000,18.25000,18.25000,12800,18.25000
BLVD-199403,19870605,18.62500,18.62500,18.37500,18.37500,18200,18.37500
BLVD-199403,19870609,18.37500,18.50000,18.37500,18.50000,13200,18.50000
BLVD-199403,19870610,18.25000,18.25000,18.25000,18.25000,1000,18.25000
BLVD-199403,19870611,18.50000,18.50000,18.25000,18.25000,3100,18.25000
BLVD-199403,19870612,18.25000,18.50000,18.25000,18.50000,1500,18.50000
BLVD-199403,19870615,18.25000,18.25000,18.25000,18.25000,600,18.25000
BLVD-199403,19870616,18.25000,18.50000,18.25000,18.50000,2500,18.50000
BLVD-199403,19870617,18.25000,18.50000,18.25000,18.50000,700,18.50000
BLVD-199403,19870618,18.25000,18.25000,18.25000,18.25000,700,18.25000
BLVD-199403,19870619,18.50000,18.50000,18.25000,18.25000,3856,18.25000
BLVD-199403,19870622,18.37500,18.37500,18.25000,18.25000,3600,18.25000
BLVD-199403,19870623,18.50000,18.50000,18.12500,18.12500,6246,18.12500
BLVD-199403,19870625,18.25000,18.50000,18.12500,18.25000,3100,18.25000
BLVD-199403,19870626,18.37500,18.37500,18.37500,18.37500,1500,18.37500
BLVD-199403,19870629,18.37500,18.37500,18.12500,18.12500,3704,18.12500
BLVD-199403,19870630,18.12500,18.25000,18.12500,18.25000,3500,18.25000
BLVD-199403,19870701,18.12500,18.25000,18.12500,18.25000,1900,18.25000
BLVD-199403,19870702,17.87500,18.12500,17.87500,18.12500,28750,18.12500
BLVD-199403,19870706,18.12500,18.12500,18.12500,18.12500,600,18.12500
BLVD-199403,19870707,18.12500,18.12500,17.87500,17.87500,33900,17.87500
BLVD-199403,19870708,18.12500,18.12500,17.87500,17.87500,700,17.87500
BLVD-199403,19870709,18.12500,18.12500,17.87500,17.87500,2150,17.87500
BLVD-199403,19870710,18.12500,18.12500,18.00000,18.00000,15750,18.00000
BLVD-199403,19870713,18.25000,18.25000,18.00000,18.00000,4800,18.00000
BLVD-199403,19870714,18.00000,18.12500,18.00000,18.12500,1700,18.12500
BLVD-199403,19870715,17.75000,17.87500,17.75000,17.87500,10450,17.87500
BLVD-199403,19870716,17.87500,18.00000,17.75000,17.87500,8284,17.87500
BLVD-199403,19870717,17.87500,17.87500,17.62500,17.62500,5800,17.62500
BLVD-199403,19870720,17.50000,17.75000,17.50000,17.75000,3550,17.75000
BLVD-199403,19870721,17.37500,17.62500,17.37500,17.62500,4300,17.62500
BLVD-199403,19870722,17.25000,17.25000,17.12500,17.12500,4300,17.12500
BLVD-199403,19870723,17.37500,17.37500,17.37500,17.37500,1200,17.37500
BLVD-199403,19870724,17.00000,17.37500,17.00000,17.37500,2800,17.37500
BLVD-199403,19870727,17.12500,17.50000,17.12500,17.50000,29100,17.50000
BLVD-199403,19870728,17.25000,17.62500,17.25000,17.62500,11800,17.62500
BLVD-199403,19870729,17.25000,17.50000,17.25000,17.50000,9300,17.50000
BLVD-199403,19870730,17.50000,17.50000,17.37500,17.37500,32200,17.37500
BLVD-199403,19870731,17.37500,17.50000,17.37500,17.50000,2600,17.50000
BLVD-199403,19870803,17.50000,17.50000,17.37500,17.37500,7700,17.37500
BLVD-199403,19870804,17.62500,17.62500,17.37500,17.37500,8500,17.37500
BLVD-199403,19870805,17.62500,17.62500,17.37500,17.37500,2326,17.37500
BLVD-199403,19870806,17.62500,17.62500,17.37500,17.37500,25100,17.37500
BLVD-199403,19870807,17.50000,17.62500,17.37500,17.50000,6900,17.50000
BLVD-199403,19870810,17.62500,17.75000,17.62500,17.75000,3750,17.75000
BLVD-199403,19870811,17.37500,17.62500,17.37500,17.62500,2400,17.62500
BLVD-199403,19870812,17.50000,17.75000,17.37500,17.62500,10800,17.62500
BLVD-199403,19870813,17.87500,17.87500,17.75000,17.75000,4600,17.75000
BLVD-199403,19870814,18.00000,18.12500,17.87500,18.00000,10100,18.00000
BLVD-199403,19870817,18.00000,18.25000,18.00000,18.25000,12260,18.25000
BLVD-199403,19870818,18.12500,18.25000,18.12500,18.25000,4500,18.25000
BLVD-199403,19870819,18.25000,18.25000,18.00000,18.00000,8600,18.00000
BLVD-199403,19870820,18.12500,18.25000,18.12500,18.25000,43400,18.25000
BLVD-199403,19870821,18.37500,18.37500,18.25000,18.25000,1700,18.25000
BLVD-199403,19870824,18.00000,18.25000,18.00000,18.25000,3800,18.25000
BLVD-199403,19870825,18.00000,18.25000,17.75000,18.00000,4800,18.00000
BLVD-199403,19870826,17.75000,17.87500,17.75000,17.87500,300,17.87500
BLVD-199403,19870827,17.62500,17.87500,17.62500,17.87500,20440,17.87500
BLVD-199403,19870828,17.12500,18.00000,17.12500,18.00000,24200,18.00000
BLVD-199403,19870831,17.87500,18.00000,17.75000,17.87500,24350,17.87500
BLVD-199403,19870901,17.75000,17.87500,17.75000,17.87500,8300,17.87500
BLVD-199403,19870902,17.75000,17.87500,17.75000,17.87500,10240,17.87500
BLVD-199403,19870903,17.75000,17.75000,17.75000,17.75000,1000,17.75000
BLVD-199403,19870904,17.75000,17.87500,17.75000,17.87500,9200,17.87500
BLVD-199403,19870908,17.62500,17.75000,17.62500,17.75000,14066,17.75000
BLVD-199403,19870909,17.62500,17.75000,17.62500,17.75000,16950,17.75000
BLVD-199403,19870910,17.62500,17.75000,17.62500,17.75000,17900,17.75000
BLVD-199403,19870911,17.87500,17.87500,17.87500,17.87500,2300,17.87500
BLVD-199403,19870914,17.75000,18.12500,17.75000,18.12500,6100,18.12500
BLVD-199403,19870915,17.87500,17.87500,17.87500,17.87500,300,17.87500
BLVD-199403,19870916,17.87500,18.12500,17.87500,18.12500,3376,18.12500
BLVD-199403,19870917,17.87500,17.87500,17.87500,17.87500,1200,17.87500
BLVD-199403,19870918,17.87500,18.12500,17.87500,18.12500,2900,18.12500
BLVD-199403,19870921,17.87500,17.87500,17.87500,17.87500,10400,17.87500
BLVD-199403,19870922,18.12500,18.12500,18.12500,18.12500,1200,18.12500
BLVD-199403,19870923,17.87500,18.12500,17.87500,18.12500,2900,18.12500
BLVD-199403,19870924,18.00000,18.00000,18.00000,18.00000,7500,18.00000
BLVD-199403,19870925,18.12500,18.12500,18.00000,18.00000,21100,18.00000
BLVD-199403,19870929,18.00000,18.00000,17.87500,17.87500,23600,17.87500
BLVD-199403,19870930,17.75000,18.00000,17.62500,17.87500,5800,17.87500
BLVD-199403,19871001,17.87500,17.87500,17.87500,17.87500,100,17.87500
BLVD-199403,19871002,17.62500,17.87500,17.62500,17.87500,1200,17.87500
BLVD-199403,19871005,18.00000,18.00000,17.50000,17.50000,5600,17.50000
BLVD-199403,19871006,17.37500,17.50000,17.37500,17.50000,3150,17.50000
BLVD-199403,19871007,17.25000,17.25000,17.25000,17.25000,900,17.25000
BLVD-199403,19871008,17.12500,17.37500,17.12500,17.37500,800,17.37500
BLVD-199403,19871009,17.37500,17.50000,17.25000,17.37500,3960,17.37500
BLVD-199403,19871013,17.62500,17.62500,17.25000,17.25000,600,17.25000
BLVD-199403,19871014,17.25000,17.25000,17.25000,17.25000,838,17.25000
BLVD-199403,19871016,17.00000,17.12500,16.87500,17.00000,5200,17.00000
BLVD-199403,19871019,16.62500,16.62500,16.00000,16.00000,8900,16.00000
BLVD-199403,19871020,16.00000,16.00000,15.00000,15.00000,6966,15.00000
BLVD-199403,19871021,15.00000,15.25000,14.75000,15.00000,1000,15.00000
BLVD-199403,19871022,14.75000,15.50000,14.75000,15.50000,13116,15.50000
BLVD-199403,19871023,15.00000,15.25000,15.00000,15.25000,2450,15.25000
BLVD-199403,19871026,14.62500,15.00000,14.62500,15.00000,8050,15.00000
BLVD-199403,19871027,14.62500,15.00000,14.25000,14.75000,18994,14.75000
BLVD-199403,19871028,14.62500,14.75000,14.50000,14.62500,10050,14.62500
BLVD-199403,19871029,14.25000,14.25000,13.75000,13.75000,32200,13.75000
BLVD-199403,19871030,14.25000,14.25000,13.75000,13.75000,54100,13.75000
BLVD-199403,19871102,13.75000,14.00000,13.75000,14.00000,3900,14.00000
BLVD-199403,19871103,13.87500,14.00000,13.87500,14.00000,2900,14.00000
BLVD-199403,19871104,13.75000,14.00000,13.62500,13.87500,60100,13.87500
BLVD-199403,19871105,13.75000,14.00000,13.75000,14.00000,5600,14.00000
BLVD-199403,19871106,13.62500,14.00000,13.62500,14.00000,34600,14.00000
BLVD-199403,19871109,14.25000,14.25000,13.75000,13.75000,900,13.75000
BLVD-199403,19871110,14.25000,14.25000,13.75000,13.75000,6544,13.75000
BLVD-199403,19871111,13.62500,13.87500,13.62500,13.87500,7600,13.87500
BLVD-199403,19871112,14.00000,14.00000,13.75000,13.75000,2960,13.75000
BLVD-199403,19871113,13.75000,14.00000,13.50000,13.75000,1700,13.75000
BLVD-199403,19871116,13.50000,13.75000,13.50000,13.75000,4150,13.75000
BLVD-199403,19871117,13.62500,13.87500,13.62500,13.87500,12200,13.87500
BLVD-199403,19871118,13.87500,13.87500,13.62500,13.62500,1400,13.62500
BLVD-199403,19871119,13.50000,13.75000,13.37500,13.50000,7900,13.50000
BLVD-199403,19871120,13.75000,13.75000,13.50000,13.50000,5900,13.50000
BLVD-199403,19871124,13.50000,13.50000,13.37500,13.37500,2200,13.37500
BLVD-199403,19871125,13.50000,13.50000,13.25000,13.25000,2200,13.25000
BLVD-199403,19871127,13.75000,13.75000,13.25000,13.25000,1200,13.25000
BLVD-199403,19871130,13.50000,13.50000,13.25000,13.25000,7900,13.25000
BLVD-199403,19871201,13.37500,13.37500,13.00000,13.00000,7050,13.00000
BLVD-199403,19871202,13.00000,13.25000,13.00000,13.25000,450,13.25000
BLVD-199403,19871203,13.12500,13.12500,13.00000,13.00000,1050,13.00000
BLVD-199403,19871204,12.50000,13.00000,12.50000,13.00000,6200,13.00000
BLVD-199403,19871207,12.25000,12.75000,12.25000,12.75000,10500,12.75000
BLVD-199403,19871208,12.50000,12.75000,12.25000,12.50000,4900,12.50000
BLVD-199403,19871209,12.25000,12.50000,12.00000,12.12500,59500,12.12500
BLVD-199403,19871210,12.00000,12.75000,12.00000,12.75000,11900,12.75000
BLVD-199403,19871211,12.25000,12.75000,12.25000,12.75000,6100,12.75000
BLVD-199403,19871214,13.00000,13.00000,12.75000,12.75000,4400,12.75000
BLVD-199403,19871215,12.87500,13.25000,12.87500,13.25000,11000,13.25000
BLVD-199403,19871216,13.00000,13.25000,13.00000,13.25000,14400,13.25000
BLVD-199403,19871217,13.00000,13.25000,13.00000,13.25000,11400,13.25000
BLVD-199403,19871218,13.50000,14.25000,13.50000,14.25000,31500,14.25000
BLVD-199403,19871221,14.00000,14.50000,14.00000,14.50000,5000,14.50000
BLVD-199403,19871222,14.75000,14.75000,14.50000,14.50000,19400,14.50000
BLVD-199403,19871223,14.75000,14.75000,14.50000,14.50000,17100,14.50000
BLVD-199403,19871224,14.75000,14.75000,14.50000,14.50000,4900,14.50000
BLVD-199403,19871228,14.50000,14.50000,14.50000,14.50000,5600,14.50000
BLVD-199403,19871229,14.50000,14.50000,14.25000,14.25000,13500,14.25000
BLVD-199403,19871230,14.25000,14.50000,14.12500,14.37500,13242,14.37500
BLVD-199403,19871231,14.00000,14.37500,13.50000,14.00000,35000,14.00000
BLVD-199403,19880104,14.25000,15.00000,14.25000,15.00000,27300,15.00000
BLVD-199403,19880105,14.75000,15.25000,14.75000,15.25000,4800,15.25000
BLVD-199403,19880106,15.25000,15.75000,15.25000,15.75000,3400,15.75000
BLVD-199403,19880107,15.75000,16.00000,15.50000,15.75000,11500,15.75000
BLVD-199403,19880108,15.75000,16.00000,15.37500,15.50000,7900,15.50000
BLVD-199403,19880111,15.00000,15.00000,15.00000,15.00000,1500,15.00000
BLVD-199403,19880115,15.25000,15.50000,15.25000,15.50000,2100,15.50000
BLVD-199403,19880118,14.75000,14.75000,14.75000,14.75000,376,14.75000
BLVD-199403,19880119,15.25000,15.75000,15.25000,15.75000,2892,15.75000
BLVD-199403,19880120,15.50000,16.00000,15.50000,16.00000,900,16.00000
BLVD-199403,19880121,15.50000,15.62500,15.50000,15.62500,3300,15.62500
BLVD-199403,19880122,15.50000,15.87500,15.50000,15.87500,1200,15.87500
BLVD-199403,19880125,15.50000,15.50000,15.50000,15.50000,10000,15.50000
BLVD-199403,19880126,15.50000,15.75000,15.50000,15.75000,6000,15.75000
BLVD-199403,19880127,15.50000,15.75000,15.50000,15.75000,3250,15.75000
BLVD-199403,19880128,15.62500,15.75000,15.62500,15.75000,800,15.75000
BLVD-199403,19880129,15.50000,15.75000,15.50000,15.75000,5500,15.75000
BLVD-199403,19880201,16.12500,16.12500,16.12500,16.12500,2200,16.12500
BLVD-199403,19880202,16.00000,16.00000,16.00000,16.00000,500,16.00000
BLVD-199403,19880203,16.50000,16.50000,16.12500,16.12500,2200,16.12500
BLVD-199403,19880204,16.75000,16.75000,16.50000,16.50000,3000,16.50000
BLVD-199403,19880205,16.25000,16.75000,16.25000,16.75000,2800,16.75000
BLVD-199403,19880208,16.75000,16.75000,16.75000,16.75000,1300,16.75000
BLVD-199403,19880209,16.75000,16.75000,16.37500,16.37500,700,16.37500
BLVD-199403,19880210,16.75000,16.75000,16.75000,16.75000,200,16.75000
BLVD-199403,19880211,16.75000,17.12500,16.75000,17.12500,1700,17.12500
BLVD-199403,19880212,17.50000,17.50000,17.12500,17.12500,5092,17.12500
BLVD-199403,19880216,17.12500,17.12500,17.12500,17.12500,200,17.12500
BLVD-199403,19880217,17.25000,17.50000,17.25000,17.50000,8300,17.50000
BLVD-199403,19880218,17.25000,17.75000,17.25000,17.75000,23770,17.75000
BLVD-199403,19880219,17.50000,17.75000,17.25000,17.37500,2200,17.37500
BLVD-199403,19880222,17.75000,17.75000,17.75000,17.75000,500,17.75000
BLVD-199403,19880223,17.50000,17.75000,17.37500,17.50000,1800,17.50000
BLVD-199403,19880224,17.25000,17.50000,17.25000,17.50000,1000,17.50000
BLVD-199403,19880225,17.50000,17.50000,17.50000,17.50000,1300,17.50000
BLVD-199403,19880226,17.25000,17.50000,17.25000,17.50000,700,17.50000
BLVD-199403,19880229,17.25000,17.50000,17.25000,17.50000,1700,17.50000
BLVD-199403,19880301,17.75000,17.75000,17.37500,17.37500,3254,17.37500
BLVD-199403,19880302,17.75000,18.00000,17.37500,17.50000,6800,17.50000
BLVD-199403,19880303,18.00000,18.00000,18.00000,18.00000,600,18.00000
BLVD-199403,19880304,17.87500,18.50000,17.87500,18.50000,18400,18.50000
BLVD-199403,19880307,18.50000,19.25000,18.50000,19.25000,8900,19.25000
BLVD-199403,19880308,18.75000,18.75000,18.75000,18.75000,100,18.75000
BLVD-199403,19880309,19.25000,19.25000,19.25000,19.25000,700,19.25000
BLVD-199403,19880310,19.25000,19.25000,18.75000,18.75000,20800,18.75000
BLVD-199403,19880311,18.75000,19.12500,18.75000,19.12500,6000,19.12500
BLVD-199403,19880314,18.87500,19.25000,18.87500,19.25000,7050,19.25000
BLVD-199403,19880315,19.00000,19.00000,18.87500,18.87500,8100,18.87500
BLVD-199403,19880316,18.87500,19.25000,18.87500,19.25000,12600,19.25000
BLVD-199403,19880317,19.25000,19.25000,19.25000,19.25000,900,19.25000
BLVD-199403,19880318,19.25000,19.25000,19.00000,19.00000,81530,19.00000
BLVD-199403,19880321,18.75000,19.12500,18.75000,19.12500,9750,19.12500
BLVD-199403,19880322,19.00000,19.12500,18.75000,19.00000,7200,19.00000
BLVD-199403,19880323,18.87500,19.12500,18.87500,19.12500,74100,19.12500
BLVD-199403,19880324,19.12500,19.12500,19.00000,19.00000,25550,19.00000
BLVD-199403,19880325,18.87500,19.12500,18.87500,19.12500,12500,19.12500
BLVD-199403,19880328,19.00000,19.00000,18.87500,18.87500,1300,18.87500
BLVD-199403,19880329,19.12500,19.12500,18.87500,18.87500,15610,18.87500
BLVD-199403,19880330,19.12500,19.12500,19.12500,19.12500,3000,19.12500
BLVD-199403,19880331,19.25000,19.50000,19.00000,19.37500,13900,19.37500
BLVD-199403,19880404,19.00000,19.37500,19.00000,19.37500,11800,19.37500
BLVD-199403,19880405,19.37500,19.50000,19.37500,19.50000,3200,19.50000
BLVD-199403,19880406,19.37500,19.62500,19.37500,19.62500,13700,19.62500
BLVD-199403,19880407,20.00000,20.50000,19.62500,20.12500,19200,20.12500
BLVD-199403,19880408,20.25000,20.87500,20.25000,20.87500,12900,20.87500
BLVD-199403,19880411,21.25000,21.87500,20.75000,21.75000,13000,21.75000
BLVD-199403,19880412,21.75000,21.75000,21.25000,21.25000,4100,21.25000
BLVD-199403,19880413,21.00000,21.25000,21.00000,21.25000,5900,21.25000
BLVD-199403,19880414,21.25000,21.50000,21.25000,21.50000,2000,21.50000
BLVD-199403,19880415,21.00000,21.25000,21.00000,21.25000,9800,21.25000
BLVD-199403,19880418,20.75000,21.25000,20.75000,21.25000,19200,21.25000
BLVD-199403,19880419,21.25000,21.25000,21.00000,21.00000,2900,21.00000
BLVD-199403,19880420,21.25000,21.50000,21.00000,21.25000,13648,21.25000
BLVD-199403,19880421,21.25000,21.75000,21.25000,21.75000,8700,21.75000
BLVD-199403,19880422,21.75000,22.25000,21.75000,22.25000,29750,22.25000
BLVD-199403,19880425,23.00000,23.00000,22.50000,22.50000,15700,22.50000
BLVD-199403,19880426,22.37500,22.75000,22.00000,22.50000,6130,22.50000
BLVD-199403,19880427,22.00000,22.25000,22.00000,22.25000,6700,22.25000
BLVD-199403,19880428,22.00000,22.25000,22.00000,22.25000,3400,22.25000
BLVD-199403,19880429,21.87500,22.12500,21.62500,22.00000,7200,22.00000
BLVD-199403,19880502,21.75000,22.00000,21.50000,21.75000,15250,21.75000
BLVD-199403,19880503,21.87500,21.87500,21.75000,21.75000,5000,21.75000
BLVD-199403,19880504,21.75000,21.75000,21.50000,21.50000,10600,21.50000
BLVD-199403,19880505,21.25000,21.25000,21.00000,21.00000,1350,21.00000
BLVD-199403,19880506,21.00000,21.50000,21.00000,21.50000,6800,21.50000
BLVD-199403,19880509,21.00000,21.12500,20.75000,21.00000,15400,21.00000
BLVD-199403,19880510,20.75000,21.00000,20.75000,21.00000,5500,21.00000
BLVD-199403,19880511,20.50000,20.75000,20.50000,20.75000,3300,20.75000
BLVD-199403,19880512,20.75000,20.75000,20.00000,20.00000,14560,20.00000
BLVD-199403,19880513,20.00000,20.25000,20.00000,20.25000,7100,20.25000
BLVD-199403,19880516,20.25000,20.25000,20.00000,20.00000,2800,20.00000
BLVD-199403,19880517,20.25000,20.25000,20.00000,20.00000,9900,20.00000
BLVD-199403,19880518,19.75000,20.25000,19.75000,20.25000,7350,20.25000
BLVD-199403,19880519,19.50000,20.00000,19.50000,20.00000,2000,20.00000
BLVD-199403,19880520,20.12500,20.12500,19.50000,19.50000,500,19.50000
BLVD-199403,19880523,19.87500,19.87500,19.50000,19.50000,2000,19.50000
BLVD-199403,19880524,19.87500,20.00000,19.87500,20.00000,2500,20.00000
BLVD-199403,19880525,20.00000,20.00000,20.00000,20.00000,600,20.00000
BLVD-199403,19880526,20.00000,20.12500,20.00000,20.12500,4160,20.12500
BLVD-199403,19880527,20.25000,20.25000,20.12500,20.12500,4100,20.12500
BLVD-199403,19880601,20.75000,20.75000,20.00000,20.00000,11900,20.00000
BLVD-199403,19880602,20.37500,20.50000,20.37500,20.50000,1500,20.50000
BLVD-199403,19880603,20.00000,20.50000,20.00000,20.50000,800,20.50000
BLVD-199403,19880606,20.37500,20.37500,20.37500,20.37500,4300,20.37500
BLVD-199403,19880607,20.25000,20.25000,20.25000,20.25000,2000,20.25000
BLVD-199403,19880608,20.50000,20.50000,20.25000,20.25000,3950,20.25000
BLVD-199403,19880609,20.00000,20.37500,20.00000,20.37500,850,20.37500
BLVD-199403,19880610,20.37500,20.37500,20.25000,20.25000,8250,20.25000
BLVD-199403,19880613,20.25000,20.37500,20.25000,20.37500,5500,20.37500
BLVD-199403,19880614,20.37500,20.37500,20.12500,20.12500,5300,20.12500
BLVD-199403,19880615,20.37500,20.37500,20.12500,20.12500,300,20.12500
BLVD-199403,19880616,20.37500,20.37500,20.37500,20.37500,400,20.37500
BLVD-199403,19880617,20.37500,20.37500,20.12500,20.12500,1400,20.12500
BLVD-199403,19880620,20.12500,20.37500,20.12500,20.37500,300,20.37500
BLVD-199403,19880621,20.12500,20.12500,20.12500,20.12500,500,20.12500
BLVD-199403,19880622,20.25000,20.25000,20.00000,20.00000,412,20.00000
BLVD-199403,19880624,20.00000,20.25000,20.00000,20.25000,1000,20.25000
BLVD-199403,19880629,20.37500,20.37500,20.00000,20.00000,5300,20.00000
BLVD-199403,19880630,20.25000,20.25000,20.12500,20.12500,20300,20.12500
BLVD-199403,19880701,20.12500,20.37500,20.12500,20.37500,5150,20.37500
BLVD-199403,19880706,20.37500,20.37500,20.25000,20.25000,3730,20.25000
BLVD-199403,19880707,20.37500,20.37500,20.25000,20.25000,900,20.25000
BLVD-199403,19880708,20.25000,20.50000,20.25000,20.50000,1576,20.50000
BLVD-199403,19880711,20.25000,20.25000,20.25000,20.25000,100,20.25000
BLVD-199403,19880712,20.25000,20.50000,20.25000,20.50000,2400,20.50000
BLVD-199403,19880714,20.50000,20.50000,20.50000,20.50000,500,20.50000
BLVD-199403,19880715,20.25000,20.25000,20.25000,20.25000,200,20.25000
BLVD-199403,19880718,20.25000,20.50000,20.25000,20.50000,300,20.50000
BLVD-199403,19880719,20.50000,20.50000,20.25000,20.25000,1100,20.25000
BLVD-199403,19880720,20.62500,20.62500,20.62500,20.62500,200,20.62500
BLVD-199403,19880721,20.50000,20.50000,20.25000,20.25000,6900,20.25000
BLVD-199403,19880722,20.25000,20.25000,20.25000,20.25000,500,20.25000
BLVD-199403,19880725,20.50000,20.50000,20.25000,20.25000,2100,20.25000
BLVD-199403,19880726,20.25000,20.50000,20.25000,20.50000,12646,20.50000
BLVD-199403,19880727,20.12500,20.12500,20.00000,20.00000,3500,20.00000
BLVD-199403,19880728,20.25000,20.25000,20.00000,20.00000,3400,20.00000
BLVD-199403,19880729,20.00000,20.00000,20.00000,20.00000,3300,20.00000
BLVD-199403,19880801,20.12500,20.12500,20.12500,20.12500,600,20.12500
BLVD-199403,19880802,20.00000,20.00000,20.00000,20.00000,300,20.00000
BLVD-199403,19880803,20.25000,20.25000,20.00000,20.00000,300,20.00000
BLVD-199403,19880804,20.00000,20.25000,20.00000,20.25000,2350,20.25000
BLVD-199403,19880805,20.25000,20.25000,20.00000,20.00000,9800,20.00000
BLVD-199403,19880808,20.25000,20.25000,20.00000,20.00000,1000,20.00000
BLVD-199403,19880809,20.00000,20.00000,20.00000,20.00000,1400,20.00000
BLVD-199403,19880810,20.25000,20.25000,20.00000,20.00000,20576,20.00000
BLVD-199403,19880811,20.00000,20.00000,19.75000,19.75000,7600,19.75000
BLVD-199403,19880812,19.87500,19.87500,19.50000,19.50000,5700,19.50000
BLVD-199403,19880815,19.50000,19.50000,19.50000,19.50000,800,19.50000
BLVD-199403,19880816,19.37500,19.37500,19.25000,19.25000,2300,19.25000
BLVD-199403,19880817,19.25000,19.50000,19.00000,19.25000,2400,19.25000
BLVD-199403,19880819,19.12500,19.25000,19.00000,19.12500,6950,19.12500
BLVD-199403,19880823,19.00000,19.25000,19.00000,19.25000,13600,19.25000
BLVD-199403,19880824,19.00000,19.50000,19.00000,19.50000,4200,19.50000
BLVD-199403,19880825,19.00000,19.00000,19.00000,19.00000,200,19.00000
BLVD-199403,19880826,19.50000,19.50000,19.25000,19.25000,2400,19.25000
BLVD-199403,19880829,19.25000,19.25000,19.25000,19.25000,100,19.25000
BLVD-199403,19880830,19.25000,19.25000,19.25000,19.25000,100,19.25000
BLVD-199403,19880831,19.50000,19.50000,19.50000,19.50000,900,19.50000
BLVD-199403,19880901,19.25000,19.50000,19.25000,19.50000,2000,19.50000
BLVD-199403,19880902,19.50000,19.50000,19.50000,19.50000,800,19.50000
BLVD-199403,19880906,19.25000,19.25000,19.25000,19.25000,300,19.25000
BLVD-199403,19880907,19.50000,19.50000,19.37500,19.37500,2610,19.37500
BLVD-199403,19880908,19.50000,19.50000,19.50000,19.50000,100,19.50000
BLVD-199403,19880909,19.25000,19.50000,19.25000,19.50000,1800,19.50000
BLVD-199403,19880912,19.75000,19.75000,19.25000,19.25000,700,19.25000
BLVD-199403,19880913,19.25000,19.62500,19.25000,19.62500,10500,19.62500
BLVD-199403,19880914,19.25000,19.25000,19.25000,19.25000,1700,19.25000
BLVD-199403,19880915,19.25000,19.25000,19.25000,19.25000,1700,19.25000
BLVD-199403,19880916,19.75000,19.75000,19.25000,19.25000,1100,19.25000
BLVD-199403,19880919,19.00000,19.50000,19.00000,19.50000,3000,19.50000
BLVD-199403,19880920,19.00000,19.50000,19.00000,19.50000,1900,19.50000
BLVD-199403,19880921,19.50000,19.50000,19.00000,19.00000,1000,19.00000
BLVD-199403,19880923,19.00000,19.50000,19.00000,19.50000,10600,19.50000
BLVD-199403,19880926,19.50000,19.50000,19.00000,19.00000,660,19.00000
BLVD-199403,19880927,19.00000,19.00000,19.00000,19.00000,3060,19.00000
BLVD-199403,19880929,19.50000,19.50000,19.50000,19.50000,200,19.50000
BLVD-199403,19880930,19.00000,19.50000,19.00000,19.50000,1100,19.50000
BLVD-199403,19881003,19.00000,19.00000,19.00000,19.00000,682,19.00000
BLVD-199403,19881004,19.00000,19.00000,19.00000,19.00000,3720,19.00000
BLVD-199403,19881005,18.75000,19.12500,18.75000,19.12500,300,19.12500
BLVD-199403,19881006,19.00000,19.12500,19.00000,19.12500,3700,19.12500
BLVD-199403,19881007,18.75000,18.75000,18.75000,18.75000,500,18.75000
BLVD-199403,19881010,19.00000,19.12500,18.75000,18.87500,8500,18.87500
BLVD-199403,19881011,19.12500,19.25000,19.12500,19.25000,1000,19.25000
BLVD-199403,19881013,19.25000,19.25000,19.25000,19.25000,200,19.25000
BLVD-199403,19881014,19.25000,19.25000,19.25000,19.25000,100,19.25000
BLVD-199403,19881017,19.00000,19.00000,19.00000,19.00000,1000,19.00000
BLVD-199403,19881018,19.25000,19.25000,19.00000,19.00000,2200,19.00000
BLVD-199403,19881019,19.25000,19.25000,19.25000,19.25000,1200,19.25000
BLVD-199403,19881021,19.00000,19.25000,19.00000,19.25000,1400,19.25000
BLVD-199403,19881024,19.00000,19.25000,19.00000,19.25000,1766,19.25000
BLVD-199403,19881025,19.00000,19.37500,19.00000,19.37500,15400,19.37500
BLVD-199403,19881026,19.00000,19.00000,19.00000,19.00000,270,19.00000
BLVD-199403,19881027,19.37500,19.37500,19.37500,19.37500,2000,19.37500
BLVD-199403,19881031,19.37500,19.37500,19.37500,19.37500,100,19.37500
BLVD-199403,19881101,19.00000,19.12500,19.00000,19.12500,11300,19.12500
BLVD-199403,19881102,19.00000,19.37500,19.00000,19.37500,4200,19.37500
BLVD-199403,19881103,19.25000,19.25000,19.00000,19.00000,4798,19.00000
BLVD-199403,19881104,19.00000,19.25000,19.00000,19.25000,1600,19.25000
BLVD-199403,19881107,19.12500,19.25000,19.12500,19.25000,2100,19.25000
BLVD-199403,19881108,19.00000,19.00000,19.00000,19.00000,500,19.00000
BLVD-199403,19881109,19.25000,19.25000,19.00000,19.00000,300,19.00000
BLVD-199403,19881110,19.12500,19.25000,19.00000,19.12500,2200,19.12500
BLVD-199403,19881111,19.25000,19.25000,19.00000,19.00000,3880,19.00000
BLVD-199403,19881114,19.00000,19.00000,19.00000,19.00000,300,19.00000
BLVD-199403,19881115,19.00000,19.12500,19.00000,19.12500,3306,19.12500
BLVD-199403,19881116,19.12500,19.12500,19.00000,19.00000,11700,19.00000
BLVD-199403,19881117,18.75000,19.12500,18.50000,18.87500,9600,18.87500
BLVD-199403,19881118,18.87500,18.87500,18.62500,18.62500,10800,18.62500
BLVD-199403,19881121,18.62500,18.62500,18.62500,18.62500,1700,18.62500
BLVD-199403,19881122,18.50000,18.75000,18.50000,18.75000,450,18.75000
BLVD-199403,19881125,18.87500,18.87500,18.50000,18.50000,800,18.50000
BLVD-199403,19881129,18.50000,18.87500,18.50000,18.87500,1900,18.87500
BLVD-199403,19881130,18.87500,19.00000,18.87500,19.00000,3700,19.00000
BLVD-199403,19881201,19.00000,19.25000,19.00000,19.25000,1800,19.25000
BLVD-199403,19881202,19.00000,19.00000,19.00000,19.00000,576,19.00000
BLVD-199403,19881205,19.00000,19.00000,19.00000,19.00000,1000,19.00000
BLVD-199403,19881206,19.00000,19.25000,19.00000,19.25000,600,19.25000
BLVD-199403,19881207,19.00000,19.25000,19.00000,19.25000,1390,19.25000
BLVD-199403,19881208,19.25000,19.25000,19.00000,19.00000,1700,19.00000
BLVD-199403,19881209,19.25000,19.25000,19.00000,19.00000,2600,19.00000
BLVD-199403,19881212,19.00000,19.25000,19.00000,19.25000,43000,19.25000
BLVD-199403,19881213,19.50000,19.50000,19.12500,19.12500,4800,19.12500
BLVD-199403,19881214,19.12500,19.12500,19.12500,19.12500,800,19.12500
BLVD-199403,19881215,19.37500,19.37500,19.25000,19.25000,490,19.25000
BLVD-199403,19881216,19.12500,19.12500,19.00000,19.00000,400,19.00000
BLVD-199403,19881219,19.00000,19.25000,19.00000,19.25000,3650,19.25000
BLVD-199403,19881220,19.25000,19.25000,19.00000,19.00000,900,19.00000
BLVD-199403,19881221,19.25000,19.75000,19.25000,19.75000,13476,19.75000
BLVD-199403,19881222,19.87500,20.25000,19.87500,20.25000,3700,20.25000
BLVD-199403,19881223,20.37500,20.50000,20.37500,20.50000,500,20.50000
BLVD-199403,19881227,20.50000,20.50000,20.00000,20.00000,4726,20.00000
BLVD-199403,19881229,20.50000,20.50000,20.50000,20.50000,200,20.50000
BLVD-199403,19881230,20.00000,20.50000,20.00000,20.50000,6700,20.50000
BLVD-199403,19890103,20.12500,20.50000,20.12500,20.50000,3266,20.50000
BLVD-199403,19890104,20.12500,20.12500,20.12500,20.12500,300,20.12500
BLVD-199403,19890105,20.00000,20.00000,20.00000,20.00000,400,20.00000
BLVD-199403,19890106,20.25000,21.00000,20.25000,21.00000,6436,21.00000
BLVD-199403,19890109,21.50000,22.50000,20.50000,22.00000,16200,22.00000
BLVD-199403,19890110,22.62500,23.25000,22.00000,22.62500,22800,22.62500
BLVD-199403,19890111,22.50000,23.50000,22.50000,23.50000,12400,23.50000
BLVD-199403,19890112,23.50000,23.50000,22.75000,22.75000,4936,22.75000
BLVD-199403,19890113,24.00000,24.00000,23.25000,23.25000,10700,23.25000
BLVD-199403,19890116,23.50000,25.00000,23.50000,25.00000,8720,25.00000
BLVD-199403,19890117,25.50000,25.50000,24.50000,24.50000,16100,24.50000
BLVD-199403,19890118,25.25000,25.25000,24.75000,24.75000,1500,24.75000
BLVD-199403,19890119,25.25000,25.25000,25.00000,25.00000,3300,25.00000
BLVD-199403,19890120,25.00000,25.00000,23.75000,23.75000,11300,23.75000
BLVD-199403,19890123,24.00000,24.12500,24.00000,24.12500,700,24.12500
BLVD-199403,19890124,24.00000,24.75000,24.00000,24.75000,4300,24.75000
BLVD-199403,19890125,25.00000,25.00000,25.00000,25.00000,9000,25.00000
BLVD-199403,19890126,25.00000,25.00000,25.00000,25.00000,7200,25.00000
BLVD-199403,19890127,25.00000,25.00000,24.50000,24.50000,8800,24.50000
BLVD-199403,19890130,24.50000,24.75000,24.50000,24.75000,1106,24.75000
BLVD-199403,19890131,24.62500,25.00000,24.62500,25.00000,2100,25.00000
BLVD-199403,19890201,24.75000,25.00000,24.50000,24.75000,7500,24.75000
BLVD-199403,19890202,25.00000,25.00000,24.50000,24.50000,17800,24.50000
BLVD-199403,19890203,24.50000,24.50000,24.50000,24.50000,400,24.50000
BLVD-199403,19890206,24.50000,24.50000,24.50000,24.50000,470,24.50000
BLVD-199403,19890208,23.50000,24.50000,22.50000,23.00000,22810,23.00000
BLVD-199403,19890209,22.50000,23.00000,22.50000,23.00000,1200,23.00000
BLVD-199403,19890210,23.00000,23.00000,23.00000,23.00000,1300,23.00000
BLVD-199403,19890213,23.00000,23.00000,22.50000,22.50000,6180,22.50000
BLVD-199403,19890214,22.50000,23.00000,22.50000,23.00000,2000,23.00000
BLVD-199403,19890216,23.00000,23.00000,23.00000,23.00000,100,23.00000
BLVD-199403,19890217,22.25000,22.25000,22.25000,22.25000,100,22.25000
BLVD-199403,19890221,23.00000,23.00000,23.00000,23.00000,200,23.00000
BLVD-199403,19890222,23.00000,23.00000,22.25000,22.25000,1100,22.25000
BLVD-199403,19890223,22.25000,22.75000,22.25000,22.75000,3900,22.75000
BLVD-199403,19890224,22.25000,22.25000,22.25000,22.25000,500,22.25000
BLVD-199403,19890227,22.25000,22.75000,22.25000,22.75000,3200,22.75000
BLVD-199403,19890228,22.75000,22.75000,22.25000,22.25000,600,22.25000
BLVD-199403,19890301,22.50000,22.75000,22.25000,22.50000,3050,22.50000
BLVD-199403,19890302,22.75000,22.75000,22.25000,22.25000,450,22.25000
BLVD-199403,19890303,22.75000,22.75000,22.25000,22.25000,1000,22.25000
BLVD-199403,19890306,22.25000,22.25000,22.25000,22.25000,2200,22.25000
BLVD-199403,19890307,22.75000,22.75000,22.25000,22.25000,2600,22.25000
BLVD-199403,19890308,22.25000,22.25000,22.25000,22.25000,600,22.25000
BLVD-199403,19890309,22.50000,22.50000,22.50000,22.50000,4600,22.50000
BLVD-199403,19890310,22.75000,22.75000,22.25000,22.25000,600,22.25000
BLVD-199403,19890314,22.75000,22.75000,22.25000,22.25000,3200,22.25000
BLVD-199403,19890315,22.25000,22.50000,22.00000,22.25000,16000,22.25000
BLVD-199403,19890316,22.50000,22.50000,22.25000,22.25000,4800,22.25000
BLVD-199403,19890317,22.50000,22.50000,22.50000,22.50000,100,22.50000
BLVD-199403,19890320,22.50000,22.50000,22.50000,22.50000,900,22.50000
BLVD-199403,19890321,22.50000,22.50000,22.00000,22.00000,950,22.00000
BLVD-199403,19890322,22.37500,22.37500,22.37500,22.37500,750,22.37500
BLVD-199403,19890323,22.37500,22.37500,22.37500,22.37500,400,22.37500
BLVD-199403,19890327,22.50000,22.50000,22.00000,22.00000,3926,22.00000
BLVD-199403,19890328,22.50000,22.50000,22.50000,22.50000,100,22.50000
BLVD-199403,19890329,22.00000,22.75000,22.00000,22.75000,500,22.75000
BLVD-199403,19890330,22.75000,23.00000,22.75000,23.00000,5800,23.00000
BLVD-199403,19890331,23.00000,23.00000,23.00000,23.00000,2900,23.00000
BLVD-199403,19890403,23.00000,23.00000,23.00000,23.00000,500,23.00000
BLVD-199403,19890404,22.87500,23.25000,22.50000,22.75000,1600,22.75000
BLVD-199403,19890406,23.87500,24.75000,23.00000,24.25000,10500,24.25000
BLVD-199403,19890407,24.12500,24.50000,24.12500,24.50000,600,24.50000
BLVD-199403,19890410,24.50000,24.50000,24.50000,24.50000,1000,24.50000
BLVD-199403,19890411,24.00000,24.50000,24.00000,24.50000,1700,24.50000
BLVD-199403,19890412,24.00000,24.50000,24.00000,24.50000,6600,24.50000
BLVD-199403,19890413,24.25000,25.00000,24.25000,25.00000,2300,25.00000
BLVD-199403,19890414,25.00000,25.00000,25.00000,25.00000,100,25.00000
BLVD-199403,19890417,24.25000,25.00000,24.25000,25.00000,736,25.00000
BLVD-199403,19890418,25.00000,25.00000,25.00000,25.00000,300,25.00000
BLVD-199403,19890419,24.50000,24.50000,24.25000,24.25000,3000,24.25000
BLVD-199403,19890421,24.75000,24.75000,24.25000,24.25000,1600,24.25000
BLVD-199403,19890424,24.75000,24.75000,24.25000,24.25000,2700,24.25000
BLVD-199403,19890425,24.25000,24.62500,24.25000,24.62500,10500,24.62500
BLVD-199403,19890426,24.62500,24.62500,24.25000,24.25000,1500,24.25000
BLVD-199403,19890427,24.25000,24.62500,24.25000,24.62500,1750,24.62500
BLVD-199403,19890428,24.25000,24.62500,24.25000,24.62500,400,24.62500
BLVD-199403,19890501,24.75000,24.75000,24.37500,24.37500,9450,24.37500
BLVD-199403,19890502,24.50000,24.75000,24.50000,24.75000,8000,24.75000
BLVD-199403,19890504,24.50000,24.50000,24.50000,24.50000,500,24.50000
BLVD-199403,19890505,24.62500,24.62500,24.50000,24.50000,900,24.50000
BLVD-199403,19890508,24.50000,24.62500,24.50000,24.62500,5476,24.62500
BLVD-199403,19890509,24.50000,24.75000,24.50000,24.75000,3100,24.75000
BLVD-199403,19890510,24.75000,24.75000,24.75000,24.75000,100,24.75000
BLVD-199403,19890511,24.25000,24.25000,24.25000,24.25000,200,24.25000
BLVD-199403,19890512,24.25000,24.75000,24.25000,24.75000,1500,24.75000
BLVD-199403,19890515,24.50000,24.50000,24.25000,24.25000,15200,24.25000
BLVD-199403,19890516,24.25000,24.25000,24.25000,24.25000,1200,24.25000
BLVD-199403,19890517,24.50000,24.50000,24.50000,24.50000,3000,24.50000
BLVD-199403,19890518,24.25000,24.25000,24.25000,24.25000,600,24.25000
BLVD-199403,19890522,24.25000,24.25000,23.75000,23.75000,11900,23.75000
BLVD-199403,19890523,23.75000,24.50000,23.75000,24.50000,800,24.50000
BLVD-199403,19890524,23.75000,23.75000,23.75000,23.75000,1500,23.75000
BLVD-199403,19890525,24.25000,24.25000,24.25000,24.25000,400,24.25000
BLVD-199403,19890526,24.25000,24.25000,23.50000,23.50000,200,23.50000
BLVD-199403,19890530,23.62500,23.62500,23.25000,23.25000,9000,23.25000
BLVD-199403,19890531,23.25000,23.25000,23.25000,23.25000,100,23.25000
BLVD-199403,19890601,23.25000,23.25000,23.25000,23.25000,1000,23.25000
BLVD-199403,19890602,23.75000,23.75000,23.75000,23.75000,400,23.75000
BLVD-199403,19890605,23.25000,23.25000,23.25000,23.25000,726,23.25000
BLVD-199403,19890606,23.25000,23.25000,23.25000,23.25000,1410,23.25000
BLVD-199403,19890608,23.00000,23.00000,23.00000,23.00000,1000,23.00000
BLVD-199403,19890609,23.25000,23.50000,22.87500,23.00000,57100,23.00000
BLVD-199403,19890612,23.00000,23.50000,23.00000,23.50000,1300,23.50000
BLVD-199403,19890613,23.25000,23.25000,23.00000,23.00000,1800,23.00000
BLVD-199403,19890615,23.00000,23.50000,23.00000,23.50000,500,23.50000
BLVD-199403,19890616,23.50000,23.50000,23.50000,23.50000,600,23.50000
BLVD-199403,19890619,23.25000,23.50000,23.25000,23.50000,378,23.50000
BLVD-199403,19890620,23.50000,23.50000,23.00000,23.00000,6700,23.00000
BLVD-199403,19890621,23.25000,23.50000,23.25000,23.50000,2700,23.50000
BLVD-199403,19890622,23.50000,23.50000,23.50000,23.50000,1000,23.50000
BLVD-199403,19890623,23.00000,23.00000,23.00000,23.00000,3000,23.00000
BLVD-199403,19890628,23.50000,23.50000,23.00000,23.00000,8000,23.00000
BLVD-199403,19890629,23.00000,23.00000,23.00000,23.00000,606,23.00000
BLVD-199403,19890703,23.00000,23.00000,23.00000,23.00000,200,23.00000
BLVD-199403,19890707,23.25000,23.50000,23.25000,23.50000,1142,23.50000
BLVD-199403,19890710,23.00000,23.00000,23.00000,23.00000,200,23.00000
BLVD-199403,19890711,23.00000,23.00000,23.00000,23.00000,1510,23.00000
BLVD-199403,19890712,23.50000,23.50000,23.00000,23.00000,1126,23.00000
BLVD-199403,19890713,23.50000,23.50000,23.50000,23.50000,400,23.50000
BLVD-199403,19890714,23.50000,23.50000,23.50000,23.50000,100,23.50000
BLVD-199403,19890717,23.00000,23.00000,23.00000,23.00000,400,23.00000
BLVD-199403,19890718,23.25000,23.25000,23.00000,23.00000,2700,23.00000
BLVD-199403,19890719,23.00000,23.00000,23.00000,23.00000,600,23.00000
BLVD-199403,19890720,23.25000,23.62500,23.25000,23.62500,11400,23.62500
BLVD-199403,19890721,23.25000,23.25000,23.25000,23.25000,700,23.25000
BLVD-199403,19890724,23.25000,23.62500,23.25000,23.62500,850,23.62500
BLVD-199403,19890725,23.50000,23.50000,23.25000,23.25000,11500,23.25000
BLVD-199403,19890726,24.75000,25.50000,23.87500,25.00000,28500,25.00000
BLVD-199403,19890727,25.00000,25.75000,25.00000,25.75000,26500,25.75000
BLVD-199403,19890728,25.50000,25.75000,25.25000,25.62500,3226,25.62500
BLVD-199403,19890731,25.62500,25.75000,25.62500,25.75000,2260,25.75000
BLVD-199403,19890801,25.25000,25.50000,25.00000,25.25000,48300,25.25000
BLVD-199403,19890802,25.00000,25.25000,25.00000,25.25000,6600,25.25000
BLVD-199403,19890803,25.00000,25.50000,25.00000,25.50000,16650,25.50000
BLVD-199403,19890804,25.50000,25.50000,25.00000,25.00000,9900,25.00000
BLVD-199403,19890807,25.00000,25.37500,25.00000,25.37500,1900,25.37500
BLVD-199403,19890808,25.00000,25.50000,25.00000,25.50000,23100,25.50000
BLVD-199403,19890809,25.25000,25.50000,25.12500,25.25000,1400,25.25000
BLVD-199403,19890810,25.25000,25.50000,25.25000,25.50000,3200,25.50000
BLVD-199403,19890811,25.25000,25.75000,25.25000,25.75000,1100,25.75000
BLVD-199403,19890814,25.50000,26.00000,25.50000,26.00000,2400,26.00000
BLVD-199403,19890815,26.00000,26.00000,25.50000,25.50000,6300,25.50000
BLVD-199403,19890816,25.75000,25.75000,25.75000,25.75000,1000,25.75000
BLVD-199403,19890817,25.75000,25.75000,25.25000,25.25000,6000,25.25000
BLVD-199403,19890818,25.00000,25.75000,24.25000,25.00000,30700,25.00000
BLVD-199403,19890821,24.62500,25.00000,24.25000,24.75000,3300,24.75000
BLVD-199403,19890822,24.50000,24.50000,24.00000,24.00000,3300,24.00000
BLVD-199403,19890823,24.50000,24.50000,24.50000,24.50000,500,24.50000
BLVD-199403,19890825,24.25000,24.50000,24.00000,24.25000,7800,24.25000
BLVD-199403,19890829,24.50000,24.50000,24.37500,24.37500,750,24.37500
BLVD-199403,19890830,24.00000,24.75000,24.00000,24.75000,17100,24.75000
BLVD-199403,19890831,24.25000,24.75000,24.25000,24.75000,12400,24.75000
BLVD-199403,19890901,24.50000,24.50000,24.50000,24.50000,5200,24.50000
BLVD-199403,19890905,25.00000,25.00000,24.50000,24.50000,800,24.50000
BLVD-199403,19890906,25.00000,25.00000,24.50000,24.50000,1000,24.50000
BLVD-199403,19890907,24.75000,25.00000,24.50000,24.87500,11200,24.87500
BLVD-199403,19890908,25.00000,25.00000,25.00000,25.00000,500,25.00000
BLVD-199403,19890911,24.62500,25.00000,24.62500,25.00000,3950,25.00000
BLVD-199403,19890912,25.00000,25.00000,24.75000,24.75000,2300,24.75000
BLVD-199403,19890915,25.25000,25.25000,24.75000,24.75000,2100,24.75000
BLVD-199403,19890919,25.25000,25.25000,24.75000,24.75000,4450,24.75000
BLVD-199403,19890920,25.00000,25.50000,25.00000,25.50000,2400,25.50000
BLVD-199403,19890921,25.50000,25.50000,25.50000,25.50000,1200,25.50000
BLVD-199403,19890922,24.75000,25.50000,24.75000,25.50000,1018,25.50000
BLVD-199403,19890925,25.75000,25.75000,25.00000,25.00000,8700,25.00000
BLVD-199403,19890926,25.25000,25.25000,25.25000,25.25000,1650,25.25000
BLVD-199403,19890927,25.37500,25.37500,25.25000,25.25000,20400,25.25000
BLVD-199403,19890928,25.25000,25.50000,25.25000,25.50000,17100,25.50000
BLVD-199403,19890929,25.50000,25.50000,25.50000,25.50000,1000,25.50000
BLVD-199403,19891002,25.25000,25.25000,25.25000,25.25000,1200,25.25000
BLVD-199403,19891003,25.25000,25.25000,25.25000,25.25000,5800,25.25000
BLVD-199403,19891004,24.75000,25.00000,24.75000,25.00000,3500,25.00000
BLVD-199403,19891005,25.12500,25.50000,24.75000,25.00000,21600,25.00000
BLVD-199403,19891006,25.00000,25.25000,24.75000,24.87500,6000,24.87500
BLVD-199403,19891009,24.75000,25.00000,24.50000,24.62500,12500,24.62500
BLVD-199403,19891010,24.75000,25.00000,24.50000,24.75000,8100,24.75000
BLVD-199403,19891011,24.50000,25.00000,24.50000,25.00000,2300,25.00000
BLVD-199403,19891012,24.25000,24.25000,24.25000,24.25000,5000,24.25000
BLVD-199403,19891013,25.00000,25.00000,24.25000,24.25000,1700,24.25000
BLVD-199403,19891016,23.50000,24.00000,23.50000,24.00000,3600,24.00000
BLVD-199403,19891017,23.62500,24.00000,23.25000,23.75000,3400,23.75000
BLVD-199403,19891018,23.75000,23.75000,23.50000,23.50000,1500,23.50000
BLVD-199403,19891019,23.25000,23.25000,23.25000,23.25000,1000,23.25000
BLVD-199403,19891020,23.75000,23.75000,23.00000,23.00000,8600,23.00000
BLVD-199403,19891023,23.00000,23.00000,22.75000,22.75000,2300,22.75000
BLVD-199403,19891024,22.75000,22.75000,22.50000,22.50000,3200,22.50000
BLVD-199403,19891025,22.50000,23.00000,22.50000,23.00000,20600,23.00000
BLVD-199403,19891026,22.75000,22.75000,22.50000,22.50000,1700,22.50000
BLVD-199403,19891027,22.75000,22.75000,22.50000,22.50000,9000,22.50000
BLVD-199403,19891030,22.75000,23.00000,22.50000,22.75000,9900,22.75000
BLVD-199403,19891031,23.00000,23.00000,22.50000,22.50000,2350,22.50000
BLVD-199403,19891101,23.00000,23.00000,22.50000,22.50000,600,22.50000
BLVD-199403,19891102,22.50000,23.00000,22.50000,23.00000,31200,23.00000
BLVD-199403,19891103,23.00000,23.00000,22.50000,22.50000,5020,22.50000
BLVD-199403,19891106,23.00000,23.00000,23.00000,23.00000,570,23.00000
BLVD-199403,19891107,22.50000,22.50000,22.50000,22.50000,300,22.50000
BLVD-199403,19891108,22.62500,22.62500,22.50000,22.50000,300,22.50000
BLVD-199403,19891109,22.75000,23.00000,22.50000,22.62500,6700,22.62500
BLVD-199403,19891110,23.00000,23.25000,22.62500,23.12500,8500,23.12500
BLVD-199403,19891113,23.12500,23.25000,23.12500,23.25000,2500,23.25000
BLVD-199403,19891114,23.00000,23.25000,23.00000,23.25000,700,23.25000
BLVD-199403,19891115,23.25000,23.25000,23.00000,23.00000,11480,23.00000
BLVD-199403,19891116,23.12500,23.25000,23.12500,23.25000,13150,23.25000
BLVD-199403,19891117,23.37500,23.37500,23.37500,23.37500,900,23.37500
BLVD-199403,19891120,23.25000,23.50000,23.25000,23.50000,19900,23.50000
BLVD-199403,19891121,23.62500,24.00000,23.25000,23.75000,10536,23.75000
BLVD-199403,19891122,24.00000,24.50000,24.00000,24.50000,17600,24.50000
BLVD-199403,19891124,24.62500,24.75000,24.50000,24.62500,11500,24.62500
BLVD-199403,19891127,25.00000,25.00000,25.00000,25.00000,1600,25.00000
BLVD-199403,19891129,25.00000,25.00000,25.00000,25.00000,100,25.00000
BLVD-199403,19891130,25.00000,25.25000,25.00000,25.25000,2800,25.25000
BLVD-199403,19891201,24.87500,25.25000,24.50000,24.62500,1400,24.62500
BLVD-199403,19891204,24.62500,25.25000,24.00000,24.50000,16300,24.50000
BLVD-199403,19891205,24.12500,24.50000,23.75000,24.00000,27800,24.00000
BLVD-199403,19891206,23.75000,24.25000,23.75000,24.25000,40800,24.25000
BLVD-199403,19891207,24.50000,24.50000,24.25000,24.25000,5200,24.25000
BLVD-199403,19891208,24.00000,24.50000,24.00000,24.50000,700,24.50000
BLVD-199403,19891211,24.25000,24.50000,24.00000,24.25000,26800,24.25000
BLVD-199403,19891212,24.50000,24.50000,24.25000,24.25000,3100,24.25000
BLVD-199403,19891213,24.00000,24.75000,24.00000,24.75000,9200,24.75000
BLVD-199403,19891214,24.00000,24.00000,24.00000,24.00000,3200,24.00000
BLVD-199403,19891215,24.00000,24.50000,23.50000,24.00000,19350,24.00000
BLVD-199403,19891218,23.00000,23.25000,23.00000,23.25000,6100,23.25000
BLVD-199403,19891219,23.00000,23.00000,22.25000,22.25000,7226,22.25000
BLVD-199403,19891220,23.00000,23.00000,22.25000,22.25000,5900,22.25000
BLVD-199403,19891221,22.25000,22.75000,22.25000,22.75000,4400,22.75000
BLVD-199403,19891222,23.00000,23.25000,22.75000,23.00000,5100,23.00000
BLVD-199403,19891226,23.00000,23.50000,23.00000,23.50000,1900,23.50000
BLVD-199403,19891228,23.50000,23.50000,23.00000,23.00000,856,23.00000
BLVD-199403,19891229,23.00000,23.75000,23.00000,23.75000,2876,23.75000
BLVD-199403,19900102,23.12500,23.12500,23.12500,23.12500,150,23.12500
BLVD-199403,19900103,23.25000,23.75000,23.25000,23.75000,2436,23.75000
BLVD-199403,19900104,23.75000,23.75000,23.25000,23.25000,500,23.25000
BLVD-199403,19900105,23.25000,23.75000,23.25000,23.75000,23200,23.75000
BLVD-199403,19900108,23.00000,23.75000,23.00000,23.75000,700,23.75000
BLVD-199403,19900109,23.25000,23.75000,23.25000,23.75000,700,23.75000
BLVD-199403,19900110,23.00000,23.00000,23.00000,23.00000,400,23.00000
BLVD-199403,19900111,23.00000,23.25000,23.00000,23.25000,2600,23.25000
BLVD-199403,19900112,22.37500,23.00000,21.75000,22.25000,10200,22.25000
BLVD-199403,19900115,22.25000,22.25000,21.25000,21.25000,7350,21.25000
BLVD-199403,19900116,21.75000,21.75000,21.62500,21.62500,1300,21.62500
BLVD-199403,19900117,21.75000,22.75000,21.75000,22.75000,16500,22.75000
BLVD-199403,19900118,22.25000,22.25000,22.00000,22.00000,900,22.00000
BLVD-199403,19900122,22.50000,22.50000,22.00000,22.00000,2800,22.00000
BLVD-199403,19900123,22.00000,22.00000,22.00000,22.00000,1300,22.00000
BLVD-199403,19900124,21.37500,21.75000,21.37500,21.75000,1800,21.75000
BLVD-199403,19900125,21.00000,21.00000,20.25000,20.25000,5600,20.25000
BLVD-199403,19900126,20.25000,21.00000,20.25000,21.00000,3500,21.00000
BLVD-199403,19900129,20.37500,20.37500,20.00000,20.00000,10900,20.00000
BLVD-199403,19900130,20.50000,20.50000,20.50000,20.50000,3500,20.50000
BLVD-199403,19900131,19.75000,20.50000,19.75000,20.50000,320,20.50000
BLVD-199403,19900205,20.75000,21.25000,20.25000,21.12500,3300,21.12500
BLVD-199403,19900206,21.00000,21.37500,20.75000,21.00000,5200,21.00000
BLVD-199403,19900207,20.25000,20.50000,20.25000,20.50000,4300,20.50000
BLVD-199403,19900208,20.50000,20.50000,20.25000,20.25000,7900,20.25000
BLVD-199403,19900209,20.25000,20.75000,20.25000,20.75000,1000,20.75000
BLVD-199403,19900214,20.50000,20.50000,20.25000,20.25000,1526,20.25000
BLVD-199403,19900215,20.25000,20.50000,20.25000,20.50000,12900,20.50000
BLVD-199403,19900216,20.50000,20.75000,20.37500,20.62500,56550,20.62500
BLVD-199403,19900220,20.50000,20.75000,20.50000,20.75000,10300,20.75000
BLVD-199403,19900221,20.50000,20.50000,20.37500,20.37500,700,20.37500
BLVD-199403,19900222,20.37500,20.75000,20.00000,20.50000,56100,20.50000
BLVD-199403,19900223,20.50000,20.50000,20.50000,20.50000,400,20.50000
BLVD-199403,19900226,20.25000,20.50000,20.25000,20.50000,19000,20.50000
BLVD-199403,19900227,20.00000,20.00000,20.00000,20.00000,1000,20.00000
BLVD-199403,19900228,20.00000,20.00000,20.00000,20.00000,2000,20.00000
BLVD-199403,19900301,19.75000,20.00000,19.75000,20.00000,5100,20.00000
BLVD-199403,19900302,19.50000,20.25000,19.50000,20.25000,500,20.25000
BLVD-199403,19900305,20.25000,20.25000,20.25000,20.25000,500,20.25000
BLVD-199403,19900306,19.87500,20.25000,19.50000,20.00000,2876,20.00000
BLVD-199403,19900307,19.50000,20.00000,19.50000,20.00000,3400,20.00000
BLVD-199403,19900308,19.50000,19.75000,19.50000,19.75000,2100,19.75000
BLVD-199403,19900309,19.50000,20.00000,19.50000,20.00000,900,20.00000
BLVD-199403,19900313,20.25000,20.25000,19.50000,19.50000,800,19.50000
BLVD-199403,19900314,19.50000,19.75000,19.50000,19.75000,3000,19.75000
BLVD-199403,19900315,19.62500,20.25000,19.62500,20.25000,5676,20.25000
BLVD-199403,19900316,20.25000,20.25000,19.50000,19.50000,1200,19.50000
BLVD-199403,19900319,19.50000,19.50000,19.50000,19.50000,350,19.50000
BLVD-199403,19900320,19.50000,19.75000,19.50000,19.75000,10000,19.75000
BLVD-199403,19900321,19.50000,20.00000,19.50000,20.00000,3050,20.00000
BLVD-199403,19900322,19.50000,19.75000,19.50000,19.75000,2300,19.75000
BLVD-199403,19900323,20.00000,20.25000,19.75000,20.00000,3300,20.00000
BLVD-199403,19900326,20.25000,20.25000,19.50000,19.50000,2600,19.50000
BLVD-199403,19900327,19.50000,20.25000,19.50000,20.25000,500,20.25000
BLVD-199403,19900329,19.75000,20.00000,19.50000,19.75000,11600,19.75000
BLVD-199403,19900330,20.00000,20.00000,20.00000,20.00000,500,20.00000
BLVD-199403,19900402,20.00000,20.00000,20.00000,20.00000,800,20.00000
BLVD-199403,19900404,19.50000,19.50000,19.50000,19.50000,1400,19.50000
BLVD-199403,19900405,19.75000,19.75000,19.00000,19.00000,8500,19.00000
BLVD-199403,19900406,18.75000,19.25000,18.25000,18.75000,7750,18.75000
BLVD-199403,19900409,17.75000,18.50000,17.75000,18.50000,11076,18.50000
BLVD-199403,19900410,18.00000,18.50000,18.00000,18.50000,1700,18.50000
BLVD-199403,19900411,18.50000,18.50000,18.00000,18.00000,1200,18.00000
BLVD-199403,19900412,18.00000,18.75000,18.00000,18.75000,1000,18.75000
BLVD-199403,19900416,18.75000,18.75000,18.75000,18.75000,100,18.75000
BLVD-199403,19900417,17.75000,18.50000,17.75000,18.50000,5600,18.50000
BLVD-199403,19900418,17.50000,18.00000,17.00000,17.50000,12826,17.50000
BLVD-199403,19900419,18.00000,18.00000,18.00000,18.00000,3200,18.00000
BLVD-199403,19900420,17.50000,18.00000,17.50000,18.00000,3000,18.00000
BLVD-199403,19900425,17.87500,17.87500,17.87500,17.87500,100,17.87500
BLVD-199403,19900427,18.00000,19.50000,18.00000,19.50000,10090,19.50000
BLVD-199403,19900430,18.75000,19.50000,18.75000,19.50000,1800,19.50000
BLVD-199403,19900501,19.50000,19.50000,19.50000,19.50000,450,19.50000
BLVD-199403,19900502,18.75000,19.50000,18.75000,19.50000,11600,19.50000
BLVD-199403,19900503,19.00000,19.00000,19.00000,19.00000,300,19.00000
BLVD-199403,19900504,19.50000,19.50000,19.00000,19.00000,4600,19.00000
BLVD-199403,19900508,19.50000,19.50000,19.37500,19.37500,1900,19.37500
BLVD-199403,19900509,19.00000,19.25000,19.00000,19.25000,3600,19.25000
BLVD-199403,19900510,19.25000,19.25000,19.25000,19.25000,200,19.25000
BLVD-199403,19900511,19.37500,19.37500,19.37500,19.37500,500,19.37500
BLVD-199403,19900514,19.12500,19.50000,18.75000,19.25000,6100,19.25000
BLVD-199403,19900515,18.75000,18.75000,18.50000,18.50000,11300,18.50000
BLVD-199403,19900516,17.62500,18.00000,17.25000,17.50000,12500,17.50000
BLVD-199403,19900517,16.75000,17.50000,16.75000,17.50000,12300,17.50000
BLVD-199403,19900518,17.00000,17.50000,17.00000,17.50000,1800,17.50000
BLVD-199403,19900521,17.25000,17.50000,17.00000,17.37500,2200,17.37500
BLVD-199403,19900522,17.00000,17.75000,17.00000,17.75000,24626,17.75000
BLVD-199403,19900523,17.25000,17.50000,17.25000,17.50000,300,17.50000
BLVD-199403,19900524,17.50000,17.75000,17.25000,17.50000,8200,17.50000
BLVD-199403,19900525,17.25000,17.75000,17.25000,17.75000,1200,17.75000
BLVD-199403,19900529,17.75000,17.75000,17.25000,17.25000,510,17.25000
BLVD-199403,19900601,17.75000,17.75000,17.25000,17.25000,3600,17.25000
BLVD-199403,19900604,17.50000,17.50000,17.50000,17.50000,500,17.50000
BLVD-199403,19900605,18.00000,18.00000,17.25000,17.25000,23400,17.25000
BLVD-199403,19900606,17.75000,17.75000,17.25000,17.25000,23216,17.25000
BLVD-199403,19900607,18.00000,18.00000,18.00000,18.00000,100,18.00000
BLVD-199403,19900608,18.00000,18.00000,18.00000,18.00000,200,18.00000
BLVD-199403,19900612,17.25000,17.25000,17.25000,17.25000,1600,17.25000
BLVD-199403,19900613,17.62500,18.00000,17.25000,17.37500,4700,17.37500
BLVD-199403,19900614,17.50000,17.50000,17.00000,17.00000,7750,17.00000
BLVD-199403,19900615,17.37500,17.37500,17.37500,17.37500,700,17.37500
BLVD-199403,19900618,17.37500,17.37500,17.00000,17.00000,3600,17.00000
BLVD-199403,19900619,17.37500,17.37500,17.37500,17.37500,1200,17.37500
BLVD-199403,19900620,17.37500,17.37500,16.75000,16.75000,800,16.75000
BLVD-199403,19900621,17.37500,17.37500,17.37500,17.37500,176,17.37500
BLVD-199403,19900622,17.25000,17.25000,16.00000,16.00000,700,16.00000
BLVD-199403,19900625,16.00000,16.00000,16.00000,16.00000,1570,16.00000
BLVD-199403,19900626,16.50000,17.00000,16.00000,16.12500,6600,16.12500
BLVD-199403,19900627,16.00000,16.50000,16.00000,16.50000,8500,16.50000
BLVD-199403,19900628,16.25000,16.25000,16.25000,16.25000,226,16.25000
BLVD-199403,19900629,16.25000,17.00000,16.25000,17.00000,9800,17.00000
BLVD-199403,19900702,16.50000,16.75000,16.25000,16.50000,3400,16.50000
BLVD-199403,19900703,16.00000,16.50000,16.00000,16.50000,6900,16.50000
BLVD-199403,19900705,15.75000,15.75000,15.75000,15.75000,866,15.75000
BLVD-199403,19900706,16.25000,16.25000,15.75000,15.75000,1276,15.75000
BLVD-199403,19900709,16.25000,16.25000,16.25000,16.25000,1000,16.25000
BLVD-199403,19900710,16.25000,16.25000,15.75000,15.75000,2300,15.75000
BLVD-199403,19900713,15.50000,15.50000,15.50000,15.50000,600,15.50000
BLVD-199403,19900716,16.25000,16.25000,15.50000,15.50000,1300,15.50000
BLVD-199403,19900717,15.50000,16.50000,15.50000,16.50000,6000,16.50000
BLVD-199403,19900718,16.25000,16.75000,16.25000,16.75000,15500,16.75000
BLVD-199403,19900719,16.50000,16.50000,16.50000,16.50000,200,16.50000
BLVD-199403,19900720,16.25000,16.50000,16.25000,16.50000,3500,16.50000
BLVD-199403,19900723,16.50000,16.50000,16.00000,16.00000,5460,16.00000
BLVD-199403,19900725,16.00000,16.00000,16.00000,16.00000,690,16.00000
BLVD-199403,19900726,16.50000,16.50000,16.00000,16.00000,2500,16.00000
BLVD-199403,19900727,16.00000,16.50000,16.00000,16.50000,200,16.50000
BLVD-199403,19900730,16.50000,16.50000,16.00000,16.00000,1100,16.00000
BLVD-199403,19900801,16.50000,16.50000,16.00000,16.00000,1626,16.00000
BLVD-199403,19900802,16.50000,16.50000,16.00000,16.00000,2200,16.00000
BLVD-199403,19900803,16.25000,16.25000,16.00000,16.00000,4800,16.00000
BLVD-199403,19900806,16.00000,16.00000,15.75000,15.75000,5200,15.75000
BLVD-199403,19900807,16.25000,16.25000,16.25000,16.25000,100,16.25000
BLVD-199403,19900808,16.25000,16.25000,16.25000,16.25000,500,16.25000
BLVD-199403,19900810,16.00000,16.00000,16.00000,16.00000,100,16.00000
BLVD-199403,19900813,16.00000,16.00000,16.00000,16.00000,700,16.00000
BLVD-199403,19900814,15.50000,15.50000,15.50000,15.50000,200,15.50000
BLVD-199403,19900815,16.00000,16.00000,15.50000,15.50000,200,15.50000
BLVD-199403,19900816,15.50000,16.00000,15.50000,16.00000,28200,16.00000
BLVD-199403,19900820,15.75000,15.75000,15.75000,15.75000,1400,15.75000
BLVD-199403,19900821,15.50000,15.87500,15.25000,15.50000,8876,15.50000
BLVD-199403,19900822,15.62500,15.62500,15.50000,15.50000,7300,15.50000
BLVD-199403,19900823,15.50000,15.62500,15.50000,15.62500,68100,15.62500
BLVD-199403,19900827,15.75000,15.87500,15.75000,15.87500,40100,15.87500
BLVD-199403,19900828,16.00000,16.00000,16.00000,16.00000,700,16.00000
BLVD-199403,19900830,15.75000,15.75000,15.75000,15.75000,1000,15.75000
BLVD-199403,19900831,15.75000,15.75000,15.75000,15.75000,1000,15.75000
BLVD-199403,19900906,15.75000,15.75000,15.75000,15.75000,100,15.75000
BLVD-199403,19900910,16.00000,16.75000,16.00000,16.75000,16784,16.75000
BLVD-199403,19900911,17.00000,17.00000,16.25000,16.25000,9568,16.25000
BLVD-199403,19900912,16.75000,16.75000,16.25000,16.25000,3500,16.25000
BLVD-199403,19900913,16.75000,16.75000,16.25000,16.25000,1400,16.25000
BLVD-199403,19900914,16.25000,17.00000,16.25000,17.00000,300,17.00000
BLVD-199403,19900917,17.00000,17.00000,17.00000,17.00000,3000,17.00000
BLVD-199403,19900918,16.25000,16.25000,16.25000,16.25000,500,16.25000
BLVD-199403,19900919,16.25000,16.25000,16.25000,16.25000,3500,16.25000
BLVD-199403,19900920,16.25000,16.37500,16.00000,16.25000,33000,16.25000
BLVD-199403,19900921,16.50000,16.75000,16.25000,16.50000,6100,16.50000
BLVD-199403,19900924,16.37500,16.50000,16.25000,16.37500,8600,16.37500
BLVD-199403,19900926,16.25000,16.25000,16.25000,16.25000,100,16.25000
BLVD-199403,19900927,16.62500,17.00000,16.62500,17.00000,2058,17.00000
BLVD-199403,19900928,16.62500,17.00000,16.62500,17.00000,6300,17.00000
BLVD-199403,19901001,16.25000,16.75000,16.25000,16.75000,17000,16.75000
BLVD-199403,19901002,16.12500,16.50000,15.75000,16.00000,12700,16.00000
BLVD-199403,19901003,16.12500,16.25000,16.00000,16.12500,15276,16.12500
BLVD-199403,19901004,16.00000,16.00000,16.00000,16.00000,660,16.00000
BLVD-199403,19901005,16.25000,16.50000,16.00000,16.12500,16800,16.12500
BLVD-199403,19901008,16.25000,16.25000,15.50000,15.50000,9334,15.50000
BLVD-199403,19901009,14.75000,14.75000,14.25000,14.25000,3500,14.25000
BLVD-199403,19901010,13.50000,14.25000,12.75000,13.00000,18550,13.00000
BLVD-199403,19901011,13.25000,13.50000,13.00000,13.12500,13300,13.12500
BLVD-199403,19901012,13.37500,13.75000,13.00000,13.12500,5200,13.12500
BLVD-199403,19901015,13.00000,13.12500,13.00000,13.12500,5500,13.12500
BLVD-199403,19901016,13.25000,13.50000,13.00000,13.12500,4370,13.12500
BLVD-199403,19901017,13.00000,13.00000,13.00000,13.00000,600,13.00000
BLVD-199403,19901019,13.50000,13.50000,13.00000,13.00000,900,13.00000
BLVD-199403,19901022,12.25000,13.00000,12.25000,13.00000,21300,13.00000
BLVD-199403,19901023,12.75000,13.00000,12.75000,13.00000,20594,13.00000
BLVD-199403,19901024,12.75000,13.00000,12.75000,13.00000,28650,13.00000
BLVD-199403,19901026,13.00000,13.00000,12.75000,12.75000,1400,12.75000
BLVD-199403,19901029,12.75000,13.00000,12.75000,13.00000,18900,13.00000
BLVD-199403,19901030,12.62500,13.00000,12.62500,13.00000,11750,13.00000
BLVD-199403,19901031,12.75000,13.00000,12.75000,13.00000,3684,13.00000
BLVD-199403,19901101,12.75000,12.75000,12.75000,12.75000,1500,12.75000
BLVD-199403,19901102,12.87500,13.00000,12.75000,12.87500,5300,12.87500
BLVD-199403,19901105,12.75000,13.00000,12.75000,13.00000,38800,13.00000
BLVD-199403,19901106,12.75000,12.75000,12.75000,12.75000,300,12.75000
BLVD-199403,19901107,13.00000,13.00000,12.75000,12.75000,12000,12.75000
BLVD-199403,19901108,12.75000,13.00000,12.75000,13.00000,4000,13.00000
BLVD-199403,19901109,12.75000,13.00000,12.75000,13.00000,22200,13.00000
BLVD-199403,19901112,13.00000,13.00000,13.00000,13.00000,600,13.00000
BLVD-199403,19901113,12.75000,12.75000,12.75000,12.75000,100,12.75000
BLVD-199403,19901114,12.75000,13.00000,12.75000,13.00000,7000,13.00000
BLVD-199403,19901115,12.75000,12.87500,12.75000,12.87500,2000,12.87500
BLVD-199403,19901116,12.75000,13.00000,12.75000,13.00000,15000,13.00000
BLVD-199403,19901119,12.75000,12.75000,12.75000,12.75000,1450,12.75000
BLVD-199403,19901120,12.75000,13.00000,12.75000,13.00000,3800,13.00000
BLVD-199403,19901121,13.00000,13.00000,12.75000,12.75000,5200,12.75000
BLVD-199403,19901123,13.25000,13.25000,13.25000,13.25000,100,13.25000
BLVD-199403,19901126,12.75000,13.00000,12.75000,13.00000,9000,13.00000
BLVD-199403,19901127,13.25000,13.25000,13.25000,13.25000,300,13.25000
BLVD-199403,19901128,12.75000,12.75000,12.75000,12.75000,1000,12.75000
BLVD-199403,19901129,13.12500,13.12500,13.12500,13.12500,200,13.12500
BLVD-199403,19901130,13.12500,13.50000,12.75000,13.00000,21026,13.00000
BLVD-199403,19901203,13.00000,13.00000,13.00000,13.00000,2000,13.00000
BLVD-199403,19901204,13.50000,13.50000,13.12500,13.12500,6660,13.12500
BLVD-199403,19901205,13.87500,13.87500,13.25000,13.25000,11800,13.25000
BLVD-199403,19901206,13.87500,14.25000,13.50000,13.75000,4400,13.75000
BLVD-199403,19901207,13.25000,13.25000,13.00000,13.00000,800,13.00000
BLVD-199403,19901211,13.00000,13.00000,13.00000,13.00000,700,13.00000
BLVD-199403,19901212,13.75000,13.75000,12.75000,12.75000,2050,12.75000
BLVD-199403,19901213,13.25000,13.75000,12.75000,12.87500,7900,12.87500
BLVD-199403,19901214,12.75000,13.00000,12.75000,13.00000,18000,13.00000
BLVD-199403,19901217,13.00000,13.00000,12.75000,12.75000,4134,12.75000
BLVD-199403,19901218,13.25000,13.25000,12.75000,12.75000,26200,12.75000
BLVD-199403,19901219,13.25000,13.25000,12.75000,12.75000,4700,12.75000
BLVD-199403,19901220,12.75000,13.00000,12.75000,13.00000,13300,13.00000
BLVD-199403,19901221,12.75000,13.00000,12.75000,13.00000,24800,13.00000
BLVD-199403,19901224,12.75000,13.00000,12.75000,13.00000,6000,13.00000
BLVD-199403,19901226,12.75000,13.00000,12.75000,13.00000,8450,13.00000
BLVD-199403,19901227,13.00000,13.00000,12.75000,12.75000,41100,12.75000
BLVD-199403,19901228,12.75000,13.00000,12.75000,13.00000,12640,13.00000
BLVD-199403,19901231,12.25000,12.50000,12.00000,12.25000,13600,12.25000
BLVD-199403,19910102,12.00000,12.25000,12.00000,12.25000,8000,12.25000
BLVD-199403,19910103,12.25000,12.50000,12.00000,12.25000,11800,12.25000
BLVD-199403,19910104,12.00000,12.00000,12.00000,12.00000,600,12.00000
BLVD-199403,19910107,12.00000,12.25000,12.00000,12.25000,3832,12.25000
BLVD-199403,19910108,12.00000,12.25000,12.00000,12.25000,7500,12.25000
BLVD-199403,19910110,12.00000,12.00000,12.00000,12.00000,100,12.00000
BLVD-199403,19910111,12.00000,12.25000,12.00000,12.25000,3700,12.25000
BLVD-199403,19910114,12.25000,12.25000,12.25000,12.25000,1400,12.25000
BLVD-199403,19910115,12.75000,12.75000,12.00000,12.00000,1000,12.00000
BLVD-199403,19910116,12.25000,12.25000,12.00000,12.00000,13000,12.00000
BLVD-199403,19910117,12.00000,12.25000,12.00000,12.25000,11500,12.25000
BLVD-199403,19910121,12.00000,12.00000,12.00000,12.00000,600,12.00000
BLVD-199403,19910122,12.50000,12.50000,12.00000,12.00000,150600,12.00000
BLVD-199403,19910123,12.00000,12.50000,12.00000,12.50000,16400,12.50000
BLVD-199403,19910124,12.12500,12.12500,12.12500,12.12500,2100,12.12500
BLVD-199403,19910125,12.50000,12.50000,12.00000,12.00000,1100,12.00000
BLVD-199403,19910128,12.50000,12.50000,12.50000,12.50000,100,12.50000
BLVD-199403,19910129,12.00000,12.25000,12.00000,12.25000,7500,12.25000
BLVD-199403,19910130,12.25000,12.50000,12.00000,12.25000,4800,12.25000
BLVD-199403,19910131,12.00000,12.25000,12.00000,12.25000,14100,12.25000
BLVD-199403,19910201,12.00000,12.00000,12.00000,12.00000,1000,12.00000
BLVD-199403,19910204,12.00000,12.25000,12.00000,12.25000,2000,12.25000
BLVD-199403,19910205,12.00000,12.25000,12.00000,12.25000,3500,12.25000
BLVD-199403,19910206,12.00000,12.50000,12.00000,12.50000,2900,12.50000
BLVD-199403,19910207,12.00000,12.00000,12.00000,12.00000,200,12.00000
BLVD-199403,19910208,12.25000,12.25000,12.00000,12.00000,5100,12.00000
BLVD-199403,19910211,12.25000,12.50000,12.00000,12.25000,4500,12.25000
BLVD-199403,19910212,12.50000,12.50000,12.00000,12.00000,5800,12.00000
BLVD-199403,19910213,12.25000,12.25000,12.00000,12.00000,17300,12.00000
BLVD-199403,19910214,12.00000,12.25000,12.00000,12.25000,18000,12.25000
BLVD-199403,19910215,12.00000,12.25000,12.00000,12.25000,4100,12.25000
BLVD-199403,19910219,12.50000,12.50000,12.00000,12.00000,7500,12.00000
BLVD-199403,19910220,12.50000,12.50000,12.00000,12.00000,6260,12.00000
BLVD-199403,19910221,12.00000,12.00000,12.00000,12.00000,1000,12.00000
BLVD-199403,19910222,12.50000,12.50000,12.00000,12.00000,500,12.00000
BLVD-199403,19910225,12.50000,12.50000,12.00000,12.00000,550,12.00000
BLVD-199403,19910226,12.25000,12.37500,12.00000,12.25000,3600,12.25000
BLVD-199403,19910227,12.50000,12.50000,12.50000,12.50000,300,12.50000
BLVD-199403,19910228,12.00000,12.50000,12.00000,12.50000,2420,12.50000
BLVD-199403,19910301,12.50000,12.50000,12.00000,12.00000,8370,12.00000
BLVD-199403,19910304,12.00000,12.25000,12.00000,12.25000,2500,12.25000
BLVD-199403,19910305,12.00000,12.50000,12.00000,12.50000,37800,12.50000
BLVD-199403,19910306,12.62500,13.00000,12.25000,12.50000,3800,12.50000
BLVD-199403,19910307,12.25000,13.00000,12.25000,13.00000,600,13.00000
BLVD-199403,19910308,12.25000,13.00000,12.25000,13.00000,2100,13.00000
BLVD-199403,19910311,12.50000,13.00000,12.50000,13.00000,1500,13.00000
BLVD-199403,19910312,13.00000,13.00000,12.50000,12.50000,1400,12.50000
BLVD-199403,19910313,12.50000,12.50000,12.50000,12.50000,1300,12.50000
BLVD-199403,19910314,12.75000,13.00000,12.75000,13.00000,12200,13.00000
BLVD-199403,19910318,12.50000,13.00000,12.50000,13.00000,5600,13.00000
BLVD-199403,19910319,12.75000,13.00000,12.50000,12.75000,22790,12.75000
BLVD-199403,19910320,12.75000,12.75000,12.75000,12.75000,1500,12.75000
BLVD-199403,19910321,12.50000,12.50000,12.50000,12.50000,1000,12.50000
BLVD-199403,19910322,12.75000,12.75000,12.75000,12.75000,900,12.75000
BLVD-199403,19910325,12.75000,13.00000,12.75000,13.00000,5300,13.00000
BLVD-199403,19910326,12.87500,13.00000,12.75000,12.87500,15400,12.87500
BLVD-199403,19910327,12.75000,13.12500,12.75000,13.12500,16000,13.12500
BLVD-199403,19910328,13.00000,13.12500,13.00000,13.12500,1500,13.12500
BLVD-199403,19910402,12.87500,12.87500,12.75000,12.75000,7500,12.75000
BLVD-199403,19910403,12.75000,13.00000,12.75000,13.00000,7000,13.00000
BLVD-199403,19910404,13.00000,13.00000,12.75000,12.75000,850,12.75000
BLVD-199403,19910405,12.75000,13.00000,12.75000,13.00000,11900,13.00000
BLVD-199403,19910408,12.75000,13.00000,12.75000,13.00000,10600,13.00000
BLVD-199403,19910409,12.75000,13.00000,12.75000,13.00000,12200,13.00000
BLVD-199403,19910410,12.75000,13.00000,12.75000,13.00000,15100,13.00000
BLVD-199403,19910411,12.75000,13.00000,12.75000,13.00000,6200,13.00000
BLVD-199403,19910412,12.75000,13.00000,12.75000,13.00000,1400,13.00000
BLVD-199403,19910415,12.75000,13.00000,12.75000,13.00000,5200,13.00000
BLVD-199403,19910417,12.75000,12.75000,12.75000,12.75000,4000,12.75000
BLVD-199403,19910418,12.75000,13.00000,12.75000,13.00000,24700,13.00000
BLVD-199403,19910419,13.00000,13.00000,13.00000,13.00000,1900,13.00000
BLVD-199403,19910422,12.87500,13.00000,12.75000,12.87500,55450,12.87500
BLVD-199403,19910423,12.87500,13.00000,12.87500,13.00000,2600,13.00000
BLVD-199403,19910424,13.00000,13.00000,12.75000,12.75000,1500,12.75000
BLVD-199403,19910425,12.87500,12.87500,12.75000,12.75000,17000,12.75000
BLVD-199403,19910426,12.75000,13.00000,12.75000,13.00000,7900,13.00000
BLVD-199403,19910429,13.00000,13.00000,13.00000,13.00000,100,13.00000
BLVD-199403,19910430,12.75000,13.00000,12.75000,13.00000,11000,13.00000
BLVD-199403,19910501,12.75000,12.75000,12.75000,12.75000,1300,12.75000
BLVD-199403,19910502,12.87500,12.87500,12.75000,12.75000,1800,12.75000
BLVD-199403,19910503,13.37500,13.37500,12.75000,12.75000,5000,12.75000
BLVD-199403,19910507,13.12500,13.50000,12.75000,13.00000,6000,13.00000
BLVD-199403,19910508,13.12500,13.12500,13.12500,13.12500,800,13.12500
BLVD-199403,19910510,12.75000,12.75000,12.75000,12.75000,200,12.75000
BLVD-199403,19910513,12.75000,13.25000,12.75000,13.25000,9200,13.25000
BLVD-199403,19910514,12.75000,12.87500,12.75000,12.87500,32900,12.87500
BLVD-199403,19910515,12.75000,12.75000,12.75000,12.75000,100,12.75000
BLVD-199403,19910516,13.00000,13.00000,13.00000,13.00000,100,13.00000
BLVD-199403,19910517,13.25000,13.25000,12.75000,12.75000,1212,12.75000
BLVD-199403,19910520,13.00000,13.25000,13.00000,13.25000,900,13.25000
BLVD-199403,19910522,13.00000,13.25000,12.75000,12.87500,30900,12.87500
BLVD-199403,19910524,12.75000,13.00000,12.75000,13.00000,1200,13.00000
BLVD-199403,19910528,13.00000,13.00000,13.00000,13.00000,100,13.00000
BLVD-199403,19910529,13.00000,13.00000,13.00000,13.00000,1000,13.00000
BLVD-199403,19910530,13.00000,13.00000,12.75000,12.75000,1100,12.75000
BLVD-199403,19910531,12.75000,13.00000,12.75000,13.00000,19600,13.00000
BLVD-199403,19910603,13.00000,13.00000,12.75000,12.75000,4900,12.75000
BLVD-199403,19910604,12.75000,12.87500,12.75000,12.87500,16500,12.87500
BLVD-199403,19910605,12.87500,13.00000,12.75000,12.87500,22000,12.87500
BLVD-199403,19910606,13.25000,13.25000,12.75000,12.75000,600,12.75000
BLVD-199403,19910607,12.75000,13.12500,12.75000,13.12500,22100,13.12500
BLVD-199403,19910610,13.00000,13.25000,12.75000,13.00000,3700,13.00000
BLVD-199403,19910611,12.75000,12.87500,12.75000,12.87500,28924,12.87500
BLVD-199403,19910612,12.75000,12.87500,12.75000,12.87500,2000,12.87500
BLVD-199403,19910613,12.75000,13.00000,12.75000,13.00000,3200,13.00000
BLVD-199403,19910614,13.00000,13.25000,12.75000,12.87500,9876,12.87500
BLVD-199403,19910617,13.00000,13.25000,12.75000,13.00000,13712,13.00000
BLVD-199403,19910620,12.87500,12.87500,12.75000,12.75000,18776,12.75000
BLVD-199403,19910621,13.25000,13.25000,12.75000,12.75000,606,12.75000
BLVD-199403,19910624,12.75000,12.87500,12.75000,12.87500,20800,12.87500
BLVD-199403,19910625,12.75000,12.75000,12.75000,12.75000,200,12.75000
BLVD-199403,19910626,13.25000,13.25000,13.25000,13.25000,188,13.25000
BLVD-199403,19910627,12.75000,12.87500,12.75000,12.87500,4100,12.87500
BLVD-199403,19910701,13.00000,13.25000,12.75000,13.00000,4400,13.00000
BLVD-199403,19910702,13.00000,13.25000,12.75000,12.87500,23500,12.87500
BLVD-199403,19910703,13.25000,13.25000,13.25000,13.25000,300,13.25000
BLVD-199403,19910705,12.75000,13.25000,12.75000,13.25000,900,13.25000
BLVD-199403,19910708,12.75000,12.87500,12.75000,12.87500,6950,12.87500
BLVD-199403,19910709,13.25000,13.25000,12.75000,12.75000,3456,12.75000
BLVD-199403,19910710,13.25000,13.25000,12.75000,12.75000,3976,12.75000
BLVD-199403,19910711,13.00000,13.00000,13.00000,13.00000,300,13.00000
BLVD-199403,19910712,12.75000,12.87500,12.75000,12.87500,9310,12.87500
BLVD-199403,19910715,13.25000,13.25000,12.75000,12.75000,1500,12.75000
BLVD-199403,19910716,12.75000,12.75000,12.75000,12.75000,100,12.75000
BLVD-199403,19910717,12.75000,13.25000,12.75000,13.25000,3150,13.25000
BLVD-199403,19910718,12.75000,13.25000,12.75000,13.25000,2400,13.25000
BLVD-199403,19910719,12.75000,13.25000,12.75000,13.25000,2850,13.25000
BLVD-199403,19910722,12.87500,12.87500,12.75000,12.75000,11300,12.75000
BLVD-199403,19910725,13.25000,13.25000,12.75000,12.75000,2992,12.75000
BLVD-199403,19910729,12.75000,12.75000,12.75000,12.75000,100,12.75000
BLVD-199403,19910730,13.00000,13.00000,12.75000,12.75000,6118,12.75000
BLVD-199403,19910801,12.75000,12.75000,12.75000,12.75000,2606,12.75000
BLVD-199403,19910802,13.25000,13.25000,12.75000,12.75000,1200,12.75000
BLVD-199403,19910805,12.75000,12.75000,12.75000,12.75000,500,12.75000
BLVD-199403,19910806,12.75000,12.75000,12.75000,12.75000,1060,12.75000
BLVD-199403,19910807,13.00000,13.25000,12.75000,13.00000,26800,13.00000
BLVD-199403,19910808,13.25000,13.25000,12.75000,12.75000,1100,12.75000
BLVD-199403,19910809,12.75000,13.25000,12.75000,13.25000,22100,13.25000
BLVD-199403,19910812,13.00000,13.25000,12.75000,13.00000,2100,13.00000
BLVD-199403,19910813,12.75000,13.25000,12.75000,13.25000,700,13.25000
BLVD-199403,19910814,13.00000,13.25000,12.75000,13.00000,12700,13.00000
BLVD-199403,19910815,13.50000,13.50000,13.00000,13.00000,4550,13.00000
BLVD-199403,19910816,13.75000,13.75000,13.75000,13.75000,900,13.75000
BLVD-199403,19910819,13.00000,13.25000,13.00000,13.25000,61250,13.25000
BLVD-199403,19910820,13.75000,13.75000,13.00000,13.00000,300,13.00000
BLVD-199403,19910821,13.25000,14.00000,13.25000,14.00000,16700,14.00000
BLVD-199403,19910822,14.75000,18.00000,14.75000,18.00000,30100,18.00000
BLVD-199403,19910823,17.37500,18.00000,16.75000,17.00000,9100,17.00000
BLVD-199403,19910826,17.00000,17.00000,16.75000,16.75000,2100,16.75000
BLVD-199403,19910827,16.75000,16.75000,16.50000,16.50000,1500,16.50000
BLVD-199403,19910828,17.25000,17.25000,16.25000,16.25000,900,16.25000
BLVD-199403,19910829,16.25000,16.25000,16.25000,16.25000,400,16.25000
BLVD-199403,19910830,16.75000,17.25000,16.25000,17.00000,1400,17.00000
BLVD-199403,19910904,17.00000,17.00000,17.00000,17.00000,1120,17.00000
BLVD-199403,19910905,16.75000,16.75000,16.25000,16.25000,4000,16.25000
BLVD-199403,19910906,16.50000,16.50000,16.00000,16.00000,8200,16.00000
BLVD-199403,19910909,16.25000,16.50000,16.00000,16.25000,2450,16.25000
BLVD-199403,19910910,15.50000,15.50000,15.25000,15.25000,2956,15.25000
BLVD-199403,19910911,16.00000,16.00000,15.00000,15.00000,1400,15.00000
BLVD-199403,19910912,14.75000,15.00000,14.75000,15.00000,8000,15.00000
BLVD-199403,19910913,15.50000,15.50000,15.00000,15.00000,5000,15.00000
BLVD-199403,19910917,14.87500,15.25000,14.50000,15.00000,4100,15.00000
BLVD-199403,19910919,14.25000,15.25000,14.25000,15.25000,5250,15.25000
BLVD-199403,19910920,15.25000,15.25000,14.75000,14.75000,2900,14.75000
BLVD-199403,19910924,14.25000,15.00000,14.25000,15.00000,400,15.00000
BLVD-199403,19910925,14.25000,14.25000,14.25000,14.25000,100,14.25000
BLVD-199403,19910926,14.25000,14.25000,14.25000,14.25000,100,14.25000
BLVD-199403,19910927,15.00000,15.00000,15.00000,15.00000,200,15.00000
BLVD-199403,19910930,14.25000,15.00000,14.25000,15.00000,2200,15.00000
BLVD-199403,19911001,15.00000,15.00000,15.00000,15.00000,200,15.00000
BLVD-199403,19911002,14.25000,14.25000,14.25000,14.25000,2600,14.25000
BLVD-199403,19911003,14.25000,14.25000,14.00000,14.00000,2850,14.00000
BLVD-199403,19911004,14.50000,14.50000,14.00000,14.00000,450,14.00000
BLVD-199403,19911007,14.37500,14.37500,14.37500,14.37500,400,14.37500
BLVD-199403,19911008,14.00000,14.00000,14.00000,14.00000,200,14.00000
BLVD-199403,19911009,14.00000,14.50000,13.50000,13.87500,11200,13.87500
BLVD-199403,19911010,13.25000,13.25000,13.25000,13.25000,100,13.25000
BLVD-199403,19911011,13.50000,13.50000,13.50000,13.50000,500,13.50000
BLVD-199403,19911014,13.75000,13.75000,13.25000,13.25000,1978,13.25000
BLVD-199403,19911016,13.00000,13.00000,12.50000,12.50000,3352,12.50000
BLVD-199403,19911017,13.50000,13.50000,12.50000,12.50000,850,12.50000
BLVD-199403,19911018,13.00000,13.37500,12.50000,13.00000,8600,13.00000
BLVD-199403,19911021,12.87500,13.25000,12.50000,12.75000,3500,12.75000
BLVD-199403,19911022,13.25000,13.25000,13.25000,13.25000,1000,13.25000
BLVD-199403,19911023,13.00000,13.00000,13.00000,13.00000,500,13.00000
BLVD-199403,19911025,13.12500,13.12500,12.50000,12.50000,400,12.50000
BLVD-199403,19911029,13.25000,13.25000,13.25000,13.25000,2600,13.25000
BLVD-199403,19911030,12.87500,13.50000,12.87500,13.50000,9000,13.50000
BLVD-199403,19911101,13.75000,13.75000,13.12500,13.12500,3400,13.12500
BLVD-199403,19911104,13.75000,13.75000,13.75000,13.75000,200,13.75000
BLVD-199403,19911107,13.75000,13.75000,13.75000,13.75000,1300,13.75000
BLVD-199403,19911108,13.25000,13.75000,13.25000,13.75000,5000,13.75000
BLVD-199403,19911111,13.50000,13.50000,13.50000,13.50000,3000,13.50000
BLVD-199403,19911112,13.00000,14.25000,13.00000,14.25000,13000,14.25000
BLVD-199403,19911113,14.00000,14.50000,14.00000,14.50000,3000,14.50000
BLVD-199403,19911115,15.25000,15.25000,14.25000,14.25000,6500,14.25000
BLVD-199403,19911118,14.25000,14.25000,14.25000,14.25000,200,14.25000
BLVD-199403,19911119,14.50000,14.50000,13.75000,13.75000,3746,13.75000
BLVD-199403,19911120,13.87500,14.25000,13.50000,13.75000,3216,13.75000
BLVD-199403,19911122,14.00000,14.00000,14.00000,14.00000,100,14.00000
BLVD-199403,19911126,13.25000,13.25000,13.25000,13.25000,1000,13.25000
BLVD-199403,19911127,13.25000,13.25000,13.25000,13.25000,500,13.25000
BLVD-199403,19911129,13.25000,13.25000,13.25000,13.25000,1000,13.25000
BLVD-199403,19911202,14.00000,14.00000,14.00000,14.00000,300,14.00000
BLVD-199403,19911203,13.25000,13.25000,13.25000,13.25000,500,13.25000
BLVD-199403,19911204,13.25000,13.25000,13.25000,13.25000,100,13.25000
BLVD-199403,19911205,13.25000,13.25000,13.25000,13.25000,100,13.25000
BLVD-199403,19911206,13.25000,13.25000,13.25000,13.25000,1400,13.25000
BLVD-199403,19911210,13.25000,14.25000,13.25000,14.25000,800,14.25000
BLVD-199403,19911211,13.25000,13.37500,13.25000,13.37500,4000,13.37500
BLVD-199403,19911212,13.25000,13.25000,13.25000,13.25000,100,13.25000
BLVD-199403,19911213,14.00000,14.00000,13.00000,13.00000,3900,13.00000
BLVD-199403,19911216,12.75000,12.75000,12.75000,12.75000,2000,12.75000
BLVD-199403,19911217,12.75000,13.00000,12.75000,13.00000,8000,13.00000
BLVD-199403,19911219,12.75000,12.75000,12.75000,12.75000,2400,12.75000
BLVD-199403,19911220,13.37500,13.37500,12.75000,12.75000,600,12.75000
BLVD-199403,19911223,12.75000,12.75000,12.75000,12.75000,300,12.75000
BLVD-199403,19911224,12.75000,12.75000,12.75000,12.75000,100,12.75000
BLVD-199403,19911226,12.75000,13.25000,12.75000,13.25000,2300,13.25000
BLVD-199403,19911227,13.12500,13.12500,12.75000,12.75000,5000,12.75000
BLVD-199403,19911230,12.75000,12.75000,12.75000,12.75000,2500,12.75000
BLVD-199403,19911231,12.75000,13.25000,12.75000,13.25000,9876,13.25000
BLVD-199403,19920107,13.50000,13.50000,12.75000,12.75000,1600,12.75000
BLVD-199403,19920108,12.75000,14.00000,12.75000,14.00000,7700,14.00000
BLVD-199403,19920109,14.00000,14.00000,14.00000,14.00000,400,14.00000
BLVD-199403,19920110,13.25000,13.25000,13.25000,13.25000,200,13.25000
BLVD-199403,19920113,13.25000,14.00000,13.25000,14.00000,3400,14.00000
BLVD-199403,19920114,14.25000,14.25000,13.50000,13.50000,3334,13.50000
BLVD-199403,19920115,13.75000,14.50000,13.75000,14.50000,3000,14.50000
BLVD-199403,19920116,13.75000,13.75000,13.75000,13.75000,100,13.75000
BLVD-199403,19920117,14.50000,14.50000,14.50000,14.50000,600,14.50000
BLVD-199403,19920120,13.75000,14.75000,13.75000,14.75000,1300,14.75000
BLVD-199403,19920121,15.00000,15.00000,14.00000,14.00000,400,14.00000
BLVD-199403,19920123,14.00000,14.00000,14.00000,14.00000,200,14.00000
BLVD-199403,19920124,15.00000,15.00000,14.00000,14.00000,650,14.00000
BLVD-199403,19920127,14.37500,14.37500,14.00000,14.00000,900,14.00000
BLVD-199403,19920128,14.00000,15.00000,14.00000,15.00000,1300,15.00000
BLVD-199403,19920129,14.00000,15.00000,14.00000,15.00000,1300,15.00000
BLVD-199403,19920130,15.00000,15.00000,15.00000,15.00000,1000,15.00000
BLVD-199403,19920131,15.00000,15.00000,15.00000,15.00000,100,15.00000
BLVD-199403,19920203,15.00000,15.00000,14.00000,14.00000,900,14.00000
BLVD-199403,19920205,15.00000,15.00000,15.00000,15.00000,300,15.00000
BLVD-199403,19920206,15.25000,15.75000,14.75000,15.50000,13300,15.50000
BLVD-199403,19920207,15.12500,15.50000,14.75000,15.25000,3000,15.25000
BLVD-199403,19920211,14.75000,14.75000,14.75000,14.75000,850,14.75000
BLVD-199403,19920212,15.50000,15.50000,14.75000,14.75000,2650,14.75000
BLVD-199403,19920213,15.00000,15.75000,15.00000,15.75000,1850,15.75000
BLVD-199403,19920218,15.00000,15.75000,15.00000,15.75000,1800,15.75000
BLVD-199403,19920219,15.75000,15.75000,15.75000,15.75000,100,15.75000
BLVD-199403,19920220,15.00000,15.00000,15.00000,15.00000,5850,15.00000
BLVD-199403,19920221,15.75000,15.75000,15.25000,15.25000,1042,15.25000
BLVD-199403,19920225,15.00000,15.00000,15.00000,15.00000,1000,15.00000
BLVD-199403,19920226,15.00000,15.62500,15.00000,15.62500,3780,15.62500
BLVD-199403,19920227,15.75000,15.75000,15.75000,15.75000,200,15.75000
BLVD-199403,19920303,14.75000,14.75000,14.75000,14.75000,1500,14.75000
BLVD-199403,19920304,14.75000,15.37500,14.75000,15.37500,1250,15.37500
BLVD-199403,19920305,14.75000,14.75000,14.75000,14.75000,1500,14.75000
BLVD-199403,19920306,14.50000,15.00000,14.50000,15.00000,1100,15.00000
BLVD-199403,19920310,14.50000,14.50000,14.50000,14.50000,1188,14.50000
BLVD-199403,19920312,14.50000,14.50000,14.50000,14.50000,1400,14.50000
BLVD-199403,19920313,14.50000,14.75000,14.50000,14.75000,2000,14.75000
BLVD-199403,19920316,14.50000,14.50000,14.25000,14.25000,1000,14.25000
BLVD-199403,19920317,15.00000,15.00000,15.00000,15.00000,500,15.00000
BLVD-199403,19920318,15.00000,15.00000,15.00000,15.00000,500,15.00000
BLVD-199403,19920319,14.50000,14.50000,14.25000,14.25000,5000,14.25000
BLVD-199403,19920320,14.25000,14.50000,14.25000,14.50000,3900,14.50000
BLVD-199403,19920323,14.00000,14.00000,14.00000,14.00000,3500,14.00000
BLVD-199403,19920324,14.62500,14.62500,14.62500,14.62500,2500,14.62500
BLVD-199403,19920325,13.75000,14.50000,13.75000,14.50000,4100,14.50000
BLVD-199403,19920326,13.75000,13.75000,13.75000,13.75000,140,13.75000
BLVD-199403,19920327,14.50000,14.50000,14.00000,14.00000,3200,14.00000
BLVD-199403,19920401,14.25000,14.25000,14.25000,14.25000,1000,14.25000
BLVD-199403,19920402,14.00000,14.50000,14.00000,14.50000,600,14.50000
BLVD-199403,19920403,14.00000,14.50000,14.00000,14.50000,210,14.50000
BLVD-199403,19920406,14.50000,14.50000,14.50000,14.50000,100,14.50000
BLVD-199403,19920407,14.00000,14.25000,14.00000,14.25000,2000,14.25000
BLVD-199403,19920410,14.00000,14.00000,14.00000,14.00000,100,14.00000
BLVD-199403,19920413,14.00000,14.00000,14.00000,14.00000,2000,14.00000
BLVD-199403,19920414,14.00000,14.00000,14.00000,14.00000,500,14.00000
BLVD-199403,19920415,14.50000,14.50000,14.00000,14.00000,6100,14.00000
BLVD-199403,19920416,14.25000,14.50000,14.00000,14.25000,1800,14.25000
BLVD-199403,19920420,14.00000,14.00000,14.00000,14.00000,100,14.00000
BLVD-199403,19920421,14.50000,14.50000,13.75000,13.75000,2100,13.75000
BLVD-199403,19920423,13.75000,13.75000,13.75000,13.75000,300,13.75000
BLVD-199403,19920424,14.50000,14.50000,14.50000,14.50000,4100,14.50000
BLVD-199403,19920428,14.00000,14.37500,14.00000,14.37500,5100,14.37500
BLVD-199403,19920429,14.00000,14.50000,14.00000,14.50000,1000,14.50000
BLVD-199403,19920430,14.50000,14.50000,14.50000,14.50000,2000,14.50000
BLVD-199403,19920501,14.00000,14.00000,14.00000,14.00000,300,14.00000
BLVD-199403,19920504,14.00000,14.00000,14.00000,14.00000,500,14.00000
BLVD-199403,19920505,14.00000,14.37500,14.00000,14.37500,12500,14.37500
BLVD-199403,19920506,14.00000,14.50000,14.00000,14.50000,600,14.50000
BLVD-199403,19920508,14.50000,14.50000,14.50000,14.50000,200,14.50000
BLVD-199403,19920511,14.50000,14.50000,14.50000,14.50000,150,14.50000
BLVD-199403,19920513,14.12500,14.12500,14.00000,14.00000,3500,14.00000
BLVD-199403,19920515,14.50000,14.50000,14.50000,14.50000,500,14.50000
BLVD-199403,19920519,14.00000,14.37500,14.00000,14.37500,13576,14.37500
BLVD-199403,19920520,14.00000,14.00000,14.00000,14.00000,100,14.00000
BLVD-199403,19920521,14.00000,14.00000,14.00000,14.00000,200,14.00000
BLVD-199403,19920522,14.00000,14.00000,14.00000,14.00000,900,14.00000
BLVD-199403,19920526,14.00000,14.00000,14.00000,14.00000,300,14.00000
BLVD-199403,19920527,14.75000,14.75000,14.75000,14.75000,160,14.75000
BLVD-199403,19920528,14.00000,14.00000,14.00000,14.00000,500,14.00000
BLVD-199403,19920601,14.00000,14.25000,14.00000,14.25000,4400,14.25000
BLVD-199403,19920602,14.00000,14.25000,14.00000,14.25000,400,14.25000
BLVD-199403,19920603,14.00000,14.00000,14.00000,14.00000,200,14.00000
BLVD-199403,19920605,14.75000,14.75000,14.75000,14.75000,400,14.75000
BLVD-199403,19920610,14.75000,14.75000,14.75000,14.75000,126,14.75000
BLVD-199403,19920611,14.00000,14.00000,14.00000,14.00000,1000,14.00000
BLVD-199403,19920612,14.00000,14.75000,14.00000,14.75000,1000,14.75000
BLVD-199403,19920618,14.00000,14.00000,14.00000,14.00000,100,14.00000
BLVD-199403,19920619,14.00000,14.25000,14.00000,14.25000,6000,14.25000
BLVD-199403,19920622,14.75000,14.75000,14.75000,14.75000,100,14.75000
BLVD-199403,19920623,14.00000,14.00000,14.00000,14.00000,700,14.00000
BLVD-199403,19920624,14.75000,14.75000,14.75000,14.75000,100,14.75000
BLVD-199403,19920625,14.50000,14.50000,14.50000,14.50000,200,14.50000
BLVD-199403,19920629,14.00000,14.75000,14.00000,14.25000,15200,14.25000
BLVD-199403,19920630,14.00000,14.75000,14.00000,14.00000,1700,14.00000
BLVD-199403,19920701,14.00000,14.75000,14.00000,14.00000,1200,14.00000
BLVD-199403,19920706,14.00000,14.00000,14.00000,14.00000,1200,14.00000
BLVD-199403,19920707,14.25000,14.25000,14.25000,14.25000,2500,14.25000
BLVD-199403,19920708,14.00000,14.25000,14.00000,14.25000,4500,14.25000
BLVD-199403,19920713,14.00000,14.00000,14.00000,14.00000,300,14.00000
BLVD-199403,19920714,14.00000,14.12500,14.00000,14.00000,10782,14.00000
BLVD-199403,19920716,14.50000,14.50000,14.50000,14.50000,4700,14.50000
BLVD-199403,19920720,14.25000,14.50000,14.25000,14.37500,6700,14.37500
BLVD-199403,19920723,14.75000,14.75000,14.25000,14.25000,2600,14.25000
BLVD-199403,19920727,14.25000,14.50000,14.25000,14.50000,5000,14.50000
BLVD-199403,19920728,14.00000,14.00000,14.00000,14.00000,1800,14.00000
BLVD-199403,19920729,14.00000,14.00000,14.00000,14.00000,2000,14.00000
BLVD-199403,19920731,14.00000,14.00000,14.00000,14.00000,200,14.00000
BLVD-199403,19920804,14.00000,14.00000,14.00000,14.00000,4800,14.00000
BLVD-199403,19920806,14.00000,14.00000,14.00000,14.00000,4000,14.00000
BLVD-199403,19920807,14.00000,14.00000,14.00000,14.00000,468,14.00000
BLVD-199403,19920811,14.00000,14.00000,14.00000,14.00000,500,14.00000
BLVD-199403,19920813,14.50000,14.50000,14.50000,14.50000,200,14.50000
BLVD-199403,19920814,14.50000,14.50000,14.50000,14.50000,3800,14.50000
BLVD-199403,19920818,14.00000,14.00000,14.00000,14.00000,1000,14.00000
BLVD-199403,19920820,14.50000,14.50000,14.50000,14.50000,400,14.50000
BLVD-199403,19920821,14.00000,14.50000,14.00000,14.50000,500,14.50000
BLVD-199403,19920824,14.00000,14.00000,14.00000,14.00000,500,14.00000
BLVD-199403,19920825,14.50000,14.50000,14.00000,14.00000,2384,14.00000
BLVD-199403,19920826,14.00000,14.00000,14.00000,14.00000,2050,14.00000
BLVD-199403,19920828,14.00000,14.00000,14.00000,14.00000,1000,14.00000
BLVD-199403,19920903,14.50000,14.50000,14.00000,14.00000,1676,14.00000
BLVD-199403,19920908,14.00000,14.00000,14.00000,14.00000,2000,14.00000
BLVD-199403,19920909,14.00000,14.00000,14.00000,14.00000,650,14.00000
BLVD-199403,19920911,14.00000,14.00000,14.00000,14.00000,300,14.00000
BLVD-199403,19920914,14.00000,14.25000,14.00000,14.25000,700,14.25000
BLVD-199403,19920916,14.00000,14.00000,14.00000,14.00000,100,14.00000
BLVD-199403,19920917,14.25000,14.25000,14.00000,14.00000,11200,14.00000
BLVD-199403,19920921,14.50000,14.50000,14.50000,14.50000,1000,14.50000
BLVD-199403,19920922,14.00000,14.25000,14.00000,14.25000,600,14.25000
BLVD-199403,19920923,14.00000,14.12500,14.00000,14.00000,2500,14.00000
BLVD-199403,19920924,14.00000,14.00000,14.00000,14.00000,100,14.00000
BLVD-199403,19920925,14.00000,14.25000,14.00000,14.25000,4300,14.25000
BLVD-199403,19921002,14.00000,14.00000,14.00000,14.00000,1000,14.00000
BLVD-199403,19921005,14.00000,14.00000,14.00000,14.00000,2500,14.00000
BLVD-199403,19921006,14.00000,14.50000,14.00000,14.50000,700,14.50000
BLVD-199403,19921007,14.00000,14.50000,14.00000,14.50000,300,14.50000
BLVD-199403,19921008,14.00000,14.50000,14.00000,14.50000,400,14.50000
BLVD-199403,19921012,14.50000,14.50000,14.50000,14.50000,2000,14.50000
BLVD-199403,19921014,14.50000,14.50000,14.00000,14.25000,4100,14.25000
BLVD-199403,19921016,14.50000,14.50000,14.00000,14.00000,600,14.00000
BLVD-199403,19921019,14.50000,14.50000,14.00000,14.00000,1102,14.00000
BLVD-199403,19921020,14.00000,14.00000,14.00000,14.00000,2000,14.00000
BLVD-199403,19921021,14.00000,14.00000,14.00000,14.00000,200,14.00000
BLVD-199403,19921022,14.00000,14.00000,14.00000,14.00000,1000,14.00000
BLVD-199403,19921023,14.00000,14.00000,14.00000,14.00000,3100,14.00000
BLVD-199403,19921027,14.00000,14.12500,14.00000,14.12500,3550,14.12500
BLVD-199403,19921028,14.50000,14.50000,14.00000,14.25000,700,14.25000
BLVD-199403,19921030,14.50000,14.50000,14.50000,14.50000,1700,14.50000
BLVD-199403,19921102,14.50000,14.50000,14.37500,14.37500,4000,14.37500
BLVD-199403,19921104,14.50000,14.50000,14.50000,14.50000,900,14.50000
BLVD-199403,19921106,14.50000,14.50000,14.50000,14.50000,100,14.50000
BLVD-199403,19921109,14.25000,14.25000,14.00000,14.00000,1500,14.00000
BLVD-199403,19921110,14.00000,14.00000,14.00000,14.00000,1000,14.00000
BLVD-199403,19921111,14.00000,14.25000,14.00000,14.00000,600,14.00000
BLVD-199403,19921112,14.50000,14.50000,14.50000,14.50000,100,14.50000
BLVD-199403,19921117,14.50000,14.50000,13.75000,13.75000,4100,13.75000
BLVD-199403,19921118,14.25000,14.25000,14.25000,14.25000,300,14.25000
BLVD-199403,19921120,13.75000,13.75000,13.75000,13.75000,1800,13.75000
BLVD-199403,19921124,14.25000,14.25000,14.25000,14.25000,900,14.25000
BLVD-199403,19921125,13.50000,13.50000,13.50000,13.50000,100,13.50000
BLVD-199403,19921201,14.00000,14.25000,14.00000,14.00000,4500,14.00000
BLVD-199403,19921202,14.25000,14.50000,14.25000,14.25000,17500,14.25000
BLVD-199403,19921203,14.00000,14.00000,14.00000,14.00000,600,14.00000
BLVD-199403,19921204,14.25000,14.25000,14.25000,14.25000,1500,14.25000
BLVD-199403,19921207,14.75000,14.75000,14.75000,14.75000,100,14.75000
BLVD-199403,19921208,14.00000,14.75000,14.00000,14.75000,3500,14.75000
BLVD-199403,19921209,14.75000,14.75000,14.75000,14.75000,200,14.75000
BLVD-199403,19921210,14.25000,14.25000,14.25000,14.25000,1400,14.25000
BLVD-199403,19921214,14.75000,14.75000,14.75000,14.75000,3000,14.75000
BLVD-199403,19921215,14.25000,14.75000,14.25000,14.25000,7800,14.25000
BLVD-199403,19921216,14.62500,14.62500,14.25000,14.25000,6200,14.25000
BLVD-199403,19921218,14.25000,14.25000,14.25000,14.25000,13500,14.25000
BLVD-199403,19921221,14.00000,14.50000,14.00000,14.00000,3400,14.00000
BLVD-199403,19921222,14.25000,14.50000,14.12500,14.12500,2500,14.12500
BLVD-199403,19921224,14.00000,14.25000,14.00000,14.25000,5700,14.25000
BLVD-199403,19921228,14.25000,14.25000,14.12500,14.12500,5200,14.12500
BLVD-199403,19921230,14.25000,14.25000,13.75000,13.75000,700,13.75000
BLVD-199403,19921231,14.25000,14.50000,14.25000,14.50000,3500,14.50000
BLVD-199403,19930104,14.00000,14.00000,14.00000,14.00000,1100,14.00000
BLVD-199403,19930106,14.00000,14.25000,14.00000,14.00000,11200,14.00000
BLVD-199403,19930107,14.25000,14.25000,14.00000,14.00000,3800,14.00000
BLVD-199403,19930108,13.75000,13.75000,13.75000,13.75000,500,13.75000
BLVD-199403,19930111,14.25000,14.25000,13.50000,13.50000,300,13.50000
BLVD-199403,19930112,14.25000,14.25000,14.25000,14.25000,1000,14.25000
BLVD-199403,19930113,14.25000,14.25000,14.25000,14.25000,100,14.25000
BLVD-199403,19930114,14.25000,14.25000,13.75000,13.75000,6700,13.75000
BLVD-199403,19930115,14.25000,14.75000,14.25000,14.25000,6000,14.25000
BLVD-199403,19930118,15.25000,15.25000,15.25000,15.25000,200,15.25000
BLVD-199403,19930119,14.50000,15.25000,14.50000,14.50000,1400,14.50000
BLVD-199403,19930120,15.25000,16.50000,15.00000,15.75000,18700,15.75000
BLVD-199403,19930121,15.50000,15.50000,15.50000,15.50000,200,15.50000
BLVD-199403,19930122,15.50000,15.50000,15.50000,15.50000,300,15.50000
BLVD-199403,19930125,15.50000,15.50000,15.50000,15.50000,500,15.50000
BLVD-199403,19930126,15.87500,15.87500,15.62500,15.62500,16700,15.62500
BLVD-199403,19930127,15.75000,16.50000,15.75000,15.75000,5500,15.75000
BLVD-199403,19930203,15.75000,15.75000,15.75000,15.75000,100,15.75000
BLVD-199403,19930204,15.75000,15.75000,15.75000,15.75000,100,15.75000
BLVD-199403,19930205,15.75000,16.00000,15.75000,16.00000,1100,16.00000
BLVD-199403,19930209,16.75000,16.75000,16.75000,16.75000,3900,16.75000
BLVD-199403,19930210,16.75000,16.75000,16.25000,16.25000,4400,16.25000
BLVD-199403,19930212,17.25000,17.25000,17.25000,17.25000,800,17.25000
BLVD-199403,19930216,16.25000,17.00000,16.25000,17.00000,11800,17.00000
BLVD-199403,19930217,17.00000,17.00000,17.00000,17.00000,100,17.00000
BLVD-199403,19930222,17.00000,17.75000,17.00000,17.25000,24600,17.25000
BLVD-199403,19930223,17.75000,18.00000,17.25000,17.25000,12500,17.25000
BLVD-199403,19930224,18.00000,18.00000,17.75000,17.75000,2000,17.75000
BLVD-199403,19930225,18.00000,18.00000,17.25000,17.25000,2226,17.25000
BLVD-199403,19930226,17.75000,17.75000,17.75000,17.75000,1250,17.75000
BLVD-199403,19930301,17.75000,17.75000,17.75000,17.75000,3000,17.75000
BLVD-199403,19930302,17.25000,17.75000,17.25000,17.75000,1000,17.75000
BLVD-199403,19930303,17.25000,17.75000,17.25000,17.75000,576,17.75000
BLVD-199403,19930304,17.25000,17.75000,17.25000,17.75000,288,17.75000
BLVD-199403,19930305,17.75000,17.75000,17.75000,17.75000,1188,17.75000
BLVD-199403,19930308,17.25000,17.25000,17.25000,17.25000,600,17.25000
BLVD-199403,19930309,17.25000,17.50000,17.25000,17.50000,1200,17.50000
BLVD-199403,19930310,17.75000,17.75000,17.25000,17.25000,800,17.25000
BLVD-199403,19930311,17.75000,17.75000,17.75000,17.75000,2000,17.75000
BLVD-199403,19930312,17.25000,17.75000,17.25000,17.75000,600,17.75000
BLVD-199403,19930315,17.75000,17.75000,17.50000,17.50000,8500,17.50000
BLVD-199403,19930316,17.75000,17.75000,17.25000,17.25000,3150,17.25000
BLVD-199403,19930317,17.25000,17.25000,17.25000,17.25000,300,17.25000
BLVD-199403,19930318,17.62500,17.62500,17.62500,17.62500,2000,17.62500
BLVD-199403,19930319,17.75000,17.75000,17.75000,17.75000,100,17.75000
BLVD-199403,19930324,17.75000,17.75000,17.75000,17.75000,1000,17.75000
BLVD-199403,19930325,18.00000,18.25000,17.50000,18.25000,300,18.25000
BLVD-199403,19930326,18.25000,18.25000,18.25000,18.25000,600,18.25000
BLVD-199403,19930329,18.25000,18.25000,18.25000,18.25000,150,18.25000
BLVD-199403,19930405,17.75000,17.75000,17.75000,17.75000,100,17.75000
BLVD-199403,19930406,17.75000,18.25000,17.75000,17.75000,6200,17.75000
BLVD-199403,19930407,18.25000,18.25000,18.25000,18.25000,850,18.25000
BLVD-199403,19930412,17.75000,18.25000,17.75000,17.75000,16200,17.75000
BLVD-199403,19930413,18.25000,18.25000,18.00000,18.00000,2700,18.00000
BLVD-199403,19930414,17.75000,17.75000,17.75000,17.75000,300,17.75000
BLVD-199403,19930415,17.75000,17.75000,17.75000,17.75000,200,17.75000
BLVD-199403,19930416,17.75000,18.50000,17.75000,18.50000,4600,18.50000
BLVD-199403,19930419,18.00000,18.75000,18.00000,18.50000,11100,18.50000
BLVD-199403,19930420,18.75000,18.75000,18.25000,18.25000,2900,18.25000
BLVD-199403,19930421,18.75000,18.75000,18.75000,18.75000,600,18.75000
BLVD-199403,19930422,18.25000,18.25000,18.25000,18.25000,100,18.25000
BLVD-199403,19930423,18.25000,18.25000,18.25000,18.25000,1500,18.25000
BLVD-199403,19930426,18.25000,18.25000,18.00000,18.00000,3350,18.00000
BLVD-199403,19930427,17.75000,18.00000,17.75000,18.00000,1500,18.00000
BLVD-199403,19930430,18.50000,18.50000,18.50000,18.50000,1000,18.50000
BLVD-199403,19930503,18.25000,18.25000,18.25000,18.25000,400,18.25000
BLVD-199403,19930505,17.75000,18.50000,17.75000,18.50000,2000,18.50000
BLVD-199403,19930506,18.50000,18.50000,17.75000,17.75000,3800,17.75000
BLVD-199403,19930507,17.75000,17.75000,17.75000,17.75000,1600,17.75000
BLVD-199403,19930510,18.25000,18.25000,17.75000,17.75000,2700,17.75000
BLVD-199403,19930511,17.75000,18.25000,17.75000,18.25000,700,18.25000
BLVD-199403,19930512,17.75000,18.25000,17.75000,18.25000,1150,18.25000
BLVD-199403,19930514,18.25000,18.25000,17.75000,17.75000,400,17.75000
BLVD-199403,19930517,17.75000,18.25000,17.75000,17.87500,2300,17.87500
BLVD-199403,19930519,17.75000,17.75000,17.75000,17.75000,200,17.75000
BLVD-199403,19930521,18.00000,18.00000,18.00000,18.00000,2300,18.00000
BLVD-199403,19930525,18.00000,18.00000,18.00000,18.00000,1000,18.00000
BLVD-199403,19930528,17.75000,17.75000,17.75000,17.75000,2500,17.75000
BLVD-199403,19930601,17.75000,17.75000,17.75000,17.75000,3000,17.75000
BLVD-199403,19930602,17.75000,17.75000,17.25000,17.25000,6750,17.25000
BLVD-199403,19930603,18.00000,18.00000,18.00000,18.00000,1000,18.00000
BLVD-199403,19930604,18.00000,18.00000,18.00000,18.00000,500,18.00000
BLVD-199403,19930607,18.00000,18.00000,18.00000,18.00000,500,18.00000
BLVD-199403,19930608,17.00000,17.00000,17.00000,17.00000,3500,17.00000
BLVD-199403,19930611,17.00000,17.00000,16.50000,16.50000,2500,16.50000
BLVD-199403,19930614,16.50000,17.25000,16.50000,17.00000,10300,17.00000
BLVD-199403,19930615,16.75000,17.25000,16.75000,17.00000,3500,17.00000
BLVD-199403,19930616,16.37500,16.37500,16.37500,16.37500,210,16.37500
BLVD-199403,19930618,16.62500,16.75000,16.37500,16.37500,29400,16.37500
BLVD-199403,19930621,16.50000,16.50000,16.50000,16.50000,900,16.50000
BLVD-199403,19930622,16.25000,16.25000,16.25000,16.25000,200,16.25000
BLVD-199403,19930624,16.25000,16.25000,16.25000,16.25000,624,16.25000
BLVD-199403,19930625,17.00000,17.00000,16.75000,17.00000,2100,17.00000
BLVD-199403,19930628,17.00000,17.50000,16.87500,17.50000,21600,17.50000
BLVD-199403,19930629,17.50000,17.50000,17.50000,17.50000,1500,17.50000
BLVD-199403,19930630,17.50000,17.50000,17.50000,17.50000,3000,17.50000
BLVD-199403,19930701,17.00000,17.75000,17.00000,17.75000,2600,17.75000
BLVD-199403,19930702,17.37500,17.37500,17.00000,17.00000,3000,17.00000
BLVD-199403,19930707,17.75000,17.75000,17.75000,17.75000,200,17.75000
BLVD-199403,19930708,17.00000,17.75000,17.00000,17.75000,2500,17.75000
BLVD-199403,19930709,17.00000,17.25000,17.00000,17.25000,2000,17.25000
BLVD-199403,19930712,17.75000,17.75000,17.62500,17.75000,8000,17.75000
BLVD-199403,19930713,17.25000,17.75000,17.25000,17.62500,2700,17.62500
BLVD-199403,19930714,17.25000,17.75000,17.25000,17.75000,2250,17.75000
BLVD-199403,19930715,18.00000,18.00000,18.00000,18.00000,600,18.00000
BLVD-199403,19930716,18.00000,18.00000,18.00000,18.00000,900,18.00000
BLVD-199403,19930719,18.00000,18.00000,17.87500,17.87500,2000,17.87500
BLVD-199403,19930720,17.25000,17.25000,17.25000,17.25000,300,17.25000
BLVD-199403,19930722,17.25000,17.25000,17.25000,17.25000,5112,17.25000
BLVD-199403,19930723,18.00000,18.00000,18.00000,18.00000,300,18.00000
BLVD-199403,19930726,18.00000,18.25000,17.87500,18.25000,9600,18.25000
BLVD-199403,19930727,18.25000,18.25000,18.00000,18.00000,1650,18.00000
BLVD-199403,19930728,18.50000,18.50000,18.00000,18.00000,6200,18.00000
BLVD-199403,19930729,18.00000,19.00000,18.00000,19.00000,26200,19.00000
BLVD-199403,19930730,18.75000,20.75000,18.75000,20.00000,27636,20.00000
BLVD-199403,19930802,20.75000,21.50000,20.25000,21.50000,17150,21.50000
BLVD-199403,19930803,21.50000,21.50000,20.50000,20.50000,2400,20.50000
BLVD-199403,19930804,20.75000,20.75000,20.75000,20.75000,1000,20.75000
BLVD-199403,19930805,20.50000,21.25000,20.50000,20.75000,2100,20.75000
BLVD-199403,19930806,21.25000,21.75000,20.75000,21.75000,16700,21.75000
BLVD-199403,19930809,21.75000,21.75000,21.25000,21.25000,13450,21.25000
BLVD-199403,19930810,22.00000,22.50000,21.50000,22.00000,18900,22.00000
BLVD-199403,19930811,22.50000,22.50000,21.50000,22.00000,17200,22.00000
BLVD-199403,19930812,22.00000,22.00000,21.50000,21.50000,7300,21.50000
BLVD-199403,19930813,21.75000,21.75000,21.00000,21.75000,32400,21.75000
BLVD-199403,19930816,22.25000,23.25000,21.75000,23.25000,45376,23.25000
BLVD-199403,19930817,23.25000,23.25000,22.50000,22.50000,58686,22.50000
BLVD-199403,19930818,22.50000,23.00000,22.50000,23.00000,32466,23.00000
BLVD-199403,19930819,23.00000,23.00000,22.25000,22.37500,26300,22.37500
BLVD-199403,19930820,22.25000,23.00000,22.25000,22.75000,12300,22.75000
BLVD-199403,19930823,22.75000,22.75000,22.25000,22.50000,20276,22.50000
BLVD-199403,19930824,22.25000,22.75000,22.25000,22.25000,13200,22.25000
BLVD-199403,19930825,22.75000,22.75000,22.25000,22.75000,7300,22.75000
BLVD-199403,19930826,22.75000,22.75000,22.25000,22.75000,11350,22.75000
BLVD-199403,19930827,22.25000,22.75000,22.25000,22.25000,1800,22.25000
BLVD-199403,19930830,22.25000,23.00000,22.25000,23.00000,58200,23.00000
BLVD-199403,19930831,22.75000,24.00000,22.25000,24.00000,39400,24.00000
BLVD-199403,19930901,24.00000,24.00000,23.50000,23.50000,9350,23.50000
BLVD-199403,19930902,24.25000,24.25000,23.87500,24.00000,1600,24.00000
BLVD-199403,19930907,24.25000,24.25000,23.50000,23.50000,4500,23.50000
BLVD-199403,19930908,23.50000,24.00000,23.00000,23.50000,12500,23.50000
BLVD-199403,19930909,23.00000,23.50000,23.00000,23.25000,11800,23.25000
BLVD-199403,19930913,23.50000,23.50000,23.00000,23.00000,8050,23.00000
BLVD-199403,19930914,22.75000,23.50000,22.75000,22.75000,10900,22.75000
BLVD-199403,19930915,23.25000,23.25000,23.25000,23.25000,700,23.25000
BLVD-199403,19930916,22.75000,23.25000,22.75000,23.25000,1800,23.25000
BLVD-199403,19930917,23.25000,23.25000,23.25000,23.25000,500,23.25000
BLVD-199403,19930920,23.25000,23.50000,22.75000,22.75000,7350,22.75000
BLVD-199403,19930921,22.75000,23.50000,22.75000,22.87500,4900,22.87500
BLVD-199403,19930922,22.75000,23.50000,22.75000,23.50000,26434,23.50000
BLVD-199403,19930923,23.50000,23.50000,23.25000,23.25000,4600,23.25000
BLVD-199403,19930924,22.75000,23.50000,22.75000,23.00000,9784,23.00000
BLVD-199403,19930927,23.00000,23.50000,23.00000,23.50000,18700,23.50000
BLVD-199403,19930928,23.50000,23.75000,23.00000,23.25000,12100,23.25000
BLVD-199403,19930929,23.25000,23.75000,23.25000,23.50000,6532,23.50000
BLVD-199403,19930930,24.25000,25.25000,24.25000,25.00000,309486,25.00000
BLVD-199403,19931001,25.00000,25.25000,24.75000,25.00000,34536,25.00000
BLVD-199403,19931004,25.00000,25.50000,25.00000,25.25000,27816,25.25000
BLVD-199403,19931005,25.62500,26.00000,25.50000,26.00000,14400,26.00000
BLVD-199403,19931006,25.50000,25.50000,25.25000,25.25000,31400,25.25000
BLVD-199403,19931007,25.25000,25.25000,25.00000,25.00000,14866,25.00000
BLVD-199403,19931008,25.00000,25.25000,24.75000,25.00000,3400,25.00000
BLVD-199403,19931011,24.87500,24.87500,24.75000,24.75000,3650,24.75000
BLVD-199403,19931012,25.25000,25.25000,25.25000,25.25000,282,25.25000
BLVD-199403,19931013,25.25000,25.25000,25.25000,25.25000,200,25.25000
BLVD-199403,19931014,25.00000,25.25000,24.75000,24.75000,14466,24.75000
BLVD-199403,19931015,25.25000,25.25000,25.25000,25.25000,400,25.25000
BLVD-199403,19931018,24.75000,24.75000,24.00000,24.00000,11100,24.00000
BLVD-199403,19931019,24.00000,24.25000,24.00000,24.25000,3706,24.25000
BLVD-199403,19931020,24.12500,24.25000,24.12500,24.12500,11800,24.12500
BLVD-199403,19931021,24.00000,24.00000,24.00000,24.00000,1000,24.00000
BLVD-199403,19931022,24.25000,24.25000,24.00000,24.25000,2600,24.25000
BLVD-199403,19931025,24.00000,24.50000,24.00000,24.50000,7200,24.50000
BLVD-199403,19931026,24.25000,24.25000,24.25000,24.25000,2500,24.25000
BLVD-199403,19931027,24.00000,24.00000,24.00000,24.00000,2100,24.00000
BLVD-199403,19931028,24.00000,24.25000,24.00000,24.12500,7800,24.12500
BLVD-199403,19931101,24.12500,24.50000,24.12500,24.25000,5600,24.25000
BLVD-199403,19931102,24.12500,24.75000,24.12500,24.75000,936,24.75000
BLVD-199403,19931103,24.12500,24.12500,24.12500,24.12500,1196,24.12500
BLVD-199403,19931104,24.00000,24.25000,23.75000,23.75000,7550,23.75000
BLVD-199403,19931105,23.50000,23.50000,23.50000,23.50000,100,23.50000
BLVD-199403,19931108,23.50000,23.50000,23.50000,23.50000,2300,23.50000
BLVD-199403,19931109,23.50000,23.50000,23.50000,23.50000,900,23.50000
BLVD-199403,19931110,23.50000,23.50000,23.50000,23.50000,300,23.50000
BLVD-199403,19931111,23.25000,23.25000,23.00000,23.00000,14900,23.00000
BLVD-199403,19931115,23.00000,23.00000,22.75000,22.75000,16100,22.75000
BLVD-199403,19931116,22.75000,22.75000,22.50000,22.50000,26300,22.50000
BLVD-199403,19931117,22.37500,23.12500,22.37500,23.12500,6700,23.12500
BLVD-199403,19931118,22.50000,22.50000,22.50000,22.50000,1000,22.50000
BLVD-199403,19931119,22.37500,22.37500,22.37500,22.37500,200,22.37500
BLVD-199403,19931123,22.37500,23.00000,22.25000,22.25000,14400,22.25000
BLVD-199403,19931124,22.25000,22.25000,22.25000,22.25000,25100,22.25000
BLVD-199403,19931129,22.25000,22.37500,22.25000,22.25000,50000,22.25000
BLVD-199403,19931130,22.25000,22.75000,22.25000,22.25000,8550,22.25000
BLVD-199403,19931202,22.25000,22.25000,22.25000,22.25000,1262,22.25000
BLVD-199403,19931203,22.75000,22.75000,22.75000,22.75000,362,22.75000
BLVD-199403,19931206,22.25000,22.25000,22.25000,22.25000,200,22.25000
BLVD-199403,19931207,22.75000,22.75000,22.50000,22.50000,1126,22.50000
BLVD-199403,19931208,22.50000,23.00000,22.50000,22.50000,5300,22.50000
BLVD-199403,19931209,22.25000,22.25000,22.25000,22.25000,636,22.25000
BLVD-199403,19931210,22.25000,22.25000,22.25000,22.25000,3000,22.25000
BLVD-199403,19931213,22.12500,22.12500,22.12500,22.12500,400,22.12500
BLVD-199403,19931214,22.00000,22.00000,22.00000,22.00000,5300,22.00000
BLVD-199403,19931215,22.00000,22.25000,22.00000,22.25000,5118,22.25000
BLVD-199403,19931216,22.00000,22.50000,22.00000,22.50000,960,22.50000
BLVD-199403,19931217,22.50000,22.50000,22.00000,22.25000,15426,22.25000
BLVD-199403,19931220,22.50000,22.50000,22.00000,22.50000,1100,22.50000
BLVD-199403,19931221,22.50000,22.75000,22.00000,22.75000,8924,22.75000
BLVD-199403,19931222,22.25000,22.62500,22.25000,22.62500,11000,22.62500
BLVD-199403,19931223,22.75000,23.25000,22.75000,23.25000,33800,23.25000
BLVD-199403,19931227,23.25000,23.50000,23.25000,23.50000,6400,23.50000
BLVD-199403,19931228,23.50000,24.00000,23.50000,24.00000,17410,24.00000
BLVD-199403,19931229,24.00000,24.00000,23.75000,23.75000,16650,23.75000
BLVD-199403,19931230,23.75000,24.00000,23.75000,23.75000,1150,23.75000
BLVD-199403,19931231,23.75000,23.75000,23.75000,23.75000,7600,23.75000
BLVD-199403,19940103,24.25000,24.25000,24.25000,24.25000,5900,24.25000
BLVD-199403,19940104,24.25000,24.25000,24.00000,24.00000,3200,24.00000
BLVD-199403,19940107,24.37500,24.37500,24.37500,24.37500,2000,24.37500
BLVD-199403,19940110,24.00000,24.62500,24.00000,24.50000,6428,24.50000
BLVD-199403,19940111,24.25000,24.25000,24.25000,24.25000,476,24.25000
BLVD-199403,19940112,24.25000,24.25000,24.25000,24.25000,200,24.25000
BLVD-199403,19940113,24.25000,24.25000,24.25000,24.25000,100,24.25000
BLVD-199403,19940114,24.25000,24.50000,24.25000,24.25000,8300,24.25000
BLVD-199403,19940117,24.00000,24.00000,24.00000,24.00000,1000,24.00000
BLVD-199403,19940118,24.00000,24.00000,24.00000,24.00000,200,24.00000
BLVD-199403,19940120,23.87500,23.87500,23.87500,23.87500,1200,23.87500
BLVD-199403,19940124,23.87500,24.12500,23.87500,24.12500,2312,24.12500
BLVD-199403,19940126,23.75000,24.00000,23.75000,24.00000,3814,24.00000
BLVD-199403,19940127,23.50000,24.25000,23.50000,24.25000,5610,24.25000
BLVD-199403,19940128,24.50000,24.50000,24.50000,24.50000,1548,24.50000
BLVD-199403,19940131,24.50000,24.50000,24.25000,24.25000,7300,24.25000
BLVD-199403,19940201,24.75000,25.00000,24.50000,24.75000,17200,24.75000
BLVD-199403,19940202,24.75000,24.75000,24.75000,24.75000,600,24.75000
BLVD-199403,19940203,25.25000,25.25000,25.00000,25.00000,16500,25.00000
BLVD-199403,19940204,24.75000,25.12500,24.75000,24.87500,6300,24.87500
BLVD-199403,19940207,24.75000,25.00000,24.50000,24.50000,15000,24.50000
BLVD-199403,19940208,24.87500,24.87500,24.75000,24.75000,1150,24.75000
BLVD-199403,19940209,24.75000,24.75000,24.75000,24.75000,1800,24.75000
BLVD-199403,19940210,24.75000,24.75000,24.75000,24.75000,1200,24.75000
BLVD-199403,19940211,24.75000,24.87500,24.75000,24.87500,2000,24.87500
BLVD-199403,19940214,24.75000,25.50000,24.75000,25.50000,2650,25.50000
BLVD-199403,19940215,24.75000,25.25000,24.75000,25.25000,4000,25.25000
BLVD-199403,19940216,24.75000,25.50000,24.75000,25.25000,10500,25.25000
BLVD-199403,19940217,25.75000,25.75000,25.25000,25.25000,3200,25.25000
BLVD-199403,19940218,26.00000,26.00000,25.25000,25.25000,2176,25.25000
BLVD-199403,19940222,25.25000,25.25000,25.25000,25.25000,200,25.25000
BLVD-199403,19940223,26.00000,26.00000,25.25000,25.25000,10300,25.25000
BLVD-199403,19940224,25.25000,25.62500,25.25000,25.50000,29700,25.50000
BLVD-199403,19940225,25.75000,26.00000,25.25000,26.00000,17000,26.00000
BLVD-199403,19940228,25.50000,26.75000,25.50000,26.75000,28450,26.75000
BLVD-199403,19940301,26.25000,27.00000,26.25000,27.00000,8900,27.00000
BLVD-199403,19940302,26.25000,26.25000,26.12500,26.25000,6600,26.25000
BLVD-199403,19940303,26.00000,26.00000,25.50000,25.62500,69376,25.62500
BLVD-199403,19940304,25.37500,26.00000,25.25000,25.37500,16500,25.37500
BLVD-199403,19940307,25.37500,25.50000,25.25000,25.37500,26326,25.37500
BLVD-199403,19940308,25.37500,25.37500,25.25000,25.37500,43650,25.37500
BLVD-199403,19940309,25.25000,25.25000,24.75000,25.00000,36600,25.00000
BLVD-199403,19940310,24.75000,24.75000,24.50000,24.75000,12750,24.75000
BLVD-199403,19940311,24.75000,25.00000,24.75000,25.00000,72200,25.00000
BLVD-199403,19940314,25.12500,25.25000,25.00000,25.25000,12700,25.25000
BLVD-199403,19940315,25.12500,25.50000,25.00000,25.50000,65000,25.50000
BLVD-199403,19940316,25.75000,25.75000,25.25000,25.75000,17650,25.75000
BLVD-199403,19940317,25.50000,25.62500,25.50000,25.62500,32950,25.62500
BLVD-199403,19940318,25.50000,25.75000,25.50000,25.50000,51000,25.50000
BLVD-199403,19940321,25.62500,25.62500,25.50000,25.50000,16100,25.50000
BLVD-199403,19940322,25.62500,25.62500,25.50000,25.50000,21800,25.50000
BLVD-199403,19940323,25.75000,26.00000,25.50000,26.00000,45900,26.00000
BLVD-199403,19940324,26.00000,26.00000,25.75000,25.75000,44250,25.75000
BLVD-199403,19940325,25.87500,26.25000,25.75000,26.00000,7204,26.00000
