Ticker,Date,Open,High,Low,Close,Volume,Open Interest
BOST-199812,19931109,23.75000,25.50000,22.00000,24.25000,16966680,48.50000
BOST-199812,19931110,23.87500,24.00000,23.00000,23.25000,4759600,46.50000
BOST-199812,19931111,23.06250,23.12500,20.75000,21.00000,3722120,42.00000
BOST-199812,19931112,20.12500,20.37500,19.62500,19.87500,1377522,39.75000
BOST-199812,19931115,19.87500,20.00000,19.00000,19.37500,1167762,38.75000
BOST-199812,19931116,19.37500,21.12500,19.00000,21.00000,1319808,42.00000
BOST-199812,19931117,21.50000,21.75000,20.12500,20.56250,1128422,41.12500
BOST-199812,19931118,20.62500,20.75000,20.12500,20.37500,319744,40.75000
BOST-199812,19931119,20.50000,20.50000,19.87500,20.00000,436154,40.00000
BOST-199812,19931122,19.75000,19.75000,19.25000,19.75000,378614,39.50000
BOST-199812,19931123,19.87500,20.12500,19.50000,19.62500,247382,39.25000
BOST-199812,19931124,19.75000,19.75000,18.87500,19.12500,341986,38.25000
BOST-199812,19931126,19.00000,19.37500,19.00000,19.12500,169400,38.25000
BOST-199812,19931129,19.25000,19.37500,18.87500,18.87500,173920,37.75000
BOST-199812,19931130,19.12500,19.12500,17.87500,18.68750,594324,37.37500
BOST-199812,19931201,19.12500,19.75000,18.75000,19.75000,355298,39.50000
BOST-199812,19931202,19.87500,20.00000,19.37500,19.50000,300508,39.00000
BOST-199812,19931203,19.37500,19.62500,18.75000,18.87500,271198,37.75000
BOST-199812,19931206,19.50000,20.50000,19.25000,20.37500,479524,40.75000
BOST-199812,19931207,20.50000,20.62500,19.87500,20.12500,377484,40.25000
BOST-199812,19931208,19.50000,19.62500,19.12500,19.50000,191332,39.00000
BOST-199812,19931209,19.37500,19.75000,18.87500,19.31250,398386,38.62500
BOST-199812,19931210,19.00000,19.37500,19.00000,19.06250,50134,38.12500
BOST-199812,19931213,19.37500,19.37500,18.87500,18.87500,123160,37.75000
BOST-199812,19931214,19.00000,19.00000,18.00000,18.50000,276422,37.00000
BOST-199812,19931215,18.62500,18.75000,18.37500,18.75000,165318,37.50000
BOST-199812,19931216,18.75000,19.12500,18.50000,18.50000,184470,37.00000
BOST-199812,19931217,18.50000,19.00000,18.50000,19.00000,157764,38.00000
BOST-199812,19931220,19.12500,19.12500,18.25000,18.62500,282750,37.25000
BOST-199812,19931221,18.37500,18.62500,18.12500,18.62500,191860,37.25000
BOST-199812,19931222,19.12500,19.50000,18.87500,19.00000,575640,38.00000
BOST-199812,19931223,19.25000,19.25000,18.75000,19.00000,161614,38.00000
BOST-199812,19931227,18.87500,19.12500,18.75000,19.00000,157746,38.00000
BOST-199812,19931228,18.50000,18.87500,18.25000,18.75000,283396,37.50000
BOST-199812,19931229,18.87500,18.87500,18.12500,18.25000,238298,36.50000
BOST-199812,19931230,18.37500,18.50000,18.00000,18.06250,346570,36.12500
BOST-199812,19931231,18.12500,18.25000,17.75000,18.00000,348300,36.00000
BOST-199812,19940103,18.06250,18.37500,17.62500,18.37500,557578,36.75000
BOST-199812,19940104,19.25000,19.50000,18.75000,19.00000,757652,38.00000
BOST-199812,19940105,19.12500,19.37500,18.62500,19.12500,388902,38.25000
BOST-199812,19940106,19.25000,19.37500,18.87500,19.06250,311424,38.12500
BOST-199812,19940107,19.25000,19.25000,18.25000,18.62500,752180,37.25000
BOST-199812,19940110,19.25000,20.75000,19.00000,20.50000,1095052,41.00000
BOST-199812,19940111,21.00000,21.62500,20.50000,21.50000,1055028,43.00000
BOST-199812,19940112,21.62500,21.87500,20.87500,21.50000,708130,43.00000
BOST-199812,19940113,21.12500,22.00000,21.12500,21.87500,476062,43.75000
BOST-199812,19940114,21.87500,22.37500,21.75000,21.87500,394786,43.75000
BOST-199812,19940117,22.12500,23.37500,21.87500,23.31250,837224,46.62500
BOST-199812,19940118,23.37500,24.12500,22.50000,24.12500,1114120,48.25000
BOST-199812,19940119,24.12500,24.25000,23.25000,23.50000,683290,47.00000
BOST-199812,19940120,23.25000,24.12500,23.12500,23.87500,344918,47.75000
BOST-199812,19940121,24.12500,24.12500,23.12500,23.31250,493344,46.62500
BOST-199812,19940124,23.25000,23.37500,22.25000,22.37500,265114,44.75000
BOST-199812,19940125,22.12500,22.75000,22.00000,22.37500,196690,44.75000
BOST-199812,19940126,22.25000,22.75000,22.00000,22.62500,248876,45.25000
BOST-199812,19940127,22.75000,22.75000,22.00000,22.06250,186986,44.12500
BOST-199812,19940128,22.37500,22.37500,21.87500,22.25000,322952,44.50000
BOST-199812,19940131,22.25000,24.00000,22.25000,23.75000,895624,47.50000
BOST-199812,19940201,24.00000,24.00000,23.25000,23.75000,310732,47.50000
BOST-199812,19940202,23.87500,24.00000,23.12500,23.25000,364442,46.50000
BOST-199812,19940203,23.25000,23.37500,22.50000,22.50000,191316,45.00000
BOST-199812,19940204,22.50000,23.12500,21.37500,21.43750,679806,42.87500
BOST-199812,19940207,21.12500,22.00000,20.75000,21.87500,1102432,43.75000
BOST-199812,19940208,22.00000,22.12500,21.50000,22.12500,376022,44.25000
BOST-199812,19940209,22.00000,22.75000,21.75000,22.75000,287490,45.50000
BOST-199812,19940210,22.37500,22.75000,22.37500,22.68750,135516,45.37500
BOST-199812,19940211,22.37500,22.50000,21.75000,22.12500,286580,44.25000
BOST-199812,19940214,22.37500,22.37500,21.87500,22.12500,161536,44.25000
BOST-199812,19940215,22.12500,22.12500,21.62500,21.87500,85144,43.75000
BOST-199812,19940216,21.62500,22.00000,21.50000,21.62500,118048,43.25000
BOST-199812,19940217,21.87500,22.00000,21.62500,21.62500,98400,43.25000
BOST-199812,19940218,21.62500,21.75000,21.12500,21.37500,238400,42.75000
BOST-199812,19940222,21.12500,21.62500,21.12500,21.62500,165352,43.25000
BOST-199812,19940223,21.62500,21.62500,21.37500,21.50000,88004,43.00000
BOST-199812,19940224,21.25000,21.50000,20.87500,21.37500,201300,42.75000
BOST-199812,19940225,21.50000,22.00000,21.37500,21.87500,152978,43.75000
BOST-199812,19940228,22.00000,22.00000,21.62500,21.87500,40388,43.75000
BOST-199812,19940301,21.62500,21.87500,21.12500,21.37500,120210,42.75000
BOST-199812,19940302,20.87500,21.75000,20.75000,21.37500,240076,42.75000
BOST-199812,19940303,21.12500,21.50000,21.00000,21.12500,55176,42.25000
BOST-199812,19940304,21.12500,21.87500,21.00000,21.62500,198308,43.25000
BOST-199812,19940307,21.50000,22.12500,21.50000,21.87500,152002,43.75000
BOST-199812,19940308,22.12500,22.12500,21.75000,21.87500,92254,43.75000
BOST-199812,19940309,22.00000,22.00000,21.25000,21.25000,249378,42.50000
BOST-199812,19940310,21.50000,21.50000,21.00000,21.12500,122180,42.25000
BOST-199812,19940311,21.37500,21.75000,21.25000,21.50000,66250,43.00000
BOST-199812,19940314,21.75000,22.37500,21.50000,22.37500,187074,44.75000
BOST-199812,19940315,22.25000,22.75000,22.25000,22.37500,227884,44.75000
BOST-199812,19940316,22.75000,22.75000,22.37500,22.50000,48464,45.00000
BOST-199812,19940317,22.37500,22.75000,22.37500,22.50000,80276,45.00000
BOST-199812,19940318,22.50000,22.50000,22.00000,22.25000,47600,44.50000
BOST-199812,19940321,22.00000,22.25000,21.50000,21.75000,50832,43.50000
BOST-199812,19940322,21.50000,21.75000,21.50000,21.75000,14410,43.50000
BOST-199812,19940323,21.75000,22.62500,21.50000,22.62500,182820,45.25000
BOST-199812,19940324,22.37500,22.62500,21.87500,22.12500,86550,44.25000
BOST-199812,19940325,22.12500,22.12500,21.62500,21.62500,36910,43.25000
BOST-199812,19940328,21.87500,21.87500,21.12500,21.50000,73756,43.00000
BOST-199812,19940329,21.25000,21.25000,20.37500,20.56250,335740,41.12500
BOST-199812,19940330,20.37500,20.50000,19.62500,19.62500,480412,39.25000
BOST-199812,19940331,19.62500,19.75000,18.12500,19.25000,1050072,38.50000
BOST-199812,19940404,18.75000,19.25000,18.25000,19.00000,381362,38.00000
BOST-199812,19940405,19.50000,19.75000,19.25000,19.75000,294424,39.50000
BOST-199812,19940406,19.87500,19.87500,19.50000,19.62500,151558,39.25000
BOST-199812,19940407,19.62500,19.62500,19.00000,19.12500,181650,38.25000
BOST-199812,19940408,19.12500,19.50000,19.12500,19.12500,130050,38.25000
BOST-199812,19940411,19.25000,19.25000,19.00000,19.25000,46780,38.50000
BOST-199812,19940412,19.37500,19.62500,19.12500,19.37500,166730,38.75000
BOST-199812,19940413,19.50000,19.50000,19.12500,19.25000,212542,38.50000
BOST-199812,19940414,19.25000,19.25000,18.75000,18.87500,201894,37.75000
BOST-199812,19940415,18.75000,19.00000,18.75000,18.87500,135220,37.75000
BOST-199812,19940418,18.87500,19.00000,18.62500,18.62500,103500,37.25000
BOST-199812,19940419,18.68750,18.75000,17.50000,18.12500,379108,36.25000
BOST-199812,19940420,17.87500,18.12500,17.00000,17.75000,530934,35.50000
BOST-199812,19940421,17.75000,18.12500,17.50000,18.00000,217848,36.00000
BOST-199812,19940422,18.25000,18.50000,18.00000,18.25000,149920,36.50000
BOST-199812,19940425,18.50000,18.75000,18.25000,18.68750,144776,37.37500
BOST-199812,19940426,18.75000,19.37500,18.75000,19.12500,98634,38.25000
BOST-199812,19940428,19.12500,19.37500,18.62500,18.75000,130720,37.50000
BOST-199812,19940429,18.62500,19.37500,18.50000,19.25000,318274,38.50000
BOST-199812,19940502,19.75000,19.75000,19.25000,19.50000,172864,39.00000
BOST-199812,19940503,19.62500,19.75000,18.87500,19.25000,143084,38.50000
BOST-199812,19940504,19.25000,19.25000,18.75000,18.87500,86600,37.75000
BOST-199812,19940505,18.75000,19.25000,18.75000,19.12500,91374,38.25000
BOST-199812,19940506,18.87500,18.87500,18.25000,18.75000,295750,37.50000
BOST-199812,19940509,18.50000,18.75000,17.87500,18.12500,252288,36.25000
BOST-199812,19940510,18.62500,19.37500,18.50000,18.75000,608650,37.50000
BOST-199812,19940511,18.87500,18.87500,17.87500,18.25000,309152,36.50000
BOST-199812,19940512,18.25000,18.50000,18.00000,18.12500,252064,36.25000
BOST-199812,19940513,18.12500,18.25000,17.62500,17.75000,108814,35.50000
BOST-199812,19940516,18.00000,18.37500,17.75000,18.06250,183606,36.12500
BOST-199812,19940517,18.37500,18.75000,18.12500,18.75000,120944,37.50000
BOST-199812,19940518,18.75000,18.75000,18.25000,18.50000,91200,37.00000
BOST-199812,19940519,17.62500,18.37500,17.50000,17.87500,408690,35.75000
BOST-199812,19940520,17.75000,18.12500,17.50000,18.00000,150550,36.00000
BOST-199812,19940523,18.12500,18.12500,18.00000,18.00000,35756,36.00000
BOST-199812,19940524,18.12500,18.12500,18.00000,18.00000,86650,36.00000
BOST-199812,19940525,18.00000,18.12500,17.62500,17.75000,357520,35.50000
BOST-199812,19940526,18.00000,18.00000,17.62500,17.87500,155894,35.75000
BOST-199812,19940527,17.62500,18.00000,17.50000,18.00000,143458,36.00000
BOST-199812,19940531,17.87500,18.87500,17.87500,18.87500,273140,37.75000
BOST-199812,19940601,18.87500,19.75000,18.75000,19.68750,565110,39.37500
BOST-199812,19940602,20.00000,20.50000,19.75000,20.50000,869068,41.00000
BOST-199812,19940603,20.50000,20.50000,19.87500,20.25000,351800,40.50000
BOST-199812,19940606,20.50000,20.62500,20.00000,20.62500,232404,41.25000
BOST-199812,19940607,20.62500,20.75000,19.62500,19.75000,283542,39.50000
BOST-199812,19940608,20.00000,20.00000,19.00000,19.12500,248722,38.25000
BOST-199812,19940609,19.12500,19.25000,19.00000,19.25000,43664,38.50000
BOST-199812,19940610,19.12500,19.25000,19.00000,19.25000,48380,38.50000
BOST-199812,19940613,19.00000,19.12500,18.62500,19.12500,58242,38.25000
BOST-199812,19940614,19.12500,19.75000,19.00000,19.75000,169892,39.50000
BOST-199812,19940615,19.75000,19.75000,19.37500,19.37500,73024,38.75000
BOST-199812,19940616,19.62500,19.62500,19.37500,19.62500,106780,39.25000
BOST-199812,19940617,19.62500,19.62500,19.25000,19.37500,42480,38.75000
BOST-199812,19940620,19.37500,19.37500,17.81250,18.06250,423828,36.12500
BOST-199812,19940621,18.00000,18.00000,17.50000,18.00000,426858,36.00000
BOST-199812,19940622,18.12500,18.62500,18.12500,18.62500,327670,37.25000
BOST-199812,19940623,18.75000,19.00000,18.00000,18.12500,365664,36.25000
BOST-199812,19940624,17.62500,18.25000,17.62500,17.87500,301130,35.75000
BOST-199812,19940627,17.87500,18.25000,17.50000,17.87500,342948,35.75000
BOST-199812,19940628,17.87500,18.12500,17.00000,17.12500,446184,34.25000
BOST-199812,19940629,17.12500,17.37500,17.00000,17.25000,446690,34.50000
BOST-199812,19940630,17.00000,18.12500,16.12500,17.87500,1388562,35.75000
BOST-199812,19940701,18.50000,19.12500,18.25000,18.87500,1076464,37.75000
BOST-199812,19940705,18.37500,19.12500,18.25000,18.37500,379890,36.75000
BOST-199812,19940706,18.62500,18.87500,18.00000,18.68750,520500,37.37500
BOST-199812,19940707,18.75000,18.87500,18.37500,18.43750,458976,36.87500
BOST-199812,19940708,17.62500,18.87500,17.62500,18.56250,912370,37.12500
BOST-199812,19940711,18.62500,18.75000,18.00000,18.06250,621442,36.12500
BOST-199812,19940712,18.00000,18.75000,18.00000,18.75000,519300,37.50000
BOST-199812,19940713,18.75000,19.50000,18.75000,19.25000,342440,38.50000
BOST-199812,19940714,19.37500,19.75000,19.25000,19.50000,525716,39.00000
BOST-199812,19940715,19.62500,19.62500,19.50000,19.56250,509354,39.12500
BOST-199812,19940718,19.50000,19.62500,18.87500,19.12500,240680,38.25000
BOST-199812,19940719,18.62500,18.75000,18.25000,18.25000,377810,36.50000
BOST-199812,19940720,18.12500,18.50000,18.12500,18.37500,133920,36.75000
BOST-199812,19940721,18.87500,19.00000,17.87500,18.62500,712672,37.25000
BOST-199812,19940722,18.62500,19.12500,18.50000,19.00000,414398,38.00000
BOST-199812,19940725,18.87500,19.37500,18.87500,19.25000,342350,38.50000
BOST-199812,19940726,19.37500,19.50000,19.12500,19.50000,178680,39.00000
BOST-199812,19940727,20.00000,20.12500,19.25000,19.37500,523094,38.75000
BOST-199812,19940728,19.37500,19.50000,19.25000,19.50000,396056,39.00000
BOST-199812,19940729,19.50000,20.00000,19.37500,19.87500,287812,39.75000
BOST-199812,19940801,19.87500,21.75000,19.62500,21.62500,873198,43.25000
BOST-199812,19940802,21.75000,22.00000,21.12500,21.75000,1098838,43.50000
BOST-199812,19940803,21.37500,21.87500,20.62500,20.75000,659294,41.50000
BOST-199812,19940804,20.87500,20.87500,20.37500,20.75000,277674,41.50000
BOST-199812,19940805,20.50000,20.75000,20.25000,20.50000,263672,41.00000
BOST-199812,19940808,20.50000,20.50000,19.93750,20.12500,170258,40.25000
BOST-199812,19940809,20.25000,20.25000,19.50000,19.50000,365886,39.00000
BOST-199812,19940810,19.62500,19.87500,18.87500,19.18750,1031928,38.37500
BOST-199812,19940811,18.87500,19.00000,18.50000,18.50000,4757100,37.00000
BOST-199812,19940812,18.62500,18.87500,18.43750,18.87500,1122544,37.75000
BOST-199812,19940815,18.75000,19.25000,18.75000,19.12500,1087522,38.25000
BOST-199812,19940816,19.00000,19.25000,18.87500,19.25000,521254,38.50000
BOST-199812,19940817,19.25000,20.00000,19.00000,19.62500,963796,39.25000
BOST-199812,19940818,19.62500,20.12500,19.37500,19.75000,726242,39.50000
BOST-199812,19940819,20.00000,20.00000,19.37500,19.50000,191246,39.00000
BOST-199812,19940822,19.37500,19.50000,19.00000,19.00000,181360,38.00000
BOST-199812,19940823,19.00000,19.25000,18.75000,19.25000,338072,38.50000
BOST-199812,19940824,19.25000,19.87500,19.12500,19.62500,382716,39.25000
BOST-199812,19940825,19.62500,20.62500,19.62500,20.12500,831890,40.25000
BOST-199812,19940826,20.12500,20.50000,20.12500,20.43750,474128,40.87500
BOST-199812,19940829,20.50000,20.62500,20.25000,20.37500,544936,40.75000
BOST-199812,19940830,20.25000,20.37500,19.87500,20.00000,752594,40.00000
BOST-199812,19940831,20.00000,20.37500,19.75000,20.25000,391718,40.50000
BOST-199812,19940901,20.75000,21.25000,20.25000,20.75000,392650,20.75000
BOST-199812,19940902,21.00000,21.50000,20.50000,20.62500,457988,20.62500
BOST-199812,19940906,20.50000,20.75000,20.25000,20.50000,439630,20.50000
BOST-199812,19940907,20.75000,21.00000,20.50000,21.00000,131854,21.00000
BOST-199812,19940908,21.00000,21.75000,20.75000,21.25000,421976,21.25000
BOST-199812,19940909,21.25000,21.25000,20.50000,20.75000,419302,20.75000
BOST-199812,19940912,20.75000,21.25000,20.25000,20.50000,170066,20.50000
BOST-199812,19940913,20.50000,21.25000,20.50000,21.25000,217680,21.25000
BOST-199812,19940914,21.25000,21.50000,20.75000,21.50000,198858,21.50000
BOST-199812,19940915,21.25000,21.50000,21.25000,21.25000,226702,21.25000
BOST-199812,19940916,21.25000,21.25000,19.75000,20.37500,489552,20.37500
BOST-199812,19940919,20.50000,20.50000,20.00000,20.50000,546040,20.50000
BOST-199812,19940920,20.50000,20.50000,19.50000,19.75000,187666,19.75000
BOST-199812,19940921,19.50000,20.00000,19.25000,19.25000,478572,19.25000
BOST-199812,19940922,19.25000,19.50000,19.00000,19.37500,219806,19.37500
BOST-199812,19940923,19.50000,19.75000,19.00000,19.50000,341576,19.50000
BOST-199812,19940926,19.75000,19.75000,19.25000,19.75000,170580,19.75000
BOST-199812,19940927,20.50000,21.00000,20.00000,20.87500,450412,20.87500
BOST-199812,19940928,20.75000,21.75000,20.75000,21.50000,637218,21.50000
BOST-199812,19940929,21.25000,21.75000,20.50000,20.50000,205790,20.50000
BOST-199812,19940930,21.00000,21.25000,20.50000,21.00000,369632,21.00000
BOST-199812,19941003,21.00000,21.00000,20.37500,20.62500,624014,20.62500
BOST-199812,19941004,20.75000,20.75000,19.25000,19.75000,777326,19.75000
BOST-199812,19941005,20.00000,20.25000,19.00000,20.25000,612520,20.25000
BOST-199812,19941006,20.50000,20.50000,19.75000,20.00000,374984,20.00000
BOST-199812,19941007,19.75000,20.25000,19.75000,20.00000,160288,20.00000
BOST-199812,19941010,20.25000,20.25000,19.75000,20.00000,123746,20.00000
BOST-199812,19941011,20.25000,20.50000,19.75000,20.37500,309846,20.37500
BOST-199812,19941012,20.50000,20.50000,19.75000,20.25000,274346,20.25000
BOST-199812,19941013,20.00000,20.50000,20.00000,20.25000,202122,20.25000
BOST-199812,19941014,20.25000,20.50000,19.50000,19.75000,306100,19.75000
BOST-199812,19941017,20.00000,20.00000,19.75000,19.75000,189654,19.75000
BOST-199812,19941018,20.00000,20.00000,19.00000,19.50000,373730,19.50000
BOST-199812,19941019,19.50000,19.75000,19.00000,19.50000,161786,19.50000
BOST-199812,19941020,19.50000,19.50000,18.75000,19.12500,279910,19.12500
BOST-199812,19941021,19.00000,19.25000,18.75000,19.00000,308870,19.00000
BOST-199812,19941024,19.12500,19.62500,19.00000,19.37500,535220,19.37500
BOST-199812,19941025,19.50000,19.75000,19.12500,19.37500,293934,19.37500
BOST-199812,19941026,19.87500,19.87500,19.00000,19.25000,317950,19.25000
BOST-199812,19941027,19.50000,19.87500,19.37500,19.50000,200356,19.50000
BOST-199812,19941028,19.50000,19.87500,19.37500,19.87500,340210,19.87500
BOST-199812,19941031,19.87500,20.12500,19.75000,19.87500,176238,19.87500
BOST-199812,19941101,19.50000,19.75000,18.87500,19.00000,313864,19.00000
BOST-199812,19941102,19.12500,19.12500,18.87500,19.12500,96000,19.12500
BOST-199812,19941103,19.00000,19.37500,19.00000,19.25000,276158,19.25000
BOST-199812,19941104,19.37500,19.37500,19.00000,19.25000,84412,19.25000
BOST-199812,19941107,19.25000,19.37500,19.00000,19.25000,170190,19.25000
BOST-199812,19941108,19.37500,19.37500,19.00000,19.00000,182100,19.00000
BOST-199812,19941109,19.12500,19.25000,18.87500,18.87500,187730,18.87500
BOST-199812,19941110,18.87500,19.00000,17.50000,17.75000,726680,17.75000
BOST-199812,19941111,17.87500,18.50000,17.62500,17.75000,611014,17.75000
BOST-199812,19941114,17.75000,18.12500,17.25000,17.37500,308246,17.37500
BOST-199812,19941115,17.37500,17.37500,16.87500,17.12500,713330,17.12500
BOST-199812,19941116,17.12500,17.12500,16.87500,17.00000,181140,17.00000
BOST-199812,19941117,16.87500,17.12500,16.87500,17.00000,210842,17.00000
BOST-199812,19941118,16.87500,17.75000,16.87500,17.25000,428090,17.25000
BOST-199812,19941121,17.12500,17.25000,16.37500,16.62500,446854,16.62500
BOST-199812,19941122,16.50000,16.62500,15.00000,15.12500,1520100,15.12500
BOST-199812,19941123,14.87500,16.75000,14.62500,16.62500,973290,16.62500
BOST-199812,19941125,16.75000,16.75000,16.12500,16.25000,207096,16.25000
BOST-199812,19941128,16.37500,16.37500,15.50000,15.75000,170528,15.75000
BOST-199812,19941129,15.75000,15.75000,15.00000,15.25000,517816,15.25000
BOST-199812,19941130,15.50000,15.62500,15.00000,15.25000,374766,15.25000
BOST-199812,19941201,15.25000,15.25000,14.75000,14.87500,514292,14.87500
BOST-199812,19941202,14.75000,15.50000,14.75000,15.37500,225070,15.37500
BOST-199812,19941205,15.50000,16.50000,15.37500,16.50000,465794,16.50000
BOST-199812,19941206,16.50000,16.75000,15.87500,16.00000,494538,16.00000
BOST-199812,19941207,16.12500,16.50000,15.75000,15.87500,175400,15.87500
BOST-199812,19941208,15.87500,16.00000,15.25000,15.37500,155726,15.37500
BOST-199812,19941209,15.37500,15.37500,14.37500,14.50000,693708,14.50000
BOST-199812,19941212,14.62500,14.62500,13.75000,13.87500,921778,13.87500
BOST-199812,19941213,14.25000,14.37500,14.00000,14.00000,659384,14.00000
BOST-199812,19941214,14.12500,14.25000,14.00000,14.00000,275640,14.00000
BOST-199812,19941215,14.25000,14.25000,13.50000,13.50000,448760,13.50000
BOST-199812,19941216,13.62500,14.75000,13.62500,14.50000,695990,14.50000
BOST-199812,19941219,14.62500,15.00000,14.37500,14.75000,252386,14.75000
BOST-199812,19941220,14.87500,14.87500,13.62500,13.75000,290060,13.75000
BOST-199812,19941221,13.87500,15.50000,13.75000,15.50000,990526,15.50000
BOST-199812,19941222,15.50000,15.87500,15.25000,15.87500,522758,15.87500
BOST-199812,19941223,15.87500,16.12500,15.62500,16.00000,474926,16.00000
BOST-199812,19941227,16.00000,16.62500,15.75000,15.87500,413368,15.87500
BOST-199812,19941228,16.50000,16.87500,16.37500,16.62500,815766,16.62500
BOST-199812,19941229,16.75000,17.87500,16.62500,17.62500,683924,17.62500
BOST-199812,19941230,17.75000,18.12500,17.37500,17.37500,785482,17.37500
BOST-199812,19950103,17.50000,17.50000,16.25000,16.62500,501276,16.62500
BOST-199812,19950104,16.75000,16.75000,16.25000,16.37500,333852,16.37500
BOST-199812,19950105,16.37500,16.37500,16.12500,16.25000,114212,16.25000
BOST-199812,19950106,16.12500,16.37500,15.75000,15.75000,306770,15.75000
BOST-199812,19950109,16.00000,16.00000,15.50000,15.62500,245008,15.62500
BOST-199812,19950110,15.87500,16.50000,15.75000,16.50000,351434,16.50000
BOST-199812,19950111,16.50000,16.62500,15.75000,16.00000,255562,16.00000
BOST-199812,19950112,16.00000,16.25000,15.87500,16.00000,384436,16.00000
BOST-199812,19950113,16.12500,16.62500,16.12500,16.50000,398322,16.50000
BOST-199812,19950116,16.62500,17.62500,16.37500,17.25000,509612,17.25000
BOST-199812,19950117,17.25000,17.37500,16.62500,16.75000,430864,16.75000
BOST-199812,19950118,16.75000,16.75000,16.50000,16.62500,337352,16.62500
BOST-199812,19950119,16.75000,16.75000,16.37500,16.50000,195498,16.50000
BOST-199812,19950120,16.50000,16.50000,16.12500,16.25000,206142,16.25000
BOST-199812,19950123,16.25000,16.25000,16.00000,16.25000,321210,16.25000
BOST-199812,19950124,16.25000,16.25000,15.37500,15.50000,392642,15.50000
BOST-199812,19950125,15.50000,15.50000,15.00000,15.00000,482208,15.00000
BOST-199812,19950126,15.25000,15.50000,14.50000,15.50000,712066,15.50000
BOST-199812,19950127,15.50000,16.12500,15.50000,16.00000,437742,16.00000
BOST-199812,19950130,16.00000,16.00000,15.25000,15.62500,189214,15.62500
BOST-199812,19950131,15.62500,15.87500,15.37500,15.50000,365932,15.50000
BOST-199812,19950201,15.62500,15.75000,15.37500,15.75000,375148,15.75000
BOST-199812,19950202,15.87500,16.00000,15.50000,15.87500,452460,15.87500
BOST-199812,19950203,16.00000,17.00000,15.87500,16.25000,1483190,16.25000
BOST-199812,19950206,16.75000,17.25000,16.62500,17.00000,1009410,17.00000
BOST-199812,19950207,17.12500,17.62500,17.00000,17.50000,1742470,17.50000
BOST-199812,19950208,17.75000,19.00000,17.62500,18.75000,2127520,18.75000
BOST-199812,19950209,19.00000,19.25000,18.50000,19.12500,1499400,19.12500
BOST-199812,19950210,19.50000,19.75000,18.75000,19.00000,1264440,19.00000
BOST-199812,19950213,19.00000,19.87500,18.75000,18.87500,826704,18.87500
BOST-199812,19950214,18.75000,18.87500,18.37500,18.62500,593004,18.62500
BOST-199812,19950215,18.50000,19.50000,18.50000,19.12500,547440,19.12500
BOST-199812,19950216,19.25000,19.50000,19.00000,19.00000,961370,19.00000
BOST-199812,19950217,19.25000,19.25000,18.50000,18.62500,519338,18.62500
BOST-199812,19950221,18.62500,18.62500,18.00000,18.12500,326992,18.12500
BOST-199812,19950222,18.25000,18.62500,18.00000,18.50000,229638,18.50000
BOST-199812,19950223,18.62500,18.87500,18.37500,18.50000,377058,18.50000
BOST-199812,19950224,18.50000,18.50000,18.12500,18.12500,296812,18.12500
BOST-199812,19950227,18.12500,18.37500,18.12500,18.25000,329282,18.25000
BOST-199812,19950228,18.37500,18.37500,17.87500,18.00000,376298,18.00000
BOST-199812,19950301,17.75000,18.00000,17.75000,18.00000,655134,18.00000
BOST-199812,19950302,18.00000,18.00000,17.50000,17.50000,559802,17.50000
BOST-199812,19950303,17.50000,17.62500,17.00000,17.37500,579868,17.37500
BOST-199812,19950306,17.25000,17.25000,16.87500,17.00000,432262,17.00000
BOST-199812,19950307,17.00000,17.12500,16.87500,17.00000,634928,17.00000
BOST-199812,19950308,17.12500,17.25000,16.87500,16.87500,791232,16.87500
BOST-199812,19950309,17.12500,17.12500,16.50000,16.75000,774198,16.75000
BOST-199812,19950310,16.75000,16.87500,16.50000,16.62500,428674,16.62500
BOST-199812,19950313,16.75000,16.75000,16.12500,16.25000,275524,16.25000
BOST-199812,19950314,16.50000,16.62500,15.87500,16.00000,511548,16.00000
BOST-199812,19950315,15.87500,16.12500,15.37500,15.62500,974978,15.62500
BOST-199812,19950316,15.75000,16.75000,15.50000,16.37500,1270550,16.37500
BOST-199812,19950317,16.62500,16.75000,16.37500,16.75000,486108,16.75000
BOST-199812,19950320,16.62500,17.12500,16.50000,17.12500,724106,17.12500
BOST-199812,19950321,17.12500,17.12500,16.87500,16.87500,180612,16.87500
BOST-199812,19950322,16.87500,17.12500,16.50000,17.00000,439886,17.00000
BOST-199812,19950323,17.12500,17.25000,16.75000,16.87500,563834,16.87500
BOST-199812,19950324,17.00000,17.00000,16.25000,16.37500,299712,16.37500
BOST-199812,19950327,16.37500,16.50000,16.12500,16.25000,386784,16.25000
BOST-199812,19950328,16.37500,17.00000,16.12500,16.87500,511418,16.87500
BOST-199812,19950329,17.00000,17.37500,16.75000,16.87500,550148,16.87500
BOST-199812,19950330,16.75000,17.00000,16.37500,16.50000,347406,16.50000
BOST-199812,19950331,16.37500,16.50000,16.12500,16.25000,244316,16.25000
BOST-199812,19950403,16.12500,16.37500,15.75000,16.25000,350438,16.25000
BOST-199812,19950404,16.50000,16.87500,16.37500,16.75000,553610,16.75000
BOST-199812,19950405,16.75000,16.87500,16.62500,16.62500,530280,16.62500
BOST-199812,19950406,16.87500,17.87500,16.62500,17.62500,1075790,17.62500
BOST-199812,19950407,18.00000,18.12500,17.50000,17.62500,865716,17.62500
BOST-199812,19950410,17.62500,17.62500,17.25000,17.50000,337650,17.50000
BOST-199812,19950411,17.62500,17.75000,17.37500,17.75000,473534,17.75000
BOST-199812,19950412,17.62500,17.87500,17.62500,17.87500,1491050,17.87500
BOST-199812,19950413,17.75000,17.87500,17.62500,17.87500,314076,17.87500
BOST-199812,19950417,18.00000,18.12500,17.75000,18.00000,206984,18.00000
BOST-199812,19950418,18.00000,18.00000,17.37500,17.62500,216530,17.62500
BOST-199812,19950419,17.62500,17.62500,16.87500,17.12500,239326,17.12500
BOST-199812,19950420,17.37500,17.75000,17.12500,17.75000,408466,17.75000
BOST-199812,19950421,17.75000,17.87500,17.62500,17.75000,405614,17.75000
BOST-199812,19950424,17.75000,17.75000,17.50000,17.50000,218392,17.50000
BOST-199812,19950425,17.62500,18.00000,17.50000,18.00000,400778,18.00000
BOST-199812,19950426,18.00000,19.62500,17.50000,19.50000,2474300,19.50000
BOST-199812,19950427,19.87500,20.75000,19.50000,20.00000,1986900,20.00000
BOST-199812,19950428,20.00000,20.00000,19.62500,19.87500,488724,19.87500
BOST-199812,19950501,20.00000,20.00000,19.25000,19.37500,439956,19.37500
BOST-199812,19950502,19.50000,19.75000,19.25000,19.62500,272150,19.62500
BOST-199812,19950503,19.87500,21.25000,19.75000,20.87500,1308300,20.87500
BOST-199812,19950504,20.87500,20.87500,20.25000,20.37500,966982,20.37500
BOST-199812,19950505,20.25000,20.62500,20.12500,20.50000,324324,20.50000
BOST-199812,19950508,20.50000,20.50000,19.62500,20.37500,538694,20.37500
BOST-199812,19950509,21.12500,21.50000,20.37500,20.62500,1830770,20.62500
BOST-199812,19950510,20.62500,20.62500,19.75000,20.25000,558048,20.25000
BOST-199812,19950511,20.37500,22.75000,20.25000,22.75000,2331520,22.75000
BOST-199812,19950512,22.75000,23.62500,22.00000,22.25000,1593230,22.25000
BOST-199812,19950515,22.25000,23.87500,22.12500,23.50000,1543310,23.50000
BOST-199812,19950516,23.62500,24.12500,22.50000,22.75000,1348640,22.75000
BOST-199812,19950517,22.75000,23.00000,22.37500,23.00000,526046,23.00000
BOST-199812,19950518,23.00000,23.25000,22.75000,22.87500,731206,22.87500
BOST-199812,19950519,22.87500,22.87500,22.50000,22.75000,552072,22.75000
BOST-199812,19950522,22.62500,23.25000,22.50000,22.50000,611246,22.50000
BOST-199812,19950523,22.37500,22.62500,22.00000,22.37500,612112,22.37500
BOST-199812,19950524,22.25000,23.75000,22.25000,23.50000,1211480,23.50000
BOST-199812,19950525,23.37500,24.00000,23.00000,23.75000,1062130,23.75000
BOST-199812,19950526,23.75000,23.75000,23.25000,23.37500,627766,23.37500
BOST-199812,19950530,23.50000,23.50000,22.87500,23.25000,384388,23.25000
BOST-199812,19950531,23.25000,23.25000,22.75000,23.25000,438760,23.25000
BOST-199812,19950601,23.25000,23.25000,23.12500,23.25000,207002,23.25000
BOST-199812,19950602,23.00000,23.00000,22.50000,22.62500,655082,22.62500
BOST-199812,19950605,22.62500,23.25000,22.62500,23.00000,362886,23.00000
BOST-199812,19950606,23.00000,23.00000,22.75000,22.75000,242112,22.75000
BOST-199812,19950607,22.75000,23.12500,22.75000,23.00000,395856,23.00000
BOST-199812,19950608,23.00000,23.12500,22.87500,23.12500,412106,23.12500
BOST-199812,19950609,23.12500,23.12500,22.25000,22.50000,282404,22.50000
BOST-199812,19950612,22.62500,22.62500,22.25000,22.50000,268300,22.50000
BOST-199812,19950613,22.37500,23.25000,22.37500,23.25000,452150,23.25000
BOST-199812,19950614,23.12500,23.50000,22.87500,23.37500,267496,23.37500
BOST-199812,19950615,23.37500,24.50000,23.25000,24.25000,898164,24.25000
BOST-199812,19950616,24.37500,24.87500,24.12500,24.50000,645924,24.50000
BOST-199812,19950619,24.62500,24.75000,23.87500,24.12500,468452,24.12500
BOST-199812,19950620,24.12500,24.50000,23.87500,24.25000,1042840,24.25000
BOST-199812,19950621,24.12500,25.00000,24.12500,24.75000,989876,24.75000
BOST-199812,19950622,24.50000,24.75000,24.12500,24.25000,279712,24.25000
BOST-199812,19950623,24.25000,24.37500,23.75000,23.87500,712942,23.87500
BOST-199812,19950626,23.87500,24.12500,23.50000,23.87500,369798,23.87500
BOST-199812,19950627,23.75000,23.87500,23.62500,23.75000,290282,23.75000
BOST-199812,19950628,23.50000,23.75000,22.87500,23.12500,643864,23.12500
BOST-199812,19950629,23.12500,23.50000,22.87500,23.12500,396712,23.12500
BOST-199812,19950630,23.50000,24.25000,23.25000,24.25000,624298,24.25000
BOST-199812,19950703,24.12500,24.75000,24.12500,24.75000,378244,24.75000
BOST-199812,19950705,24.50000,24.75000,24.37500,24.37500,307654,24.37500
BOST-199812,19950706,24.62500,25.87500,24.12500,25.75000,708764,25.75000
BOST-199812,19950707,25.75000,26.62500,25.75000,26.00000,1443860,26.00000
BOST-199812,19950710,26.00000,26.12500,25.12500,25.25000,438118,25.25000
BOST-199812,19950711,25.25000,25.25000,24.50000,24.50000,287350,24.50000
BOST-199812,19950712,24.62500,24.75000,24.25000,24.62500,223018,24.62500
BOST-199812,19950713,24.62500,26.12500,24.62500,26.00000,999726,26.00000
BOST-199812,19950714,26.00000,26.25000,25.50000,26.12500,496742,26.12500
BOST-199812,19950717,26.00000,26.12500,25.50000,26.00000,273042,26.00000
BOST-199812,19950718,25.75000,26.00000,25.50000,25.62500,190550,25.62500
BOST-199812,19950719,25.37500,25.50000,23.00000,23.25000,741802,23.25000
BOST-199812,19950720,23.37500,24.25000,23.25000,24.00000,306084,24.00000
BOST-199812,19950721,24.00000,25.25000,23.87500,24.87500,453170,24.87500
BOST-199812,19950724,24.87500,25.62500,24.62500,25.62500,535422,25.62500
BOST-199812,19950725,25.50000,27.12500,25.50000,26.62500,1007380,26.62500
BOST-199812,19950726,26.87500,27.12500,26.50000,26.75000,720798,26.75000
BOST-199812,19950727,26.75000,27.12500,26.62500,26.75000,746710,26.75000
BOST-199812,19950728,26.75000,26.75000,26.12500,26.37500,508762,26.37500
BOST-199812,19950731,26.62500,27.25000,26.50000,27.00000,427650,27.00000
BOST-199812,19950801,27.12500,27.25000,25.50000,25.50000,744460,25.50000
BOST-199812,19950802,25.75000,26.87500,25.75000,26.00000,772026,26.00000
BOST-199812,19950803,25.75000,26.00000,25.50000,25.75000,381436,25.75000
BOST-199812,19950804,25.62500,25.75000,25.37500,25.50000,120680,25.50000
BOST-199812,19950807,25.50000,26.12500,25.37500,25.75000,326062,25.75000
BOST-199812,19950808,25.87500,26.37500,25.62500,25.75000,393614,25.75000
BOST-199812,19950809,25.75000,25.75000,25.12500,25.25000,109420,25.25000
BOST-199812,19950810,25.00000,25.12500,24.87500,25.00000,607770,25.00000
BOST-199812,19950811,25.12500,25.12500,24.25000,24.75000,578778,24.75000
BOST-199812,19950814,24.87500,25.00000,24.62500,24.75000,582766,24.75000
BOST-199812,19950815,24.87500,24.87500,23.87500,23.87500,1251240,23.87500
BOST-199812,19950816,23.87500,24.75000,23.50000,24.50000,1855360,24.50000
BOST-199812,19950817,24.75000,24.75000,23.87500,24.00000,575158,24.00000
BOST-199812,19950818,24.12500,24.25000,23.87500,24.25000,468760,24.25000
BOST-199812,19950821,24.25000,24.50000,24.00000,24.50000,409182,24.50000
BOST-199812,19950822,24.50000,25.00000,24.37500,24.75000,439546,24.75000
BOST-199812,19950823,25.00000,25.87500,24.75000,25.75000,969336,25.75000
BOST-199812,19950824,26.12500,26.12500,25.75000,25.87500,629952,25.87500
BOST-199812,19950825,26.00000,26.00000,25.37500,25.50000,163838,25.50000
BOST-199812,19950828,25.50000,25.50000,24.50000,24.87500,244048,24.87500
BOST-199812,19950829,24.87500,24.87500,24.12500,24.37500,245382,24.37500
BOST-199812,19950830,24.50000,24.50000,24.00000,24.00000,299412,24.00000
BOST-199812,19950831,24.00000,24.37500,24.00000,24.00000,317596,24.00000
BOST-199812,19950901,24.12500,24.12500,23.62500,23.75000,1044410,23.75000
BOST-199812,19950905,23.75000,23.87500,23.37500,23.50000,863640,23.50000
BOST-199812,19950906,23.50000,24.37500,23.50000,24.12500,1854750,24.12500
BOST-199812,19950907,24.25000,24.25000,23.62500,23.75000,1044580,23.75000
BOST-199812,19950908,23.87500,23.87500,23.37500,23.37500,1281380,23.37500
BOST-199812,19950911,23.75000,25.12500,23.50000,25.00000,751494,25.00000
BOST-199812,19950912,25.12500,25.12500,24.62500,24.75000,454140,24.75000
BOST-199812,19950913,24.75000,24.87500,24.50000,24.75000,322498,24.75000
BOST-199812,19950914,24.75000,24.87500,24.62500,24.75000,230676,24.75000
BOST-199812,19950915,24.62500,24.87500,24.37500,24.50000,269814,24.50000
BOST-199812,19950918,24.37500,24.37500,24.00000,24.12500,224362,24.12500
BOST-199812,19950919,24.00000,25.00000,23.87500,25.00000,1018410,25.00000
BOST-199812,19950920,25.00000,26.25000,24.75000,25.87500,2119870,25.87500
BOST-199812,19950921,25.87500,26.25000,25.75000,26.12500,1227080,26.12500
BOST-199812,19950922,26.12500,26.25000,26.00000,26.12500,499224,26.12500
BOST-199812,19950925,26.25000,26.25000,26.00000,26.00000,175930,26.00000
BOST-199812,19950926,26.00000,26.37500,26.00000,26.12500,412456,26.12500
BOST-199812,19950927,26.12500,26.12500,25.62500,25.87500,497958,25.87500
BOST-199812,19950928,25.75000,27.50000,25.62500,27.25000,1421080,27.25000
BOST-199812,19950929,27.50000,27.50000,26.12500,26.12500,734224,26.12500
BOST-199812,19951002,26.25000,27.00000,26.12500,26.62500,368706,26.62500
BOST-199812,19951003,26.75000,27.00000,26.12500,26.25000,432080,26.25000
BOST-199812,19951004,26.25000,26.37500,25.87500,26.00000,689474,26.00000
BOST-199812,19951005,26.00000,26.12500,25.87500,26.00000,484890,26.00000
BOST-199812,19951006,26.50000,27.62500,26.50000,27.37500,1614490,27.37500
BOST-199812,19951009,27.37500,27.87500,27.00000,27.62500,1230590,27.62500
BOST-199812,19951010,27.50000,28.12500,27.37500,27.87500,1277950,27.87500
BOST-199812,19951011,28.37500,28.62500,28.25000,28.37500,2088320,28.37500
BOST-199812,19951012,28.37500,29.12500,28.25000,29.12500,917610,29.12500
BOST-199812,19951013,29.12500,30.00000,29.12500,29.37500,1100710,29.37500
BOST-199812,19951016,29.62500,29.62500,28.25000,28.37500,615860,28.37500
BOST-199812,19951017,28.37500,28.50000,27.50000,28.25000,1266960,28.25000
BOST-199812,19951018,29.25000,30.37500,28.37500,30.12500,1687400,30.12500
BOST-199812,19951019,30.25000,31.37500,30.00000,30.75000,1273500,30.75000
BOST-199812,19951020,30.62500,31.00000,29.62500,29.75000,697676,29.75000
BOST-199812,19951023,29.62500,30.12500,29.50000,29.87500,381538,29.87500
BOST-199812,19951024,30.25000,32.12500,30.12500,32.00000,2029830,32.00000
BOST-199812,19951025,32.12500,32.87500,31.37500,31.62500,1360280,31.62500
BOST-199812,19951026,31.62500,32.50000,31.37500,32.12500,1688230,32.12500
BOST-199812,19951027,31.87500,32.50000,31.75000,32.25000,1834260,32.25000
BOST-199812,19951030,32.50000,34.75000,32.25000,34.50000,2216190,34.50000
BOST-199812,19951031,34.62500,34.75000,33.75000,33.75000,704332,33.75000
BOST-199812,19951101,33.87500,33.87500,32.37500,32.50000,703708,32.50000
BOST-199812,19951102,32.62500,33.25000,32.62500,33.12500,417226,33.12500
BOST-199812,19951103,32.50000,32.50000,31.00000,32.12500,1268650,32.12500
BOST-199812,19951106,32.12500,33.50000,32.00000,33.12500,749402,33.12500
BOST-199812,19951107,33.00000,34.12500,32.75000,34.00000,892876,34.00000
BOST-199812,19951108,33.75000,34.25000,33.37500,33.37500,418120,33.37500
BOST-199812,19951109,33.62500,34.75000,33.37500,34.37500,503790,34.37500
BOST-199812,19951110,34.37500,34.50000,33.50000,33.62500,387038,33.62500
BOST-199812,19951113,33.25000,33.87500,33.12500,33.62500,405060,33.62500
BOST-199812,19951114,33.50000,33.62500,32.87500,32.87500,200694,32.87500
BOST-199812,19951115,32.87500,33.00000,32.62500,32.75000,367850,32.75000
BOST-199812,19951116,32.87500,32.87500,32.75000,32.75000,241396,32.75000
BOST-199812,19951117,32.87500,34.50000,32.62500,34.12500,705268,34.12500
BOST-199812,19951120,34.25000,34.37500,33.62500,33.75000,795974,33.75000
BOST-199812,19951121,33.37500,33.37500,32.75000,33.00000,719284,33.00000
BOST-199812,19951122,32.87500,33.62500,32.75000,33.37500,481768,33.37500
BOST-199812,19951124,33.37500,34.00000,33.25000,33.62500,302400,33.62500
BOST-199812,19951127,33.62500,35.62500,33.62500,35.50000,1674030,35.50000
BOST-199812,19951128,35.50000,35.87500,34.75000,35.75000,939738,35.75000
BOST-199812,19951129,35.75000,35.75000,35.50000,35.50000,210136,35.50000
BOST-199812,19951130,35.62500,35.62500,34.62500,34.62500,330518,34.62500
BOST-199812,19951201,34.62500,34.87500,33.75000,33.75000,337656,33.75000
BOST-199812,19951204,34.00000,34.62500,33.62500,34.25000,719886,34.25000
BOST-199812,19951205,33.87500,35.00000,33.75000,34.62500,657176,34.62500
BOST-199812,19951206,34.75000,35.00000,34.37500,34.87500,5082300,34.87500
BOST-199812,19951207,34.87500,35.50000,34.75000,35.12500,1266930,35.12500
BOST-199812,19951208,35.12500,35.50000,35.00000,35.12500,796918,35.12500
BOST-199812,19951211,35.12500,35.75000,35.00000,35.75000,1410920,35.75000
BOST-199812,19951212,35.50000,35.75000,35.12500,35.12500,876476,35.12500
BOST-199812,19951213,35.37500,35.37500,34.50000,34.87500,1179850,34.87500
BOST-199812,19951214,34.87500,35.12500,34.75000,35.12500,895998,35.12500
BOST-199812,19951215,35.12500,35.12500,34.75000,35.00000,1153030,35.00000
BOST-199812,19951218,35.00000,35.00000,33.25000,33.25000,973554,33.25000
BOST-199812,19951219,33.50000,33.50000,31.50000,31.87500,1527560,31.87500
BOST-199812,19951220,31.75000,31.75000,30.62500,31.00000,2272640,31.00000
BOST-199812,19951221,31.00000,32.87500,30.62500,32.62500,980096,32.62500
BOST-199812,19951222,32.75000,33.25000,32.37500,32.37500,572276,32.37500
BOST-199812,19951226,32.50000,33.00000,32.37500,32.75000,593944,32.75000
BOST-199812,19951227,32.87500,33.50000,32.50000,32.62500,685154,32.62500
BOST-199812,19951228,32.50000,32.75000,32.50000,32.50000,289084,32.50000
BOST-199812,19951229,32.50000,32.62500,31.75000,32.12500,515292,32.12500
BOST-199812,19960102,32.12500,32.12500,31.50000,31.50000,412470,31.50000
BOST-199812,19960103,31.62500,31.87500,31.25000,31.37500,824338,31.37500
BOST-199812,19960104,31.37500,31.50000,30.50000,30.62500,503976,30.62500
BOST-199812,19960105,30.50000,31.50000,30.50000,31.25000,582188,31.25000
BOST-199812,19960108,31.50000,31.50000,31.25000,31.25000,122058,31.25000
BOST-199812,19960109,31.25000,31.50000,29.25000,29.37500,1046860,29.37500
BOST-199812,19960110,29.12500,29.37500,28.62500,28.87500,740210,28.87500
BOST-199812,19960111,29.00000,29.37500,28.50000,28.87500,897246,28.87500
BOST-199812,19960112,28.75000,29.25000,28.75000,28.75000,553836,28.75000
BOST-199812,19960115,29.00000,29.00000,28.37500,28.50000,905232,28.50000
BOST-199812,19960116,28.62500,28.62500,27.37500,28.00000,800606,28.00000
BOST-199812,19960117,29.50000,30.25000,29.37500,30.12500,2481370,30.12500
BOST-199812,19960118,30.12500,31.50000,29.87500,31.37500,826066,31.37500
BOST-199812,19960119,31.50000,31.75000,30.75000,31.00000,548468,31.00000
BOST-199812,19960122,31.00000,31.00000,30.62500,30.62500,366610,30.62500
BOST-199812,19960123,31.25000,32.50000,31.00000,32.25000,1811370,32.25000
BOST-199812,19960124,33.25000,34.62500,33.12500,34.00000,4522460,34.00000
BOST-199812,19960125,34.00000,34.00000,33.12500,33.50000,884108,33.50000
BOST-199812,19960126,33.50000,33.62500,32.75000,33.00000,605034,33.00000
BOST-199812,19960129,33.00000,33.00000,32.50000,32.87500,225654,32.87500
BOST-199812,19960130,33.00000,33.75000,32.75000,32.75000,736756,32.75000
BOST-199812,19960131,32.50000,34.25000,32.25000,34.00000,1042970,34.00000
BOST-199812,19960201,34.00000,34.50000,33.75000,34.00000,382972,34.00000
BOST-199812,19960202,34.00000,34.12500,33.75000,33.75000,965538,33.75000
BOST-199812,19960205,33.75000,34.00000,33.37500,33.87500,599896,33.87500
BOST-199812,19960206,33.75000,34.37500,33.75000,33.75000,589168,33.75000
BOST-199812,19960207,34.00000,34.00000,32.87500,33.12500,444740,33.12500
BOST-199812,19960208,33.25000,34.25000,33.25000,34.12500,596560,34.12500
BOST-199812,19960209,33.87500,34.12500,33.12500,33.25000,442106,33.25000
BOST-199812,19960212,33.37500,33.37500,32.50000,32.62500,307758,32.62500
BOST-199812,19960213,32.50000,33.25000,32.12500,32.62500,361278,32.62500
BOST-199812,19960214,32.62500,32.75000,32.00000,32.25000,243720,32.25000
BOST-199812,19960215,32.37500,32.75000,32.12500,32.62500,355586,32.62500
BOST-199812,19960216,32.50000,32.50000,31.62500,31.62500,472842,31.62500
BOST-199812,19960220,31.75000,31.87500,31.12500,31.62500,426578,31.62500
BOST-199812,19960221,31.37500,31.62500,30.75000,31.00000,732978,31.00000
BOST-199812,19960222,30.75000,33.50000,30.75000,33.50000,1049970,33.50000
BOST-199812,19960223,33.25000,33.75000,32.87500,33.75000,431010,33.75000
BOST-199812,19960226,33.75000,34.25000,33.12500,34.12500,669474,34.12500
BOST-199812,19960227,34.62500,35.62500,34.50000,35.37500,1644640,35.37500
BOST-199812,19960228,35.37500,35.62500,34.50000,35.37500,633654,35.37500
BOST-199812,19960229,35.50000,36.37500,35.37500,35.87500,1497870,35.87500
BOST-199812,19960301,36.12500,36.62500,35.87500,36.37500,960460,36.37500
BOST-199812,19960304,36.37500,37.25000,36.12500,36.87500,741742,36.87500
BOST-199812,19960305,36.62500,37.50000,36.25000,37.50000,1009180,37.50000
BOST-199812,19960306,37.25000,37.62500,36.75000,37.00000,1049890,37.00000
BOST-199812,19960307,37.00000,37.62500,36.87500,37.37500,904416,37.37500
BOST-199812,19960308,37.00000,37.00000,35.12500,35.12500,702980,35.12500
BOST-199812,19960311,35.12500,35.25000,34.00000,35.12500,1380220,35.12500
BOST-199812,19960312,35.00000,35.50000,34.62500,34.87500,698972,34.87500
BOST-199812,19960313,34.87500,35.62500,34.62500,35.25000,975450,35.25000
BOST-199812,19960314,35.12500,37.00000,35.12500,36.62500,1903490,36.62500
BOST-199812,19960315,36.50000,36.87500,35.25000,35.75000,1337140,35.75000
BOST-199812,19960318,35.75000,36.00000,35.50000,35.75000,335962,35.75000
BOST-199812,19960319,35.62500,36.50000,35.62500,35.87500,791618,35.87500
BOST-199812,19960320,35.12500,35.50000,34.50000,34.62500,1544600,34.62500
BOST-199812,19960321,34.62500,35.00000,33.37500,33.62500,796414,33.62500
BOST-199812,19960322,33.75000,34.50000,32.75000,34.25000,1940490,34.25000
BOST-199812,19960325,34.12500,34.37500,33.12500,33.12500,860626,33.12500
BOST-199812,19960326,33.12500,34.25000,32.62500,34.25000,626794,34.25000
BOST-199812,19960327,34.25000,34.25000,33.75000,33.75000,707550,33.75000
BOST-199812,19960328,33.75000,34.12500,33.75000,33.75000,709450,33.75000
BOST-199812,19960329,34.12500,34.50000,33.75000,34.00000,490346,34.00000
BOST-199812,19960401,34.37500,34.62500,34.12500,34.12500,286928,34.12500
BOST-199812,19960402,34.12500,34.25000,33.75000,34.00000,530288,34.00000
BOST-199812,19960403,33.62500,34.00000,33.62500,33.87500,594142,33.87500
BOST-199812,19960404,33.75000,34.12500,33.75000,34.00000,533670,34.00000
BOST-199812,19960408,33.87500,33.87500,33.25000,33.62500,516262,33.62500
BOST-199812,19960409,34.00000,34.25000,33.50000,33.75000,735856,33.75000
BOST-199812,19960410,34.00000,34.50000,33.62500,33.62500,1186830,33.62500
BOST-199812,19960411,33.87500,33.87500,31.00000,31.37500,1769140,31.37500
BOST-199812,19960412,31.50000,32.25000,31.37500,32.12500,2303760,32.12500
BOST-199812,19960415,32.12500,32.12500,31.75000,32.00000,1454130,32.00000
BOST-199812,19960416,32.00000,32.00000,31.25000,32.00000,1060530,32.00000
BOST-199812,19960417,31.87500,33.50000,31.87500,33.50000,878820,33.50000
BOST-199812,19960418,33.50000,33.75000,33.25000,33.62500,1260770,33.62500
BOST-199812,19960419,33.62500,33.62500,32.87500,33.00000,609172,33.00000
BOST-199812,19960422,33.12500,33.37500,32.87500,33.25000,519066,33.25000
BOST-199812,19960423,33.25000,33.75000,33.12500,33.50000,698910,33.50000
BOST-199812,19960424,33.62500,33.75000,32.75000,33.00000,1539710,33.00000
BOST-199812,19960425,32.75000,33.00000,32.62500,32.75000,766838,32.75000
BOST-199812,19960426,32.75000,32.75000,31.87500,32.00000,567958,32.00000
BOST-199812,19960429,32.00000,32.50000,31.87500,32.00000,850620,32.00000
BOST-199812,19960430,32.00000,32.12500,31.87500,32.00000,597530,32.00000
BOST-199812,19960501,32.00000,32.37500,31.87500,32.25000,540476,32.25000
BOST-199812,19960502,32.37500,32.87500,32.12500,32.62500,740462,32.62500
BOST-199812,19960503,32.62500,33.00000,32.62500,32.87500,1096010,32.87500
BOST-199812,19960506,32.87500,32.87500,32.37500,32.75000,992776,32.75000
BOST-199812,19960507,32.75000,33.25000,32.75000,32.87500,505164,32.87500
BOST-199812,19960508,33.00000,35.00000,32.87500,34.75000,1859320,34.75000
BOST-199812,19960509,35.00000,35.75000,34.62500,35.00000,2243020,35.00000
BOST-199812,19960510,35.12500,36.62500,34.87500,36.50000,1611460,36.50000
BOST-199812,19960513,36.37500,37.00000,35.50000,35.87500,1815000,35.87500
BOST-199812,19960514,36.00000,36.12500,35.12500,35.75000,800856,35.75000
BOST-199812,19960515,35.37500,35.50000,33.37500,33.75000,2718500,33.75000
BOST-199812,19960516,33.62500,33.62500,33.00000,33.12500,1489900,33.12500
BOST-199812,19960517,32.87500,33.12500,32.25000,32.62500,3994890,32.62500
BOST-199812,19960520,32.87500,33.62500,32.12500,32.50000,1748670,32.50000
BOST-199812,19960521,32.62500,32.87500,31.25000,31.25000,1769050,31.25000
BOST-199812,19960522,31.50000,32.37500,31.37500,32.00000,2394120,32.00000
BOST-199812,19960523,32.00000,32.00000,31.25000,31.37500,1078180,31.37500
BOST-199812,19960524,31.50000,31.62500,30.62500,31.00000,1056510,31.00000
BOST-199812,19960528,31.12500,31.12500,30.75000,30.75000,1099970,30.75000
BOST-199812,19960529,30.87500,30.87500,30.00000,30.00000,1027250,30.00000
BOST-199812,19960530,30.62500,32.25000,30.37500,32.00000,2845430,32.00000
BOST-199812,19960531,32.62500,33.25000,32.37500,32.62500,1265690,32.62500
BOST-199812,19960603,32.50000,32.50000,31.00000,31.12500,705210,31.12500
BOST-199812,19960604,31.37500,32.37500,31.25000,32.25000,1332260,32.25000
BOST-199812,19960605,32.12500,32.37500,31.25000,31.75000,810270,31.75000
BOST-199812,19960606,32.00000,32.25000,31.37500,31.37500,768358,31.37500
BOST-199812,19960607,30.75000,31.37500,30.37500,31.00000,1124120,31.00000
BOST-199812,19960610,31.00000,31.50000,30.87500,31.25000,567468,31.25000
BOST-199812,19960611,31.50000,32.75000,31.25000,32.37500,596032,32.37500
BOST-199812,19960612,32.75000,33.75000,32.37500,33.50000,1523480,33.50000
BOST-199812,19960613,33.62500,33.62500,32.75000,33.00000,402652,33.00000
BOST-199812,19960614,32.75000,33.50000,32.12500,33.37500,486198,33.37500
BOST-199812,19960617,33.50000,34.12500,33.25000,33.62500,524220,33.62500
BOST-199812,19960618,33.50000,33.87500,33.37500,33.50000,457238,33.50000
BOST-199812,19960619,33.50000,33.62500,32.50000,32.62500,534352,32.62500
BOST-199812,19960620,32.75000,32.75000,31.25000,31.87500,690160,31.87500
BOST-199812,19960621,32.00000,32.25000,31.62500,32.00000,385096,32.00000
BOST-199812,19960624,32.25000,32.37500,32.00000,32.25000,133678,32.25000
BOST-199812,19960625,32.12500,32.25000,31.75000,31.75000,200462,31.75000
BOST-199812,19960626,32.00000,32.00000,30.87500,31.00000,513660,31.00000
BOST-199812,19960627,31.12500,31.37500,30.50000,31.25000,719088,31.25000
BOST-199812,19960628,31.25000,32.50000,31.25000,32.50000,682266,32.50000
BOST-199812,19960701,32.50000,32.50000,30.37500,30.62500,2586290,30.62500
BOST-199812,19960702,30.62500,30.62500,28.62500,29.37500,2146440,29.37500
BOST-199812,19960703,29.87500,30.37500,29.50000,30.00000,2465570,30.00000
BOST-199812,19960705,29.75000,30.12500,29.50000,29.75000,684870,29.75000
BOST-199812,19960708,29.75000,29.87500,29.37500,29.37500,681630,29.37500
BOST-199812,19960709,29.62500,29.75000,29.12500,29.75000,669812,29.75000
BOST-199812,19960710,29.75000,30.12500,29.62500,29.75000,878032,29.75000
BOST-199812,19960711,29.75000,29.75000,28.00000,28.25000,1797990,28.25000
BOST-199812,19960712,28.50000,28.50000,27.25000,27.62500,2140440,27.62500
BOST-199812,19960715,27.62500,27.62500,25.37500,25.37500,1484220,25.37500
BOST-199812,19960716,25.25000,25.62500,24.12500,25.12500,1772280,25.12500
BOST-199812,19960717,25.75000,27.50000,25.50000,27.00000,1656580,27.00000
BOST-199812,19960718,26.87500,28.50000,26.87500,28.25000,1191700,28.25000
BOST-199812,19960719,28.12500,28.12500,27.75000,27.75000,796578,27.75000
BOST-199812,19960722,27.87500,27.87500,25.75000,25.87500,693470,25.87500
BOST-199812,19960723,26.25000,26.25000,25.00000,25.75000,1132110,25.75000
BOST-199812,19960724,25.25000,26.50000,25.12500,26.00000,974648,26.00000
BOST-199812,19960725,26.25000,27.62500,26.12500,27.50000,880534,27.50000
BOST-199812,19960726,27.50000,27.87500,27.37500,27.50000,622774,27.50000
BOST-199812,19960729,27.50000,27.50000,26.62500,26.62500,321076,26.62500
BOST-199812,19960730,27.12500,27.12500,25.62500,26.00000,858060,26.00000
BOST-199812,19960731,26.12500,26.75000,25.87500,26.50000,981266,26.50000
BOST-199812,19960801,26.50000,28.75000,26.37500,28.50000,1227020,28.50000
BOST-199812,19960802,29.00000,30.00000,28.62500,28.62500,1418840,28.62500
BOST-199812,19960805,28.87500,29.00000,28.62500,28.87500,731674,28.87500
BOST-199812,19960806,28.62500,29.87500,28.50000,29.75000,708850,29.75000
BOST-199812,19960807,29.62500,30.25000,29.37500,29.50000,885596,29.50000
BOST-199812,19960808,29.50000,29.50000,28.87500,28.87500,663614,28.87500
BOST-199812,19960809,29.00000,29.25000,28.50000,29.00000,860860,29.00000
BOST-199812,19960812,29.00000,29.12500,28.62500,28.87500,565018,28.87500
BOST-199812,19960813,28.37500,28.75000,27.87500,28.62500,1772640,28.62500
BOST-199812,19960814,28.50000,30.62500,28.50000,30.25000,1686170,30.25000
BOST-199812,19960815,30.25000,30.37500,29.87500,30.12500,853852,30.12500
BOST-199812,19960816,30.12500,30.37500,30.00000,30.00000,205230,30.00000
BOST-199812,19960819,30.12500,30.50000,30.00000,30.50000,1318400,30.50000
BOST-199812,19960820,30.50000,31.12500,30.25000,30.87500,1398880,30.87500
BOST-199812,19960821,31.00000,31.00000,30.50000,30.62500,250844,30.62500
BOST-199812,19960822,31.50000,32.25000,31.50000,32.25000,2877870,32.25000
BOST-199812,19960823,32.12500,33.00000,31.75000,32.75000,1684870,32.75000
BOST-199812,19960826,32.87500,33.25000,32.37500,32.87500,729290,32.87500
BOST-199812,19960827,33.12500,33.87500,33.12500,33.75000,1248230,33.75000
BOST-199812,19960828,33.87500,34.37500,33.62500,34.25000,1223740,34.25000
BOST-199812,19960829,34.37500,35.37500,33.75000,34.75000,1488940,34.75000
BOST-199812,19960830,34.75000,35.25000,34.50000,34.75000,1193370,34.75000
BOST-199812,19960903,34.37500,34.50000,32.25000,32.37500,1237230,32.37500
BOST-199812,19960904,32.37500,32.87500,31.87500,32.62500,831022,32.62500
BOST-199812,19960905,32.62500,33.00000,32.25000,33.00000,1149480,33.00000
BOST-199812,19960906,33.00000,33.50000,32.75000,33.12500,807590,33.12500
BOST-199812,19960909,33.12500,33.50000,32.87500,33.50000,475382,33.50000
BOST-199812,19960910,33.50000,34.37500,33.12500,34.00000,945752,34.00000
BOST-199812,19960911,34.00000,34.50000,33.75000,34.50000,953764,34.50000
BOST-199812,19960912,34.50000,35.62500,34.37500,35.00000,1837500,35.00000
BOST-199812,19960913,35.12500,35.50000,34.87500,35.00000,863984,35.00000
BOST-199812,19960916,34.87500,35.37500,34.37500,35.25000,742806,35.25000
BOST-199812,19960917,35.12500,35.25000,34.75000,35.12500,528790,35.12500
BOST-199812,19960918,34.87500,35.00000,34.50000,34.62500,834010,34.62500
BOST-199812,19960919,34.62500,34.62500,33.87500,34.12500,913838,34.12500
BOST-199812,19960920,34.12500,35.12500,34.00000,35.00000,848278,35.00000
BOST-199812,19960923,34.75000,35.00000,34.25000,34.37500,595916,34.37500
BOST-199812,19960924,34.25000,34.75000,34.25000,34.37500,302610,34.37500
BOST-199812,19960925,34.50000,34.75000,34.00000,34.25000,601512,34.25000
BOST-199812,19960926,34.12500,35.75000,34.12500,35.62500,1495790,35.62500
BOST-199812,19960927,35.75000,36.37500,35.75000,36.12500,1455200,36.12500
BOST-199812,19960930,35.87500,36.12500,35.00000,35.25000,646088,35.25000
BOST-199812,19961001,35.12500,35.50000,35.00000,35.00000,600164,35.00000
BOST-199812,19961002,35.25000,35.50000,34.62500,35.00000,729342,35.00000
BOST-199812,19961003,34.87500,35.12500,34.62500,34.75000,313706,34.75000
BOST-199812,19961004,34.87500,35.25000,33.87500,34.12500,1371100,34.12500
BOST-199812,19961007,33.87500,34.25000,33.75000,34.00000,991236,34.00000
BOST-199812,19961008,34.25000,35.12500,34.00000,34.62500,874330,34.62500
BOST-199812,19961009,34.75000,34.75000,34.00000,34.00000,674630,34.00000
BOST-199812,19961010,34.00000,34.12500,33.00000,33.00000,1038720,33.00000
BOST-199812,19961011,33.12500,33.12500,31.37500,32.00000,2069780,32.00000
BOST-199812,19961014,32.00000,34.25000,31.87500,34.00000,2013920,34.00000
BOST-199812,19961015,34.62500,35.00000,34.12500,34.75000,1239370,34.75000
BOST-199812,19961016,34.87500,35.37500,34.50000,35.12500,1048910,35.12500
BOST-199812,19961017,35.62500,36.25000,35.00000,35.00000,1305640,35.00000
BOST-199812,19961018,35.00000,35.25000,34.50000,35.12500,932242,35.12500
BOST-199812,19961021,34.87500,35.12500,34.50000,34.50000,497374,34.50000
BOST-199812,19961022,34.62500,34.75000,34.37500,34.50000,449450,34.50000
BOST-199812,19961023,34.62500,35.00000,34.50000,35.00000,798458,35.00000
BOST-199812,19961024,35.00000,36.37500,34.87500,36.25000,859790,36.25000
BOST-199812,19961025,36.25000,36.75000,36.00000,36.25000,913492,36.25000
BOST-199812,19961028,36.37500,37.25000,36.37500,36.75000,597276,36.75000
BOST-199812,19961029,36.75000,37.37500,36.62500,36.75000,802080,36.75000
BOST-199812,19961030,37.12500,37.25000,35.75000,35.87500,1071670,35.87500
BOST-199812,19961031,36.12500,36.62500,35.50000,36.37500,980466,36.37500
BOST-199812,19961101,36.25000,36.37500,35.75000,36.00000,544592,36.00000
BOST-199812,19961104,35.87500,36.12500,35.37500,35.62500,320866,35.62500
BOST-199812,19961105,35.37500,35.50000,34.75000,34.87500,497012,34.87500
BOST-199812,19961106,34.75000,36.75000,34.75000,36.12500,1174240,36.12500
BOST-199812,19961107,36.00000,36.50000,35.50000,35.75000,439044,35.75000
BOST-199812,19961108,35.75000,36.37500,35.62500,36.37500,558198,36.37500
BOST-199812,19961111,36.12500,36.62500,35.87500,36.50000,439664,36.50000
BOST-199812,19961112,36.50000,38.25000,36.50000,37.37500,2823350,37.37500
BOST-199812,19961113,37.37500,37.87500,36.75000,37.00000,1264410,37.00000
BOST-199812,19961114,37.00000,37.12500,36.25000,36.50000,843960,36.50000
BOST-199812,19961115,36.25000,36.87500,36.25000,36.37500,582054,36.37500
BOST-199812,19961118,36.37500,37.12500,35.87500,37.12500,920632,37.12500
BOST-199812,19961119,37.00000,37.25000,36.75000,37.00000,477576,37.00000
BOST-199812,19961120,37.00000,37.75000,36.87500,37.25000,578580,37.25000
BOST-199812,19961121,37.12500,37.25000,36.50000,36.62500,431698,36.62500
BOST-199812,19961122,36.75000,37.37500,36.50000,37.12500,269240,37.12500
BOST-199812,19961125,37.00000,38.00000,37.00000,37.75000,525592,37.75000
BOST-199812,19961126,38.00000,38.12500,37.75000,38.12500,622566,38.12500
BOST-199812,19961127,38.00000,38.75000,38.00000,38.62500,816784,38.62500
BOST-199812,19961129,38.62500,39.00000,38.50000,38.75000,204394,38.75000
BOST-199812,19961202,39.00000,39.37500,38.62500,39.37500,725982,39.37500
BOST-199812,19961203,39.25000,41.25000,39.25000,41.00000,2191510,41.00000
BOST-199812,19961204,40.87500,41.50000,40.00000,40.12500,2627650,40.12500
BOST-199812,19961205,40.00000,40.12500,38.87500,39.00000,1469970,39.00000
BOST-199812,19961206,38.00000,38.87500,37.75000,38.62500,638780,38.62500
BOST-199812,19961209,38.50000,39.00000,38.37500,39.00000,523174,39.00000
BOST-199812,19961210,39.12500,39.12500,38.25000,38.50000,458570,38.50000
BOST-199812,19961211,38.12500,38.50000,37.75000,37.75000,513214,37.75000
BOST-199812,19961212,37.87500,38.12500,36.75000,36.75000,439244,36.75000
BOST-199812,19961213,36.50000,36.62500,35.50000,36.00000,1417160,36.00000
BOST-199812,19961216,35.75000,36.25000,35.75000,35.87500,395410,35.87500
BOST-199812,19961217,35.62500,36.00000,35.50000,35.87500,603574,35.87500
BOST-199812,19961218,36.50000,38.00000,36.00000,36.12500,1651930,36.12500
BOST-199812,19961219,36.37500,36.62500,35.87500,36.00000,495180,36.00000
BOST-199812,19961220,36.25000,36.25000,35.00000,35.25000,775900,35.25000
BOST-199812,19961223,35.25000,35.50000,35.00000,35.12500,400764,35.12500
BOST-199812,19961224,35.12500,35.37500,35.12500,35.37500,366226,35.37500
BOST-199812,19961226,35.12500,35.37500,34.75000,34.75000,170640,34.75000
BOST-199812,19961227,34.75000,35.00000,34.75000,34.75000,181226,34.75000
BOST-199812,19961230,35.00000,35.37500,34.75000,35.12500,490768,35.12500
BOST-199812,19961231,35.37500,36.00000,35.12500,35.87500,762642,35.87500
BOST-199812,19970102,35.75000,36.87500,35.75000,36.37500,1202360,36.37500
BOST-199812,19970103,36.25000,36.75000,36.25000,36.62500,443808,36.62500
BOST-199812,19970106,36.62500,36.75000,36.12500,36.37500,526442,36.37500
BOST-199812,19970107,36.37500,36.50000,35.12500,35.37500,801076,35.37500
BOST-199812,19970108,35.62500,36.00000,35.25000,35.50000,880182,35.50000
BOST-199812,19970109,35.75000,36.87500,35.62500,36.75000,1916910,36.75000
BOST-199812,19970110,36.62500,36.62500,36.00000,36.62500,1719200,36.62500
BOST-199812,19970113,36.75000,37.25000,36.62500,36.75000,1405800,36.75000
BOST-199812,19970114,37.00000,37.12500,36.87500,37.12500,1281330,37.12500
BOST-199812,19970115,37.12500,38.00000,36.87500,37.87500,2671930,37.87500
BOST-199812,19970116,37.87500,38.25000,37.50000,37.87500,939718,37.87500
BOST-199812,19970117,37.75000,38.00000,37.62500,37.87500,562048,37.87500
BOST-199812,19970120,38.00000,38.12500,37.62500,38.00000,553156,38.00000
BOST-199812,19970121,38.00000,38.00000,37.37500,37.75000,365306,37.75000
BOST-199812,19970122,37.62500,38.00000,37.50000,37.75000,612984,37.75000
BOST-199812,19970123,37.75000,38.12500,37.50000,37.50000,668096,37.50000
BOST-199812,19970124,37.50000,37.50000,36.12500,36.25000,481212,36.25000
BOST-199812,19970127,36.25000,37.00000,36.12500,36.75000,681472,36.75000
BOST-199812,19970128,36.50000,36.62500,35.75000,36.00000,2230790,36.00000
BOST-199812,19970129,36.00000,36.00000,34.87500,35.50000,1597420,35.50000
BOST-199812,19970130,35.37500,35.62500,35.37500,35.62500,478656,35.62500
BOST-199812,19970131,35.75000,36.37500,34.12500,34.62500,2095140,34.62500
BOST-199812,19970203,34.62500,35.75000,34.37500,35.62500,656462,35.62500
BOST-199812,19970204,35.62500,35.75000,35.25000,35.50000,781166,35.50000
BOST-199812,19970205,35.75000,35.75000,35.25000,35.37500,576118,35.37500
BOST-199812,19970206,35.62500,35.62500,34.87500,35.25000,744582,35.25000
BOST-199812,19970207,35.12500,35.25000,34.25000,34.62500,1639990,34.62500
BOST-199812,19970210,34.62500,34.62500,33.75000,33.75000,503554,33.75000
BOST-199812,19970211,33.62500,33.87500,33.62500,33.75000,594444,33.75000
BOST-199812,19970212,33.87500,33.87500,33.50000,33.62500,481716,33.62500
BOST-199812,19970213,33.87500,34.00000,33.50000,33.62500,1655000,33.62500
BOST-199812,19970214,33.75000,33.87500,33.50000,33.75000,1019980,33.75000
BOST-199812,19970218,33.75000,34.00000,33.25000,33.25000,682158,33.25000
BOST-199812,19970219,33.25000,33.50000,33.12500,33.37500,785352,33.37500
BOST-199812,19970220,33.12500,33.25000,32.62500,33.00000,1675120,33.00000
BOST-199812,19970221,33.00000,33.87500,32.75000,33.00000,484152,33.00000
BOST-199812,19970224,33.12500,34.12500,33.00000,34.00000,382748,34.00000
BOST-199812,19970225,34.12500,34.12500,33.25000,33.50000,472000,33.50000
BOST-199812,19970226,33.50000,33.75000,32.87500,33.25000,826820,33.25000
BOST-199812,19970227,33.25000,33.25000,32.62500,32.75000,1013560,32.75000
BOST-199812,19970228,33.00000,33.00000,32.62500,32.75000,446774,32.75000
BOST-199812,19970303,32.75000,32.87500,30.87500,30.87500,3771040,30.87500
BOST-199812,19970304,31.50000,31.62500,31.00000,31.00000,3260690,31.00000
BOST-199812,19970305,31.12500,32.50000,31.00000,32.25000,1323260,32.25000
BOST-199812,19970306,32.25000,32.50000,32.00000,32.00000,1140950,32.00000
BOST-199812,19970307,32.25000,32.37500,31.12500,31.25000,941744,31.25000
BOST-199812,19970310,31.25000,31.37500,30.75000,31.25000,1543960,31.25000
BOST-199812,19970311,31.25000,31.25000,30.50000,30.75000,1356030,30.75000
BOST-199812,19970312,30.75000,31.75000,30.37500,31.50000,912188,31.50000
BOST-199812,19970313,31.75000,32.75000,31.25000,32.00000,1426880,32.00000
BOST-199812,19970314,31.87500,32.25000,31.87500,32.25000,835248,32.25000
BOST-199812,19970317,32.25000,32.25000,31.50000,31.75000,545596,31.75000
BOST-199812,19970318,32.00000,32.00000,31.50000,31.62500,333296,31.62500
BOST-199812,19970319,31.50000,32.25000,31.37500,32.12500,868174,32.12500
BOST-199812,19970320,32.00000,32.25000,31.75000,32.00000,454562,32.00000
BOST-199812,19970321,31.87500,32.00000,31.00000,31.00000,538666,31.00000
BOST-199812,19970324,31.12500,31.25000,30.00000,30.12500,1038580,30.12500
BOST-199812,19970325,30.37500,31.00000,30.25000,30.62500,892886,30.62500
BOST-199812,19970326,30.75000,32.12500,30.62500,32.00000,1196270,32.00000
BOST-199812,19970327,31.75000,32.37500,31.00000,31.25000,915284,31.25000
BOST-199812,19970331,31.37500,31.37500,30.37500,30.50000,740852,30.50000
BOST-199812,19970401,30.37500,30.75000,29.62500,29.87500,580540,29.87500
BOST-199812,19970402,29.62500,29.87500,28.50000,28.75000,1137870,28.75000
BOST-199812,19970403,28.62500,28.75000,28.00000,28.75000,820384,28.75000
BOST-199812,19970404,28.75000,29.12500,28.50000,28.75000,760490,28.75000
BOST-199812,19970407,29.00000,29.00000,28.50000,28.62500,491494,28.62500
BOST-199812,19970408,28.75000,28.87500,27.37500,27.87500,1592680,27.87500
BOST-199812,19970409,27.87500,28.00000,26.75000,26.87500,2012640,26.87500
BOST-199812,19970410,27.00000,27.62500,26.12500,27.50000,3331410,27.50000
BOST-199812,19970411,27.12500,27.25000,26.25000,26.50000,1778200,26.50000
BOST-199812,19970414,26.50000,26.62500,25.87500,26.12500,1513160,26.12500
BOST-199812,19970415,26.50000,26.50000,26.00000,26.25000,1706660,26.25000
BOST-199812,19970416,26.25000,27.00000,26.12500,26.87500,2656740,26.87500
BOST-199812,19970417,26.75000,26.87500,24.87500,24.87500,2787910,24.87500
BOST-199812,19970418,25.12500,25.37500,24.37500,24.37500,1303560,24.37500
BOST-199812,19970421,24.75000,24.87500,22.75000,23.25000,2827600,23.25000
BOST-199812,19970422,23.25000,23.25000,22.25000,22.37500,2208570,22.37500
BOST-199812,19970423,23.12500,23.62500,22.62500,22.75000,2259380,22.75000
BOST-199812,19970424,23.25000,24.50000,22.62500,22.75000,2124070,22.75000
BOST-199812,19970425,22.87500,22.87500,22.25000,22.62500,898606,22.62500
BOST-199812,19970428,22.62500,22.62500,20.75000,20.87500,2771580,20.87500
BOST-199812,19970429,21.75000,23.75000,21.25000,23.37500,4415910,23.37500
BOST-199812,19970430,23.37500,24.50000,23.12500,23.87500,3001310,23.87500
BOST-199812,19970501,24.00000,24.00000,23.00000,23.75000,1458410,23.75000
BOST-199812,19970502,24.12500,24.62500,23.87500,24.25000,2178480,24.25000
BOST-199812,19970505,24.50000,25.50000,24.25000,24.75000,2410020,24.75000
BOST-199812,19970506,24.62500,24.75000,24.00000,24.25000,1414600,24.25000
BOST-199812,19970507,24.37500,24.37500,23.50000,23.75000,925066,23.75000
BOST-199812,19970508,23.62500,23.75000,21.50000,21.87500,2685730,21.87500
BOST-199812,19970509,22.00000,22.75000,21.00000,22.00000,2932160,22.00000
BOST-199812,19970512,22.87500,23.12500,22.12500,22.75000,2725960,22.75000
BOST-199812,19970513,21.37500,22.50000,21.25000,22.00000,3433980,22.00000
BOST-199812,19970514,22.37500,22.50000,21.87500,22.00000,2474350,22.00000
BOST-199812,19970515,22.12500,22.50000,22.00000,22.12500,1663770,22.12500
BOST-199812,19970516,22.12500,22.25000,21.50000,21.50000,1940220,21.50000
BOST-199812,19970519,22.00000,22.12500,21.37500,21.37500,1565550,21.37500
BOST-199812,19970520,21.50000,21.87500,21.37500,21.87500,1468700,21.87500
BOST-199812,19970521,22.00000,22.00000,21.50000,21.75000,1853340,21.75000
BOST-199812,19970522,22.00000,22.12500,20.87500,21.12500,2385890,21.12500
BOST-199812,19970523,21.25000,21.37500,20.12500,20.37500,1791750,20.37500
BOST-199812,19970527,20.50000,20.50000,18.87500,19.00000,3469130,19.00000
BOST-199812,19970528,18.87500,18.87500,17.12500,18.12500,10793400,18.12500
BOST-199812,19970529,16.50000,17.25000,16.00000,16.75000,13793500,16.75000
BOST-199812,19970530,16.87500,18.12500,16.50000,18.00000,8805590,18.00000
BOST-199812,19970602,18.75000,18.75000,15.75000,16.12500,12453100,16.12500
BOST-199812,19970603,16.12500,16.25000,15.12500,15.12500,8467500,15.12500
BOST-199812,19970604,15.25000,15.25000,14.00000,14.62500,15102100,14.62500
BOST-199812,19970605,15.00000,15.75000,14.37500,15.25000,7660330,15.25000
BOST-199812,19970606,15.62500,16.00000,15.37500,15.75000,5266940,15.75000
BOST-199812,19970609,16.00000,16.75000,15.87500,16.50000,4296480,16.50000
BOST-199812,19970610,16.87500,17.00000,15.62500,15.87500,4976090,15.87500
BOST-199812,19970611,16.00000,16.37500,16.00000,16.12500,2729380,16.12500
BOST-199812,19970612,16.12500,16.37500,15.87500,16.00000,2245680,16.00000
BOST-199812,19970613,16.12500,16.12500,15.50000,15.75000,2589040,15.75000
BOST-199812,19970616,15.87500,15.87500,15.37500,15.50000,2690810,15.50000
BOST-199812,19970617,15.50000,15.75000,15.25000,15.62500,2461400,15.62500
BOST-199812,19970618,15.62500,16.00000,15.37500,16.00000,2089350,16.00000
BOST-199812,19970619,16.12500,16.75000,16.00000,16.50000,3214710,16.50000
BOST-199812,19970620,16.75000,17.00000,16.62500,16.75000,2875440,16.75000
BOST-199812,19970623,16.75000,17.00000,16.50000,16.50000,3003920,16.50000
BOST-199812,19970624,16.87500,16.87500,15.50000,15.50000,4495040,15.50000
BOST-199812,19970625,14.50000,15.81250,14.50000,15.37500,7266740,15.37500
BOST-199812,19970626,15.37500,15.37500,14.50000,14.62500,3867900,14.62500
BOST-199812,19970627,14.68750,14.68750,13.75000,13.75000,6601630,13.75000
BOST-199812,19970630,13.75000,14.06250,13.00000,14.00000,5722760,14.00000
BOST-199812,19970701,14.00000,14.75000,13.75000,14.50000,2670560,14.50000
BOST-199812,19970702,14.00000,14.06250,13.06250,13.37500,5273090,13.37500
BOST-199812,19970703,13.50000,13.62500,13.12500,13.31250,1718890,13.31250
BOST-199812,19970707,13.43750,13.50000,12.87500,13.12500,2310730,13.12500
BOST-199812,19970708,13.00000,13.18750,12.62500,12.68750,1927340,12.68750
BOST-199812,19970709,12.62500,12.75000,11.50000,11.56250,6344670,11.56250
BOST-199812,19970710,11.68750,11.75000,10.62500,11.50000,6106910,11.50000
BOST-199812,19970711,11.62500,12.43750,11.56250,12.43750,4149850,12.43750
BOST-199812,19970714,12.62500,12.75000,12.12500,12.31250,2268740,12.31250
BOST-199812,19970715,12.50000,12.50000,12.18750,12.31250,1838200,12.31250
BOST-199812,19970716,12.37500,13.50000,12.18750,13.12500,3867450,13.12500
BOST-199812,19970717,13.25000,13.31250,12.87500,12.93750,1520410,12.93750
BOST-199812,19970718,12.93750,13.06250,12.50000,12.75000,1101960,12.75000
BOST-199812,19970721,12.81250,12.93750,12.50000,12.87500,1088040,12.87500
BOST-199812,19970722,12.93750,13.25000,12.87500,13.18750,1564890,13.18750
BOST-199812,19970723,13.31250,13.62500,13.18750,13.50000,1687670,13.50000
BOST-199812,19970724,13.43750,13.68750,13.25000,13.62500,1502740,13.62500
BOST-199812,19970725,13.56250,13.81250,13.37500,13.75000,1284820,13.75000
BOST-199812,19970728,13.62500,13.87500,13.12500,13.31250,1628000,13.31250
BOST-199812,19970729,13.37500,13.37500,12.81250,13.06250,1260280,13.06250
BOST-199812,19970730,13.00000,13.12500,12.75000,13.06250,1322430,13.06250
BOST-199812,19970731,13.00000,13.12500,12.87500,13.06250,1476390,13.06250
BOST-199812,19970801,13.06250,13.06250,12.87500,13.00000,837806,13.00000
BOST-199812,19970804,13.06250,13.12500,12.50000,12.50000,1494290,12.50000
BOST-199812,19970805,12.62500,13.12500,12.06250,12.25000,2527340,12.25000
BOST-199812,19970806,12.37500,13.37500,12.25000,12.75000,5818370,12.75000
BOST-199812,19970807,12.87500,13.37500,12.75000,13.25000,3282260,13.25000
BOST-199812,19970808,13.25000,13.75000,13.00000,13.37500,2112210,13.37500
BOST-199812,19970811,13.18750,13.18750,12.00000,12.18750,4111110,12.18750
BOST-199812,19970812,12.31250,12.37500,12.12500,12.25000,1434230,12.25000
BOST-199812,19970813,12.37500,12.43750,12.06250,12.37500,1372270,12.37500
BOST-199812,19970814,12.37500,12.56250,12.25000,12.50000,1277240,12.50000
BOST-199812,19970815,12.37500,12.56250,12.25000,12.37500,1202600,12.37500
BOST-199812,19970818,12.37500,12.56250,12.25000,12.37500,796772,12.37500
BOST-199812,19970819,12.50000,12.50000,12.25000,12.43750,696996,12.43750
BOST-199812,19970820,12.31250,12.37500,12.06250,12.37500,1199220,12.37500
BOST-199812,19970821,12.25000,12.31250,12.12500,12.12500,725022,12.12500
BOST-199812,19970822,12.12500,12.18750,11.87500,12.06250,1360150,12.06250
BOST-199812,19970825,12.00000,12.06250,11.62500,11.81250,1184120,11.81250
BOST-199812,19970826,11.68750,12.00000,11.68750,11.90626,2486850,11.90626
BOST-199812,19970827,12.18750,13.25000,12.06250,13.12500,6531220,13.12500
BOST-199812,19970828,13.25000,13.62500,12.68750,12.81250,4586780,12.81250
BOST-199812,19970829,12.87500,12.87500,12.25000,12.31250,2200090,12.31250
BOST-199812,19970902,12.50000,13.12500,12.31250,12.96876,1547990,12.96876
BOST-199812,19970903,13.00000,13.25000,12.75000,13.25000,2005020,13.25000
BOST-199812,19970904,13.25000,13.68750,13.06250,13.46876,1911340,13.46876
BOST-199812,19970905,13.56250,14.37500,13.56250,14.37500,3816070,14.37500
BOST-199812,19970908,14.56250,15.37500,14.50000,14.81250,3967600,14.81250
BOST-199812,19970909,15.06250,15.62500,14.87500,15.06250,3933160,15.06250
BOST-199812,19970910,15.12500,15.12500,14.56250,14.62500,6800050,14.62500
BOST-199812,19970911,14.62500,14.75000,14.25000,14.37500,1729530,14.37500
BOST-199812,19970912,14.37500,14.43750,13.87500,14.12500,1595100,14.12500
BOST-199812,19970915,14.43750,14.75000,14.37500,14.43750,1480180,14.43750
BOST-199812,19970916,14.75000,14.75000,14.06250,14.25000,1507830,14.25000
BOST-199812,19970917,14.06250,14.06250,13.25000,13.50000,3088250,13.50000
BOST-199812,19970918,13.56250,14.12500,13.56250,13.93750,1685650,13.93750
BOST-199812,19970919,13.93750,14.00000,13.31250,13.56250,1802560,13.56250
BOST-199812,19970922,13.56250,13.75000,13.31250,13.56250,1475670,13.56250
BOST-199812,19970923,13.62500,14.18750,13.56250,13.87500,1686730,13.87500
BOST-199812,19970924,14.00000,14.37500,13.75000,14.18750,1446190,14.18750
BOST-199812,19970925,14.25000,14.37500,14.06250,14.18750,1092540,14.18750
BOST-199812,19970926,14.18750,14.25000,14.00000,14.12500,989502,14.12500
BOST-199812,19970929,14.12500,14.25000,14.00000,14.12500,1385510,14.12500
BOST-199812,19970930,14.12500,14.87500,13.87500,14.75000,2371700,14.75000
BOST-199812,19971001,14.81250,14.87500,14.12500,14.25000,1926920,14.25000
BOST-199812,19971002,14.31250,14.37500,13.93750,13.93750,1569700,13.93750
BOST-199812,19971003,14.12500,14.31250,14.00000,14.31250,1217050,14.31250
BOST-199812,19971006,14.31250,14.37500,13.68750,13.75000,1458170,13.75000
BOST-199812,19971007,13.81250,13.93750,13.31250,13.37500,1773840,13.37500
BOST-199812,19971008,13.43750,13.68750,13.25000,13.31250,1166650,13.31250
BOST-199812,19971009,13.31250,15.56250,13.06250,14.50000,8033400,14.50000
BOST-199812,19971010,14.37500,15.37500,14.12500,14.68750,3895410,14.68750
BOST-199812,19971013,14.81250,15.43750,14.75000,15.00000,2106680,15.00000
BOST-199812,19971014,14.93750,15.12500,14.75000,15.00000,1289730,15.00000
BOST-199812,19971015,14.93750,15.00000,14.50000,14.68750,908482,14.68750
BOST-199812,19971016,14.68750,14.75000,14.37500,14.37500,982930,14.37500
BOST-199812,19971017,14.37500,14.56250,13.93750,14.12500,1441370,14.12500
BOST-199812,19971020,14.12500,14.18750,13.75000,14.00000,754488,14.00000
BOST-199812,19971021,13.87500,14.12500,13.81250,14.00000,723846,14.00000
BOST-199812,19971022,13.87500,14.00000,13.56250,13.68750,668458,13.68750
BOST-199812,19971023,13.37500,13.50000,12.81250,13.00000,1872920,13.00000
BOST-199812,19971024,13.25000,13.37500,12.87500,12.93750,1049200,12.93750
BOST-199812,19971027,12.37500,12.50000,11.62500,11.75000,2141260,11.75000
BOST-199812,19971028,11.06250,12.87500,10.87500,12.56250,2507970,12.56250
BOST-199812,19971029,12.75000,13.00000,11.87500,12.62500,1679430,12.62500
BOST-199812,19971030,10.12500,11.25000,10.06250,10.31250,5215120,10.31250
BOST-199812,19971031,9.37500,9.50000,8.25000,8.93750,9538980,8.93750
BOST-199812,19971103,9.12500,9.18750,8.56250,8.68750,3827300,8.68750
BOST-199812,19971104,8.62500,8.68750,8.31250,8.56250,2686560,8.56250
BOST-199812,19971105,8.81250,8.87500,8.56250,8.71876,1746320,8.71876
BOST-199812,19971106,8.87500,9.40626,8.81250,9.06250,2076350,9.06250
BOST-199812,19971107,9.06250,9.06250,8.75000,9.00000,1822940,9.00000
BOST-199812,19971110,9.18750,9.25000,8.93750,8.93750,1236270,8.93750
BOST-199812,19971111,8.93750,9.03126,8.81250,8.81250,717152,8.81250
BOST-199812,19971112,8.81250,8.81250,8.43750,8.50000,1280410,8.50000
BOST-199812,19971113,8.62500,8.62500,8.25000,8.50000,1497540,8.50000
BOST-199812,19971114,8.50000,8.50000,8.37500,8.46876,1293900,8.46876
BOST-199812,19971117,8.50000,8.62500,8.37500,8.50000,1860600,8.50000
BOST-199812,19971118,8.46876,8.50000,8.37500,8.43750,1030890,8.43750
BOST-199812,19971119,8.43750,8.50000,8.43750,8.46876,1201280,8.46876
BOST-199812,19971120,8.43750,8.53126,8.43750,8.53126,1787240,8.53126
BOST-199812,19971121,8.50000,8.56250,8.37500,8.46876,1660980,8.46876
BOST-199812,19971124,8.37500,8.43750,8.18750,8.25000,859422,8.25000
BOST-199812,19971125,8.31250,8.37500,8.12500,8.18750,712526,8.18750
BOST-199812,19971126,8.25000,8.25000,8.00000,8.06250,1162420,8.06250
BOST-199812,19971128,8.00000,8.06250,7.87500,8.03126,796128,8.03126
BOST-199812,19971201,8.03126,8.12500,7.87500,8.00000,1140030,8.00000
BOST-199812,19971202,7.96876,7.96876,7.62500,7.81250,1733860,7.81250
BOST-199812,19971203,7.81250,7.87500,7.06250,7.18750,2439060,7.18750
BOST-199812,19971204,7.12500,7.31250,6.50000,6.50000,2410450,6.50000
BOST-199812,19971205,6.43750,7.50000,6.00000,7.03126,5486590,7.03126
BOST-199812,19971208,7.12500,7.68750,7.00000,7.62500,2047320,7.62500
BOST-199812,19971209,7.43750,7.62500,7.15626,7.31250,1234570,7.31250
BOST-199812,19971210,7.25000,7.37500,7.00000,7.06250,1123020,7.06250
BOST-199812,19971211,7.03126,7.12500,7.00000,7.12500,1328830,7.12500
BOST-199812,19971212,7.12500,7.12500,6.87500,7.03126,1214130,7.03126
BOST-199812,19971215,7.00000,7.06250,6.75000,6.87500,1396860,6.87500
BOST-199812,19971216,6.87500,6.93750,6.62500,6.68750,1232860,6.68750
BOST-199812,19971217,6.68750,7.12500,6.43750,7.12500,1825060,7.12500
BOST-199812,19971218,6.93750,7.06250,6.81250,6.90626,1262050,6.90626
BOST-199812,19971219,6.75000,7.12500,6.62500,7.03126,1356280,7.03126
BOST-199812,19971222,7.06250,7.12500,6.75000,6.93750,1384200,6.93750
BOST-199812,19971223,6.87500,6.93750,6.68750,6.71876,1388640,6.71876
BOST-199812,19971224,6.75000,6.81250,6.56250,6.56250,781360,6.56250
BOST-199812,19971226,6.56250,6.75000,6.50000,6.53126,681152,6.53126
BOST-199812,19971229,6.50000,6.62500,6.25000,6.56250,2088920,6.56250
BOST-199812,19971230,6.46876,6.50000,6.25000,6.43750,2387170,6.43750
BOST-199812,19971231,6.31250,6.43750,6.12500,6.43750,2904900,6.43750
BOST-199812,19980102,6.50000,6.96876,6.40626,6.96876,1693900,6.96876
BOST-199812,19980105,7.06250,7.12500,6.93750,7.03126,1224680,7.03126
BOST-199812,19980106,7.09376,7.31250,7.00000,7.12500,897100,7.12500
BOST-199812,19980107,7.18750,7.18750,6.87500,6.93750,604400,6.93750
BOST-199812,19980108,7.00000,7.00000,6.75000,6.75000,847236,6.75000
BOST-199812,19980109,6.78126,6.87500,6.50000,6.81250,1386470,6.81250
BOST-199812,19980112,6.75000,6.75000,6.43750,6.56250,643364,6.56250
BOST-199812,19980113,6.62500,6.75000,6.06250,6.18750,1205010,6.18750
BOST-199812,19980114,6.25000,6.25000,6.06250,6.09376,760944,6.09376
BOST-199812,19980115,6.18750,6.50000,6.12500,6.37500,474874,6.37500
BOST-199812,19980116,6.37500,6.93750,6.25000,6.62500,1319800,6.62500
BOST-199812,19980120,6.68750,6.68750,6.50000,6.68750,1149250,6.68750
BOST-199812,19980121,6.65626,6.68750,6.56250,6.62500,405364,6.62500
BOST-199812,19980122,6.56250,6.68750,6.37500,6.43750,308692,6.43750
BOST-199812,19980123,6.50000,6.50000,6.12500,6.18750,569258,6.18750
BOST-199812,19980126,6.18750,6.25000,6.12500,6.15626,434678,6.15626
BOST-199812,19980127,6.12500,6.25000,6.06250,6.15626,358582,6.15626
BOST-199812,19980128,6.12500,6.34376,6.06250,6.28126,866038,6.28126
BOST-199812,19980129,6.31250,6.31250,6.18750,6.21876,610864,6.21876
BOST-199812,19980130,6.25000,6.25000,6.12500,6.12500,421930,6.12500
BOST-199812,19980202,6.12500,6.62500,6.12500,6.53126,1420890,6.53126
BOST-199812,19980203,6.56250,7.50000,6.53126,7.25000,2818080,7.25000
BOST-199812,19980204,7.25000,8.31250,7.12500,8.06250,3725250,8.06250
BOST-199812,19980205,8.37500,8.50000,7.25000,7.28126,3655760,7.28126
BOST-199812,19980206,7.56250,8.00000,7.43750,7.90626,1300810,7.90626
BOST-199812,19980209,8.00000,8.00000,7.43750,7.56250,1340590,7.56250
BOST-199812,19980210,7.50000,7.50000,7.00000,7.03126,1446550,7.03126
BOST-199812,19980211,6.81250,7.25000,6.75000,7.06250,815992,7.06250
BOST-199812,19980212,7.06250,7.12500,7.00000,7.09376,469978,7.09376
BOST-199812,19980213,7.00000,7.25000,7.00000,7.06250,415684,7.06250
BOST-199812,19980217,7.06250,7.18750,6.62500,6.81250,1103870,6.81250
BOST-199812,19980218,6.56250,7.09376,6.37500,6.90626,1569060,6.90626
BOST-199812,19980219,6.81250,6.93750,6.62500,6.75000,915784,6.75000
BOST-199812,19980220,6.75000,7.25000,6.68750,7.12500,1073880,7.12500
BOST-199812,19980223,7.25000,7.62500,7.12500,7.59376,2102500,7.59376
BOST-199812,19980224,7.62500,7.90626,7.59376,7.81250,1789500,7.81250
BOST-199812,19980225,7.81250,7.93750,7.21876,7.25000,968570,7.25000
BOST-199812,19980226,7.03126,7.12500,6.87500,7.03126,1071090,7.03126
BOST-199812,19980227,6.96876,7.03126,6.87500,6.93750,643694,6.93750
BOST-199812,19980302,6.87500,6.96876,6.75000,6.75000,795776,6.75000
BOST-199812,19980303,6.78126,7.03126,6.75000,6.96876,691142,6.96876
BOST-199812,19980304,7.03126,7.06250,6.87500,7.00000,337536,7.00000
BOST-199812,19980305,6.87500,6.90626,6.68750,6.75000,789880,6.75000
BOST-199812,19980306,6.81250,6.87500,6.62500,6.81250,564870,6.81250
BOST-199812,19980309,6.87500,6.87500,6.62500,6.62500,454622,6.62500
BOST-199812,19980310,6.68750,6.75000,6.50000,6.53126,509502,6.53126
BOST-199812,19980311,6.59376,6.62500,6.50000,6.56250,415092,6.56250
BOST-199812,19980312,6.56250,6.62500,6.18750,6.25000,1650940,6.25000
BOST-199812,19980313,6.25000,6.34376,6.12500,6.12500,830290,6.12500
BOST-199812,19980316,6.25000,6.31250,6.12500,6.28126,807100,6.28126
BOST-199812,19980317,6.31250,6.50000,6.12500,6.15626,728312,6.15626
BOST-199812,19980318,6.15626,6.25000,6.12500,6.18750,647798,6.18750
BOST-199812,19980319,6.18750,6.21876,6.12500,6.12500,569934,6.12500
BOST-199812,19980320,6.15626,6.25000,6.06250,6.12500,692640,6.12500
BOST-199812,19980323,6.18750,6.18750,5.93750,5.96876,1270650,5.96876
BOST-199812,19980324,6.00000,6.03126,5.62500,5.75000,1802910,5.75000
BOST-199812,19980325,5.75000,5.87500,5.68750,5.71876,714756,5.71876
BOST-199812,19980326,5.75000,5.81250,5.62500,5.65626,724830,5.65626
BOST-199812,19980327,5.68750,5.75000,5.50000,5.59376,1075480,5.59376
BOST-199812,19980330,5.56250,5.59376,5.37500,5.37500,1133960,5.37500
BOST-199812,19980331,5.37500,5.40626,5.00000,5.03126,2443740,5.03126
BOST-199812,19980401,5.00000,5.06250,4.71876,4.81250,2901680,4.81250
BOST-199812,19980402,4.53126,4.68750,3.68750,3.75000,7150170,3.75000
BOST-199812,19980403,3.75000,4.68750,3.43750,4.46876,10721100,4.46876
BOST-199812,19980406,4.87500,4.93750,4.00000,4.34376,3121290,4.34376
BOST-199812,19980407,4.03126,4.31250,3.93750,4.25000,2593060,4.25000
BOST-199812,19980408,4.31250,4.46876,4.12500,4.15626,1983960,4.15626
BOST-199812,19980409,4.21876,4.25000,4.06250,4.06250,943236,4.06250
BOST-199812,19980413,4.15626,4.25000,4.09376,4.12500,678684,4.12500
BOST-199812,19980414,4.12500,4.12500,3.93750,4.03126,1364370,4.03126
BOST-199812,19980415,4.03126,4.03126,3.93750,4.00000,1279890,4.00000
BOST-199812,19980416,4.00000,4.00000,3.75000,3.84376,1141360,3.84376
BOST-199812,19980417,3.81250,4.37500,3.75000,4.28126,2702260,4.28126
BOST-199812,19980420,4.62500,4.81250,4.37500,4.75000,2365820,4.75000
BOST-199812,19980421,4.87500,5.31250,4.87500,4.93750,2472880,4.93750
BOST-199812,19980422,5.18750,5.25000,4.71876,4.75000,1500120,4.75000
BOST-199812,19980423,4.75000,4.75000,4.28126,4.43750,1120570,4.43750
BOST-199812,19980424,4.43750,4.50000,4.25000,4.34376,724862,4.34376
BOST-199812,19980427,4.37500,4.37500,4.12500,4.18750,810850,4.18750
BOST-199812,19980428,4.21876,4.40626,4.18750,4.25000,689542,4.25000
BOST-199812,19980429,4.28126,4.28126,4.00000,4.00000,1307690,4.00000
BOST-199812,19980430,4.15626,4.28126,4.03126,4.28126,823114,4.28126
BOST-199812,19980501,4.40626,5.25000,4.37500,5.00000,3554020,5.00000
BOST-199812,19980504,5.31250,5.43750,4.62500,4.75000,3762680,4.75000
BOST-199812,19980505,4.62500,4.68750,4.37500,4.50000,1308350,4.50000
BOST-199812,19980506,4.56250,4.68750,4.46876,4.53126,741688,4.53126
BOST-199812,19980507,4.59376,4.75000,4.53126,4.62500,423528,4.62500
BOST-199812,19980508,4.68750,4.75000,4.56250,4.59376,592162,4.59376
BOST-199812,19980511,4.62500,4.71876,4.50000,4.50000,592648,4.50000
BOST-199812,19980512,4.62500,4.65626,4.53126,4.59376,481088,4.59376
BOST-199812,19980513,4.59376,4.65626,4.40626,4.46876,775736,4.46876
BOST-199812,19980514,4.46876,4.46876,4.25000,4.37500,573008,4.37500
BOST-199812,19980515,4.31250,4.75000,4.31250,4.50000,858332,4.50000
BOST-199812,19980518,4.50000,4.50000,4.25000,4.25000,566278,4.25000
BOST-199812,19980519,4.12500,4.12500,3.00000,3.00000,10850600,3.00000
BOST-199812,19980520,3.09376,3.12500,2.75000,3.03126,8801160,3.03126
BOST-199812,19980521,3.12500,3.15626,2.87500,3.00000,3292190,3.00000
BOST-199812,19980522,3.06250,3.12500,2.93750,2.96876,1318650,2.96876
BOST-199812,19980526,3.18750,3.25000,3.00000,3.21876,1444160,3.21876
BOST-199812,19980527,3.21876,3.25000,2.93750,3.12500,823480,3.12500
BOST-199812,19980528,3.18750,3.31250,3.09376,3.21876,1034980,3.21876
BOST-199812,19980529,3.00000,3.03126,1.68750,2.03126,13006700,2.03126
BOST-199812,19980601,1.93750,2.15626,1.50000,2.15626,8627300,2.15626
BOST-199812,19980602,2.28126,2.43750,2.00000,2.06250,5379890,2.06250
BOST-199812,19980603,2.06250,2.06250,1.87500,2.00000,3081360,2.00000
BOST-199812,19980604,2.03126,2.12500,1.96876,2.06250,3400400,2.06250
BOST-199812,19980605,2.06250,2.12500,1.87500,1.87500,3011500,1.87500
BOST-199812,19980608,2.00000,2.00000,1.87500,2.00000,1223830,2.00000
BOST-199812,19980609,2.00000,2.00000,1.93750,2.00000,947508,2.00000
BOST-199812,19980610,2.00000,2.00000,2.00000,2.00000,1621380,2.00000
BOST-199812,19980611,2.03126,2.12500,1.93750,2.09376,1620960,2.09376
BOST-199812,19980612,2.06250,2.06250,1.93750,2.00000,1653020,2.00000
BOST-199812,19980615,2.00000,2.00000,1.93750,2.00000,994174,2.00000
BOST-199812,19980616,2.00000,2.00000,1.87500,2.00000,939396,2.00000
BOST-199812,19980617,2.00000,2.00000,1.68750,1.75000,2262470,1.75000
BOST-199812,19980618,1.81250,1.81250,1.37500,1.37500,6225170,1.37500
BOST-199812,19980619,1.50000,1.62500,1.43750,1.56250,1877720,1.56250
BOST-199812,19980622,1.62500,1.75000,1.50000,1.75000,1152790,1.75000
BOST-199812,19980623,1.75000,1.81250,1.68750,1.75000,1428770,1.75000
BOST-199812,19980624,1.81250,1.81250,1.68750,1.75000,1079270,1.75000
BOST-199812,19980625,1.81250,1.87500,1.75000,1.81250,864210,1.81250
BOST-199812,19980626,1.87500,2.12500,1.50000,1.56250,2961820,1.56250
BOST-199812,19980629,1.62500,1.62500,1.43750,1.62500,2120880,1.62500
BOST-199812,19980630,1.62500,1.75000,1.50000,1.62500,2450530,1.62500
BOST-199812,19980701,1.62500,1.81250,1.56250,1.81250,1086400,1.81250
BOST-199812,19980702,1.81250,1.81250,1.68750,1.75000,966350,1.75000
BOST-199812,19980706,1.75000,1.75000,1.62500,1.75000,638912,1.75000
BOST-199812,19980707,1.75000,1.87500,1.68750,1.87500,721856,1.87500
BOST-199812,19980708,1.87500,2.00000,1.75000,1.93750,1337360,1.93750
BOST-199812,19980709,1.93750,2.00000,1.81250,2.00000,1362520,2.00000
BOST-199812,19980710,2.00000,2.00000,1.87500,1.93750,911300,1.93750
BOST-199812,19980713,1.87500,2.00000,1.87500,1.87500,459760,1.87500
BOST-199812,19980714,1.93750,2.00000,1.87500,1.87500,1607510,1.87500
BOST-199812,19980715,1.87500,2.00000,1.87500,2.00000,874882,2.00000
BOST-199812,19980716,2.12500,3.00000,2.00000,2.93750,10469400,2.93750
BOST-199812,19980717,3.00000,3.00000,2.50000,2.62500,3093840,2.62500
BOST-199812,19980720,2.65626,2.65626,2.00000,2.18750,3508050,2.18750
BOST-199812,19980721,2.00000,2.06250,1.75000,1.81250,3188790,1.81250
BOST-199812,19980722,1.75000,1.81250,1.68750,1.75000,1528570,1.75000
BOST-199812,19980723,1.75000,1.87500,1.75000,1.87500,868712,1.87500
BOST-199812,19980724,1.87500,1.87500,1.81250,1.87500,819266,1.87500
BOST-199812,19980727,1.87500,1.87500,1.75000,1.75000,551958,1.75000
BOST-199812,19980728,1.81250,1.87500,1.75000,1.75000,751832,1.75000
BOST-199812,19980729,1.75000,1.75000,1.50000,1.56250,990002,1.56250
BOST-199812,19980730,1.62500,1.62500,1.50000,1.50000,1650450,1.50000
BOST-199812,19980731,1.50000,1.56250,1.50000,1.50000,737958,1.50000
BOST-199812,19980803,1.56250,1.56250,1.50000,1.50000,968738,1.50000
BOST-199812,19980804,1.56250,1.56250,1.50000,1.50000,1250900,1.50000
BOST-199812,19980805,1.50000,1.56250,1.50000,1.56250,1339800,1.56250
BOST-199812,19980806,1.62500,1.62500,1.00000,1.12500,4720260,1.12500
BOST-199812,19980807,1.12500,1.12500,1.00000,1.06250,6503290,1.06250
BOST-199812,19980810,1.06250,1.25000,1.00000,1.12500,1810980,1.12500
BOST-199812,19980811,1.12500,1.18750,1.06250,1.12500,589220,1.12500
BOST-199812,19980812,1.12500,1.18750,1.00000,1.06250,1191770,1.06250
BOST-199812,19980813,1.06250,1.06250,1.00000,1.00000,1146100,1.00000
BOST-199812,19980814,1.00000,1.12500,1.00000,1.06250,457600,1.06250
BOST-199812,19980817,1.12500,1.12500,1.00000,1.06250,573896,1.06250
BOST-199812,19980818,1.06250,1.12500,1.06250,1.12500,583326,1.12500
BOST-199812,19980819,1.12500,1.25000,1.12500,1.18750,706352,1.18750
BOST-199812,19980820,1.18750,1.18750,1.00000,1.00000,1580320,1.00000
BOST-199812,19980821,1.00000,1.12500,1.00000,1.06250,2108580,1.06250
BOST-199812,19980824,1.06250,1.12500,1.00000,1.12500,516128,1.12500
BOST-199812,19980825,1.12500,1.12500,1.06250,1.12500,528192,1.12500
BOST-199812,19980826,1.12500,1.12500,1.12500,1.12500,536666,1.12500
BOST-199812,19980827,1.06250,1.12500,1.00000,1.00000,872726,1.00000
BOST-199812,19980828,1.12500,1.12500,1.00000,1.06250,1278020,1.06250
BOST-199812,19980831,1.06250,1.09376,0.96876,0.96876,1136810,0.96876
BOST-199812,19980901,1.00000,1.06250,1.00000,1.06250,1201630,1.06250
BOST-199812,19980902,1.06250,1.06250,1.00000,1.06250,845926,1.06250
BOST-199812,19980903,1.06250,1.06250,1.00000,1.00000,1922180,1.00000
BOST-199812,19980904,1.03126,1.03126,0.96876,0.96876,1200070,0.96876
BOST-199812,19980908,1.03126,1.03126,0.87500,0.90626,1215010,0.90626
BOST-199812,19980909,0.93750,0.93750,0.81250,0.84376,1174660,0.84376
BOST-199812,19980910,0.81250,0.87500,0.78126,0.87500,661534,0.87500
BOST-199812,19980911,0.84376,0.87500,0.78126,0.87500,565212,0.87500
BOST-199812,19980914,0.84376,0.90626,0.78126,0.84376,1031620,0.84376
BOST-199812,19980915,0.84376,0.84376,0.75000,0.81250,688848,0.81250
BOST-199812,19980916,0.81250,0.81250,0.75000,0.75000,545362,0.75000
BOST-199812,19980917,0.78126,0.81250,0.71876,0.75000,1050050,0.75000
BOST-199812,19980918,0.71876,0.75000,0.68750,0.71876,794724,0.71876
BOST-199812,19980921,0.71876,0.75000,0.68750,0.75000,734272,0.75000
BOST-199812,19980922,0.75000,0.75000,0.68750,0.71876,747392,0.71876
BOST-199812,19980923,0.75000,0.75000,0.71876,0.75000,475568,0.75000
BOST-199812,19980924,0.75000,0.78126,0.62500,0.78126,1686770,0.78126
BOST-199812,19980925,0.75000,0.78126,0.68750,0.75000,789336,0.75000
BOST-199812,19980928,0.78126,0.78126,0.65626,0.68750,969034,0.68750
BOST-199812,19980929,0.71876,0.75000,0.68750,0.71876,757770,0.71876
BOST-199812,19980930,0.71876,0.75000,0.68750,0.75000,882596,0.75000
BOST-199812,19981001,0.75000,0.75000,0.68750,0.71876,487162,0.71876
BOST-199812,19981002,0.75000,0.75000,0.71876,0.75000,303608,0.75000
BOST-199812,19981005,0.71876,0.75000,0.40626,0.50000,5765650,0.50000
BOST-199812,19981006,0.43750,0.50000,0.37500,0.50000,5232010,0.50000
BOST-199812,19981007,0.46876,0.56250,0.43750,0.46876,3457630,0.46876
BOST-199812,19981008,0.46876,0.53126,0.43750,0.50000,2861610,0.50000
BOST-199812,19981009,0.53126,0.75000,0.50000,0.71876,2496130,0.71876
BOST-199812,19981012,0.75000,1.00000,0.71876,1.00000,3547950,1.00000
BOST-199812,19981013,1.00000,1.06250,0.84376,0.90626,2737750,0.90626
BOST-199812,19981014,0.93750,0.93750,0.78126,0.78126,1464050,0.78126
BOST-199812,19981015,0.81250,0.87500,0.78126,0.84376,1117750,0.84376
BOST-199812,19981016,0.84376,0.84376,0.81250,0.84376,1084140,0.84376
BOST-199812,19981019,0.84376,0.87500,0.78126,0.81250,1339920,0.81250
BOST-199812,19981020,0.84376,0.84376,0.78126,0.84376,1749130,0.84376
BOST-199812,19981021,0.87500,0.87500,0.75000,0.78126,1370110,0.78126
BOST-199812,19981022,0.78126,0.81250,0.75000,0.81250,1157340,0.81250
BOST-199812,19981023,0.78126,0.84376,0.78126,0.84376,1409580,0.84376
BOST-199812,19981026,0.81250,0.84376,0.78126,0.84376,1639560,0.84376
BOST-199812,19981027,0.81250,0.87500,0.81250,0.87500,722816,0.87500
BOST-199812,19981028,0.84376,0.90626,0.81250,0.87500,896784,0.87500
BOST-199812,19981029,0.90626,0.96876,0.84376,0.96876,1262640,0.96876
BOST-199812,19981030,0.96876,1.00000,0.93750,1.00000,1511640,1.00000
BOST-199812,19981102,1.00000,1.12500,1.00000,1.12500,2144860,1.12500
BOST-199812,19981103,1.12500,1.50000,1.12500,1.50000,3296720,1.50000
BOST-199812,19981104,1.56250,2.12500,1.37500,1.50000,9118380,1.50000
BOST-199812,19981105,1.56250,1.56250,1.18750,1.18750,3835060,1.18750
BOST-199812,19981106,1.06250,1.09376,0.75000,0.75000,7916670,0.75000
BOST-199812,19981109,0.78126,0.93750,0.75000,0.81250,3324000,0.81250
BOST-199812,19981110,0.84376,0.93750,0.81250,0.90626,1941080,0.90626
BOST-199812,19981111,0.93750,0.93750,0.84376,0.87500,1128690,0.87500
BOST-199812,19981112,0.81250,0.84376,0.75000,0.78126,1273850,0.78126
BOST-199812,19981113,0.78126,0.84376,0.75000,0.78126,1362450,0.78126
BOST-199812,19981116,0.78126,0.84376,0.78126,0.81250,1085820,0.81250
BOST-199812,19981117,0.78126,0.81250,0.75000,0.75000,1336420,0.75000
BOST-199812,19981118,0.78126,0.81250,0.68750,0.71876,2356010,0.71876
BOST-199812,19981119,0.71876,0.75000,0.68750,0.68750,1549990,0.68750
BOST-199812,19981120,0.71876,0.75000,0.65626,0.68750,1594480,0.68750
BOST-199812,19981123,0.65626,0.75000,0.65626,0.71876,1781550,0.71876
BOST-199812,19981124,0.71876,0.75000,0.68750,0.68750,1149420,0.68750
BOST-199812,19981125,0.71876,0.71876,0.65626,0.68750,1936670,0.68750
BOST-199812,19981127,0.65626,0.71876,0.65626,0.68750,526648,0.68750
BOST-199812,19981130,0.68750,0.71876,0.62500,0.65626,1391760,0.65626
BOST-199812,19981201,0.68750,0.71876,0.62500,0.65626,1028930,0.65626
BOST-199812,19981202,0.65626,0.65626,0.53126,0.59376,1900040,0.59376
BOST-199812,19981203,0.59376,0.62500,0.53126,0.56250,2730360,0.56250
BOST-199812,19981204,0.62500,0.65626,0.53126,0.53126,1843960,0.53126
BOST-199812,19981207,0.59376,0.59376,0.50000,0.53126,3505760,0.53126
BOST-199812,19981208,0.53126,0.65626,0.53126,0.62500,1638520,0.62500
BOST-199812,19981209,0.62500,0.68750,0.59376,0.62500,1034570,0.62500
