Ticker,Date,Open,High,Low,Close,Volume,Open Interest
CMI-199901,19951228,8.75000,8.87500,8.50000,8.75000,994046,8.75000
CMI-199901,19951229,8.75000,9.00000,8.37500,8.87500,195156,8.87500
CMI-199901,19960102,8.87500,9.12500,8.62500,8.75000,44294,8.75000
CMI-199901,19960103,8.75000,9.12500,8.75000,9.00000,122806,9.00000
CMI-199901,19960104,9.00000,9.25000,8.87500,9.00000,160048,9.00000
CMI-199901,19960105,9.00000,9.25000,8.75000,8.87500,80870,8.87500
CMI-199901,19960108,9.25000,9.25000,8.62500,8.62500,27022,8.62500
CMI-199901,19960109,8.62500,9.00000,8.25000,8.25000,57816,8.25000
CMI-199901,19960110,8.75000,8.75000,7.75000,8.00000,74958,8.00000
CMI-199901,19960111,8.12500,8.25000,7.87500,8.00000,68494,8.00000
CMI-199901,19960112,8.12500,8.25000,8.00000,8.00000,76182,8.00000
CMI-199901,19960115,8.25000,8.37500,8.00000,8.12500,72554,8.12500
CMI-199901,19960116,8.50000,8.50000,8.12500,8.37500,174134,8.37500
CMI-199901,19960117,8.37500,8.37500,7.87500,8.00000,34246,8.00000
CMI-199901,19960118,8.25000,8.37500,8.00000,8.37500,23800,8.37500
CMI-199901,19960119,8.37500,8.37500,8.12500,8.37500,71282,8.37500
CMI-199901,19960122,8.37500,8.37500,8.25000,8.37500,214286,8.37500
CMI-199901,19960123,8.37500,8.62500,8.25000,8.50000,98964,8.50000
CMI-199901,19960124,8.50000,8.62500,8.50000,8.50000,17304,8.50000
CMI-199901,19960125,8.62500,8.75000,8.50000,8.62500,80738,8.62500
CMI-199901,19960126,8.75000,9.00000,8.62500,8.75000,173924,8.75000
CMI-199901,19960129,8.87500,9.00000,8.62500,8.62500,227388,8.62500
CMI-199901,19960130,8.87500,9.12500,8.87500,9.00000,102460,9.00000
CMI-199901,19960131,9.12500,9.12500,8.75000,9.00000,101680,9.00000
CMI-199901,19960201,9.12500,9.25000,9.00000,9.25000,80676,9.25000
CMI-199901,19960202,9.12500,9.12500,8.87500,9.00000,68134,9.00000
CMI-199901,19960205,8.87500,9.12500,8.75000,8.87500,56350,8.87500
CMI-199901,19960206,8.87500,9.00000,8.75000,8.75000,43796,8.75000
CMI-199901,19960207,9.00000,9.00000,8.75000,8.87500,60960,8.87500
CMI-199901,19960208,9.00000,9.12500,8.87500,9.00000,42006,9.00000
CMI-199901,19960209,9.12500,9.25000,9.00000,9.12500,67986,9.12500
CMI-199901,19960212,9.00000,9.12500,8.75000,8.75000,89096,8.75000
CMI-199901,19960213,8.75000,9.00000,8.75000,9.00000,16156,9.00000
CMI-199901,19960214,8.75000,9.00000,8.75000,9.00000,27972,9.00000
CMI-199901,19960215,9.00000,9.00000,8.75000,9.00000,25654,9.00000
CMI-199901,19960216,8.87500,8.87500,8.87500,8.87500,28780,8.87500
CMI-199901,19960220,9.00000,9.00000,8.75000,8.75000,24464,8.75000
CMI-199901,19960221,8.75000,9.12500,8.75000,9.00000,31504,9.00000
CMI-199901,19960222,8.87500,9.00000,8.75000,9.00000,20858,9.00000
CMI-199901,19960223,8.75000,9.00000,8.75000,8.75000,30462,8.75000
CMI-199901,19960226,8.75000,9.00000,8.75000,9.00000,23434,9.00000
CMI-199901,19960227,8.75000,9.00000,8.62500,8.62500,22200,8.62500
CMI-199901,19960228,8.62500,8.87500,8.62500,8.62500,15742,8.62500
CMI-199901,19960229,8.87500,8.87500,8.62500,8.75000,33244,8.75000
CMI-199901,19960301,9.00000,9.00000,8.75000,9.00000,216686,9.00000
CMI-199901,19960304,9.00000,9.12500,8.75000,8.75000,68892,8.75000
CMI-199901,19960305,8.87500,8.87500,8.75000,8.75000,14812,8.75000
CMI-199901,19960306,8.62500,8.75000,8.62500,8.75000,10428,8.75000
CMI-199901,19960307,8.62500,8.62500,8.62500,8.62500,3900,8.62500
CMI-199901,19960308,8.62500,8.75000,8.37500,8.37500,36092,8.37500
CMI-199901,19960311,8.37500,8.50000,8.37500,8.37500,3950,8.37500
CMI-199901,19960312,8.37500,8.37500,8.25000,8.25000,24508,8.25000
CMI-199901,19960313,8.25000,8.50000,8.25000,8.37500,26744,8.37500
CMI-199901,19960314,8.37500,8.50000,8.37500,8.37500,16382,8.37500
CMI-199901,19960315,8.37500,8.50000,8.37500,8.37500,34310,8.37500
CMI-199901,19960318,8.25000,8.50000,8.25000,8.37500,45520,8.37500
CMI-199901,19960319,8.37500,8.50000,8.37500,8.37500,31300,8.37500
CMI-199901,19960320,8.50000,9.00000,8.50000,8.75000,162234,8.75000
CMI-199901,19960321,8.87500,8.87500,8.50000,8.75000,79988,8.75000
CMI-199901,19960322,8.75000,8.87500,8.50000,8.50000,91700,8.50000
CMI-199901,19960325,8.50000,8.62500,8.37500,8.37500,59450,8.37500
CMI-199901,19960326,8.62500,8.62500,8.25000,8.50000,54554,8.50000
CMI-199901,19960327,8.50000,8.62500,8.37500,8.50000,7186,8.50000
CMI-199901,19960328,8.37500,8.50000,8.25000,8.25000,25122,8.25000
CMI-199901,19960329,8.25000,8.62500,8.25000,8.37500,66506,8.37500
CMI-199901,19960401,8.50000,8.50000,8.37500,8.50000,16284,8.50000
CMI-199901,19960402,8.50000,8.50000,8.25000,8.37500,50100,8.37500
CMI-199901,19960403,8.25000,8.25000,8.25000,8.25000,7000,8.25000
CMI-199901,19960404,8.37500,8.37500,8.25000,8.37500,15900,8.37500
CMI-199901,19960408,8.25000,8.37500,8.12500,8.25000,21750,8.25000
CMI-199901,19960409,8.50000,8.50000,8.12500,8.12500,6726,8.12500
CMI-199901,19960410,8.12500,8.50000,8.12500,8.25000,93794,8.25000
CMI-199901,19960411,8.37500,8.50000,8.25000,8.25000,36688,8.25000
CMI-199901,19960412,8.25000,8.50000,8.25000,8.25000,3020,8.25000
CMI-199901,19960415,8.25000,8.50000,8.25000,8.25000,39410,8.25000
CMI-199901,19960416,8.50000,8.50000,8.12500,8.25000,51238,8.25000
CMI-199901,19960417,8.12500,8.25000,7.50000,7.50000,71018,7.50000
CMI-199901,19960418,7.50000,7.87500,7.50000,7.75000,24578,7.75000
CMI-199901,19960419,7.75000,8.00000,7.75000,7.87500,40260,7.87500
CMI-199901,19960422,7.87500,8.25000,7.87500,8.25000,61156,8.25000
CMI-199901,19960423,8.12500,8.25000,8.12500,8.12500,34128,8.12500
CMI-199901,19960424,8.25000,8.25000,8.12500,8.12500,30026,8.12500
CMI-199901,19960425,8.12500,8.25000,7.75000,7.87500,51158,7.87500
CMI-199901,19960426,8.12500,8.12500,7.75000,8.00000,27796,8.00000
CMI-199901,19960429,8.00000,8.12500,7.87500,7.87500,5550,7.87500
CMI-199901,19960430,7.87500,8.12500,7.87500,8.00000,23154,8.00000
CMI-199901,19960501,7.87500,7.87500,7.62500,7.75000,202450,7.75000
CMI-199901,19960502,7.75000,7.75000,7.62500,7.62500,18010,7.62500
CMI-199901,19960503,7.75000,7.75000,7.62500,7.62500,6588,7.62500
CMI-199901,19960506,8.00000,9.00000,8.00000,8.87500,47100,8.87500
CMI-199901,19960507,9.00000,10.00000,8.75000,10.00000,58100,10.00000
CMI-199901,19960508,10.00000,10.25000,9.50000,10.25000,89500,10.25000
CMI-199901,19960509,10.25000,10.25000,9.50000,10.12500,32900,10.12500
CMI-199901,19960510,10.00000,10.00000,9.62500,9.87500,30700,9.87500
CMI-199901,19960513,9.75000,10.75000,9.62500,10.75000,71900,10.75000
CMI-199901,19960514,11.00000,11.12500,10.00000,10.62500,70900,10.62500
CMI-199901,19960515,10.62500,10.87500,10.00000,10.87500,105900,10.87500
CMI-199901,19960516,10.87500,10.87500,10.62500,10.75000,23400,10.75000
CMI-199901,19960517,10.62500,11.00000,10.62500,10.87500,39100,10.87500
CMI-199901,19960520,10.87500,10.87500,10.62500,10.75000,23400,10.75000
CMI-199901,19960521,10.75000,10.75000,10.50000,10.75000,35700,10.75000
CMI-199901,19960522,10.62500,10.62500,10.25000,10.50000,21900,10.50000
CMI-199901,19960523,10.75000,11.12500,10.75000,11.00000,114100,11.00000
CMI-199901,19960524,11.25000,11.25000,11.00000,11.12500,93600,11.12500
CMI-199901,19960528,11.37500,12.00000,11.37500,11.50000,60100,11.50000
CMI-199901,19960529,11.50000,11.50000,11.12500,11.25000,14700,11.25000
CMI-199901,19960530,11.25000,11.75000,11.12500,11.75000,48900,11.75000
CMI-199901,19960531,11.75000,12.00000,11.50000,12.00000,70400,12.00000
CMI-199901,19960603,11.75000,11.87500,11.37500,11.87500,63300,11.87500
CMI-199901,19960604,11.62500,11.87500,11.37500,11.75000,76800,11.75000
CMI-199901,19960605,11.75000,13.62500,11.62500,12.75000,183200,12.75000
CMI-199901,19960606,12.75000,13.00000,12.50000,12.75000,159800,12.75000
CMI-199901,19960607,12.62500,13.00000,12.00000,13.00000,63000,13.00000
CMI-199901,19960610,13.12500,13.62500,12.87500,12.87500,54200,12.87500
CMI-199901,19960611,12.87500,13.00000,12.87500,12.87500,93800,12.87500
CMI-199901,19960612,13.00000,13.00000,12.37500,12.37500,23600,12.37500
CMI-199901,19960613,12.12500,12.37500,12.00000,12.25000,32900,12.25000
CMI-199901,19960614,12.37500,12.37500,12.25000,12.25000,14100,12.25000
CMI-199901,19960617,12.12500,12.25000,11.62500,11.75000,21200,11.75000
CMI-199901,19960618,11.75000,12.12500,11.50000,11.50000,19700,11.50000
CMI-199901,19960619,11.75000,12.12500,11.12500,11.12500,47100,11.12500
CMI-199901,19960620,11.25000,12.87500,11.25000,12.75000,105500,12.75000
CMI-199901,19960621,13.00000,13.12500,12.87500,13.00000,30800,13.00000
CMI-199901,19960624,13.12500,13.12500,12.37500,12.50000,26100,12.50000
CMI-199901,19960625,12.50000,13.37500,12.50000,13.37500,53500,13.37500
CMI-199901,19960626,13.62500,13.87500,13.12500,13.25000,72900,13.25000
CMI-199901,19960627,13.25000,13.25000,12.62500,12.75000,28700,12.75000
CMI-199901,19960628,12.87500,13.00000,12.62500,12.87500,10400,12.87500
CMI-199901,19960701,12.87500,12.87500,12.75000,12.75000,6200,12.75000
CMI-199901,19960702,13.00000,14.12500,13.00000,14.00000,120300,14.00000
CMI-199901,19960703,14.12500,15.00000,14.12500,14.62500,106300,14.62500
CMI-199901,19960705,14.62500,14.87500,14.50000,14.87500,25900,14.87500
CMI-199901,19960708,14.87500,14.87500,14.00000,14.00000,32800,14.00000
CMI-199901,19960709,14.00000,14.00000,13.75000,13.87500,35200,13.87500
CMI-199901,19960710,13.75000,13.87500,13.50000,13.50000,9400,13.50000
CMI-199901,19960711,13.37500,13.37500,12.37500,12.62500,35300,12.62500
CMI-199901,19960712,12.75000,13.00000,12.75000,12.87500,41100,12.87500
CMI-199901,19960715,12.87500,12.87500,12.50000,12.50000,20600,12.50000
CMI-199901,19960716,12.37500,12.87500,11.62500,12.87500,33300,12.87500
CMI-199901,19960717,12.87500,12.87500,12.50000,12.50000,4100,12.50000
CMI-199901,19960718,12.62500,12.62500,12.00000,12.62500,26000,12.62500
CMI-199901,19960719,12.50000,12.50000,12.37500,12.50000,2700,12.50000
CMI-199901,19960722,12.62500,12.75000,12.50000,12.75000,39000,12.75000
CMI-199901,19960723,12.75000,13.00000,12.75000,13.00000,15500,13.00000
CMI-199901,19960724,12.75000,13.00000,12.62500,13.00000,66900,13.00000
CMI-199901,19960725,13.00000,13.00000,12.50000,12.75000,27500,12.75000
CMI-199901,19960726,12.50000,12.50000,12.37500,12.37500,4200,12.37500
CMI-199901,19960729,12.12500,12.12500,12.12500,12.12500,1500,12.12500
CMI-199901,19960730,12.12500,12.25000,12.12500,12.25000,2900,12.25000
CMI-199901,19960731,12.37500,12.37500,12.12500,12.12500,6400,12.12500
CMI-199901,19960801,12.25000,12.62500,12.12500,12.50000,41800,12.50000
CMI-199901,19960802,12.50000,12.62500,12.37500,12.50000,9100,12.50000
CMI-199901,19960805,12.62500,13.00000,12.62500,13.00000,21800,13.00000
CMI-199901,19960806,13.00000,13.12500,12.87500,13.00000,10800,13.00000
CMI-199901,19960807,13.12500,13.37500,13.00000,13.00000,9000,13.00000
CMI-199901,19960808,13.25000,13.25000,13.00000,13.12500,39800,13.12500
CMI-199901,19960809,13.00000,13.25000,13.00000,13.12500,9300,13.12500
CMI-199901,19960812,13.12500,13.37500,13.12500,13.25000,4800,13.25000
CMI-199901,19960813,13.37500,13.62500,13.25000,13.62500,26000,13.62500
CMI-199901,19960814,13.75000,13.75000,13.62500,13.75000,6500,13.75000
CMI-199901,19960815,13.87500,15.00000,13.87500,14.75000,58100,14.75000
CMI-199901,19960816,14.75000,15.00000,14.75000,15.00000,33500,15.00000
CMI-199901,19960819,15.00000,15.00000,14.75000,14.87500,32500,14.87500
CMI-199901,19960820,14.87500,15.50000,14.87500,15.50000,54500,15.50000
CMI-199901,19960821,15.62500,16.87500,15.62500,16.00000,52300,16.00000
CMI-199901,19960822,15.75000,16.00000,15.75000,15.75000,19300,15.75000
CMI-199901,19960823,15.87500,15.87500,15.37500,15.50000,17900,15.50000
CMI-199901,19960826,15.50000,15.50000,15.50000,15.50000,4200,15.50000
CMI-199901,19960827,15.50000,15.50000,15.37500,15.37500,6900,15.37500
CMI-199901,19960828,15.50000,15.62500,15.37500,15.50000,17300,15.50000
CMI-199901,19960829,15.50000,15.75000,15.50000,15.75000,5700,15.75000
CMI-199901,19960830,15.50000,15.62500,15.37500,15.37500,5300,15.37500
CMI-199901,19960903,15.37500,15.37500,15.12500,15.37500,4900,15.37500
CMI-199901,19960904,15.37500,16.12500,15.37500,15.75000,49500,15.75000
CMI-199901,19960905,15.50000,15.87500,15.25000,15.87500,10800,15.87500
CMI-199901,19960906,15.87500,16.37500,15.87500,16.37500,16400,16.37500
CMI-199901,19960909,16.25000,17.12500,16.25000,16.75000,22900,16.75000
CMI-199901,19960910,16.75000,16.75000,16.25000,16.50000,23300,16.50000
CMI-199901,19960911,16.50000,16.62500,16.00000,16.37500,16100,16.37500
CMI-199901,19960912,16.37500,16.62500,15.87500,16.12500,39000,16.12500
CMI-199901,19960913,16.25000,16.25000,16.12500,16.12500,4900,16.12500
CMI-199901,19960916,16.00000,16.00000,15.75000,16.00000,20900,16.00000
CMI-199901,19960917,15.87500,16.00000,15.62500,15.62500,8000,15.62500
CMI-199901,19960918,15.62500,15.62500,15.12500,15.25000,16000,15.25000
CMI-199901,19960919,15.37500,15.50000,15.12500,15.37500,16900,15.37500
CMI-199901,19960920,15.50000,15.75000,15.25000,15.62500,32200,15.62500
CMI-199901,19960923,15.62500,16.00000,15.62500,15.87500,36100,15.87500
CMI-199901,19960924,15.75000,16.00000,15.75000,15.87500,203800,15.87500
CMI-199901,19960925,15.87500,16.00000,15.87500,15.87500,33100,15.87500
CMI-199901,19960926,15.87500,16.00000,15.75000,15.75000,26700,15.75000
CMI-199901,19960927,15.87500,15.87500,15.87500,15.87500,2200,15.87500
CMI-199901,19960930,15.87500,15.87500,15.75000,15.75000,21300,15.75000
CMI-199901,19961001,15.87500,15.87500,15.75000,15.75000,13700,15.75000
CMI-199901,19961002,15.75000,15.75000,15.37500,15.50000,12700,15.50000
CMI-199901,19961003,15.62500,15.62500,15.12500,15.12500,7900,15.12500
CMI-199901,19961004,15.25000,15.37500,15.12500,15.25000,14100,15.25000
CMI-199901,19961007,15.37500,15.37500,15.25000,15.25000,8400,15.25000
CMI-199901,19961008,15.00000,15.12500,14.87500,14.87500,18700,14.87500
CMI-199901,19961009,14.75000,15.50000,14.25000,15.37500,46700,15.37500
CMI-199901,19961010,15.25000,15.37500,15.12500,15.37500,15000,15.37500
CMI-199901,19961011,15.25000,15.25000,15.00000,15.12500,6700,15.12500
CMI-199901,19961014,15.12500,15.37500,15.12500,15.25000,12700,15.25000
CMI-199901,19961015,15.25000,15.25000,15.12500,15.25000,29100,15.25000
CMI-199901,19961016,15.12500,15.37500,15.00000,15.37500,30900,15.37500
CMI-199901,19961017,15.25000,15.50000,15.12500,15.37500,12300,15.37500
CMI-199901,19961018,15.62500,16.50000,15.50000,15.50000,53600,15.50000
CMI-199901,19961021,15.75000,15.75000,15.50000,15.50000,11500,15.50000
CMI-199901,19961022,15.37500,15.37500,15.00000,15.37500,20100,15.37500
CMI-199901,19961023,15.37500,15.37500,15.12500,15.25000,7500,15.25000
CMI-199901,19961024,15.25000,15.25000,14.87500,15.00000,37100,15.00000
CMI-199901,19961025,14.62500,15.00000,14.62500,15.00000,34100,15.00000
CMI-199901,19961028,15.00000,15.00000,14.75000,15.00000,26800,15.00000
CMI-199901,19961029,14.62500,14.87500,14.37500,14.62500,12900,14.62500
CMI-199901,19961030,14.75000,14.87500,14.62500,14.87500,85300,14.87500
CMI-199901,19961031,14.75000,14.75000,14.50000,14.75000,14600,14.75000
CMI-199901,19961101,14.75000,14.87500,14.75000,14.87500,7800,14.87500
CMI-199901,19961104,14.75000,14.87500,14.62500,14.62500,15200,14.62500
CMI-199901,19961105,14.62500,14.62500,12.62500,13.25000,73300,13.25000
CMI-199901,19961106,13.37500,13.87500,13.37500,13.87500,49200,13.87500
CMI-199901,19961107,13.87500,14.50000,13.87500,14.50000,34300,14.50000
CMI-199901,19961108,14.75000,14.75000,14.62500,14.62500,8900,14.62500
CMI-199901,19961111,14.50000,14.62500,14.25000,14.37500,5700,14.37500
CMI-199901,19961112,14.12500,14.75000,14.12500,14.62500,20400,14.62500
CMI-199901,19961113,14.75000,14.75000,14.62500,14.75000,72300,14.75000
CMI-199901,19961114,14.75000,14.87500,14.75000,14.75000,5300,14.75000
CMI-199901,19961115,14.62500,14.75000,14.62500,14.75000,5100,14.75000
CMI-199901,19961118,14.62500,14.75000,14.62500,14.75000,26700,14.75000
CMI-199901,19961119,14.62500,14.75000,14.62500,14.75000,12400,14.75000
CMI-199901,19961120,14.75000,14.75000,14.50000,14.50000,20300,14.50000
CMI-199901,19961121,14.50000,14.50000,14.12500,14.25000,6000,14.25000
CMI-199901,19961122,14.12500,14.37500,14.00000,14.37500,26700,14.37500
CMI-199901,19961125,14.50000,14.62500,14.37500,14.50000,12900,14.50000
CMI-199901,19961126,14.50000,14.50000,14.37500,14.50000,18400,14.50000
CMI-199901,19961127,14.50000,14.50000,14.25000,14.50000,19600,14.50000
CMI-199901,19961129,14.62500,15.25000,14.62500,15.25000,81300,15.25000
CMI-199901,19961202,15.25000,15.25000,15.00000,15.12500,40400,15.12500
CMI-199901,19961203,15.00000,15.12500,15.00000,15.12500,31400,15.12500
CMI-199901,19961204,15.00000,15.12500,14.12500,14.37500,33800,14.37500
CMI-199901,19961205,14.37500,14.50000,14.12500,14.12500,39700,14.12500
CMI-199901,19961206,13.50000,13.50000,12.75000,12.87500,506900,12.87500
CMI-199901,19961209,12.87500,13.50000,12.87500,13.50000,183100,13.50000
CMI-199901,19961210,13.50000,13.50000,12.87500,13.00000,501700,13.00000
CMI-199901,19961211,12.87500,13.00000,12.62500,13.00000,94500,13.00000
CMI-199901,19961212,13.12500,13.12500,12.75000,12.87500,22500,12.87500
CMI-199901,19961213,12.75000,13.00000,12.75000,13.00000,29500,13.00000
CMI-199901,19961216,13.12500,13.25000,12.37500,12.50000,113900,12.50000
CMI-199901,19961217,12.50000,12.50000,12.25000,12.37500,28000,12.37500
CMI-199901,19961218,12.25000,12.50000,11.37500,11.75000,72800,11.75000
CMI-199901,19961219,11.62500,12.12500,10.87500,12.00000,115500,12.00000
CMI-199901,19961220,12.12500,12.12500,11.50000,11.87500,58600,11.87500
CMI-199901,19961223,12.00000,12.62500,12.00000,12.50000,59200,12.50000
CMI-199901,19961224,12.37500,12.50000,12.25000,12.25000,5100,12.25000
CMI-199901,19961226,12.25000,12.50000,12.12500,12.12500,24500,12.12500
CMI-199901,19961227,12.00000,12.00000,12.00000,12.00000,20200,12.00000
CMI-199901,19961230,12.25000,12.75000,12.25000,12.62500,33100,12.62500
CMI-199901,19961231,12.62500,13.00000,12.62500,12.87500,61900,12.87500
CMI-199901,19970102,12.87500,12.87500,12.62500,12.62500,24500,12.62500
CMI-199901,19970103,12.75000,12.75000,12.25000,12.62500,59600,12.62500
CMI-199901,19970106,12.62500,12.87500,12.62500,12.87500,138100,12.87500
CMI-199901,19970107,13.12500,13.12500,12.37500,12.75000,254700,12.75000
CMI-199901,19970108,12.75000,12.75000,12.75000,12.75000,131000,12.75000
CMI-199901,19970109,13.00000,13.12500,12.75000,13.12500,94200,13.12500
CMI-199901,19970110,12.87500,13.00000,12.87500,12.87500,19500,12.87500
CMI-199901,19970113,12.87500,13.12500,12.87500,13.12500,12600,13.12500
CMI-199901,19970114,13.37500,13.37500,13.12500,13.25000,23000,13.25000
CMI-199901,19970115,13.12500,13.25000,13.12500,13.25000,3700,13.25000
CMI-199901,19970116,13.25000,13.37500,13.12500,13.25000,11100,13.25000
CMI-199901,19970117,13.25000,13.25000,13.12500,13.12500,9600,13.12500
CMI-199901,19970120,13.12500,13.25000,13.00000,13.00000,21000,13.00000
CMI-199901,19970121,13.00000,13.00000,12.87500,13.00000,51500,13.00000
CMI-199901,19970122,12.87500,13.12500,12.87500,13.00000,60600,13.00000
CMI-199901,19970123,13.00000,13.00000,12.87500,12.87500,19100,12.87500
CMI-199901,19970124,12.75000,12.87500,12.75000,12.75000,4700,12.75000
CMI-199901,19970127,12.87500,12.87500,12.62500,12.75000,26200,12.75000
CMI-199901,19970128,12.62500,12.75000,12.62500,12.75000,21400,12.75000
CMI-199901,19970129,12.62500,13.00000,12.62500,12.87500,48700,12.87500
CMI-199901,19970130,12.87500,12.87500,12.75000,12.75000,11800,12.75000
CMI-199901,19970131,12.87500,12.87500,12.75000,12.87500,32600,12.87500
CMI-199901,19970203,12.87500,13.00000,12.87500,12.87500,65500,12.87500
CMI-199901,19970204,12.87500,13.00000,12.87500,12.87500,5900,12.87500
CMI-199901,19970205,12.87500,13.00000,12.87500,13.00000,14100,13.00000
CMI-199901,19970206,13.00000,13.00000,12.75000,13.00000,21700,13.00000
CMI-199901,19970207,12.87500,12.87500,12.87500,12.87500,11300,12.87500
CMI-199901,19970210,12.87500,12.87500,12.62500,12.62500,13300,12.62500
CMI-199901,19970211,12.50000,12.50000,12.12500,12.12500,10500,12.12500
CMI-199901,19970212,12.25000,12.50000,12.00000,12.50000,15700,12.50000
CMI-199901,19970213,12.75000,12.75000,12.50000,12.75000,16900,12.75000
CMI-199901,19970214,12.62500,12.62500,12.62500,12.62500,2400,12.62500
CMI-199901,19970218,12.62500,12.75000,12.50000,12.50000,14500,12.50000
CMI-199901,19970219,12.62500,12.62500,12.50000,12.50000,20500,12.50000
CMI-199901,19970220,12.50000,12.50000,12.00000,12.00000,26000,12.00000
CMI-199901,19970221,12.00000,12.00000,11.62500,11.62500,22400,11.62500
CMI-199901,19970224,11.50000,12.00000,11.12500,11.87500,67600,11.87500
CMI-199901,19970225,11.75000,12.25000,11.75000,12.12500,72800,12.12500
CMI-199901,19970226,12.00000,12.12500,11.87500,11.87500,33600,11.87500
CMI-199901,19970227,12.00000,12.00000,11.62500,11.62500,84300,11.62500
CMI-199901,19970228,11.62500,11.75000,11.62500,11.75000,9400,11.75000
CMI-199901,19970303,11.75000,11.75000,11.25000,11.25000,26700,11.25000
CMI-199901,19970304,11.25000,11.50000,11.25000,11.50000,21100,11.50000
CMI-199901,19970305,11.37500,11.37500,11.37500,11.37500,20000,11.37500
CMI-199901,19970306,11.37500,11.87500,11.37500,11.87500,101400,11.87500
CMI-199901,19970307,11.75000,11.75000,11.37500,11.62500,46400,11.62500
CMI-199901,19970310,11.50000,11.62500,11.37500,11.62500,53500,11.62500
CMI-199901,19970311,11.62500,12.25000,11.62500,12.25000,34900,12.25000
CMI-199901,19970312,12.25000,12.87500,12.25000,12.62500,37500,12.62500
CMI-199901,19970313,13.25000,13.62500,13.00000,13.00000,100800,13.00000
CMI-199901,19970314,13.00000,13.00000,12.62500,12.62500,62600,12.62500
CMI-199901,19970317,12.75000,12.87500,12.62500,12.62500,25300,12.62500
CMI-199901,19970318,12.75000,12.87500,12.37500,12.50000,49700,12.50000
CMI-199901,19970319,12.37500,12.37500,12.00000,12.12500,53700,12.12500
CMI-199901,19970320,12.00000,12.00000,11.87500,12.00000,8400,12.00000
CMI-199901,19970321,12.00000,12.12500,11.87500,11.87500,27100,11.87500
CMI-199901,19970324,12.00000,12.12500,11.75000,12.00000,48200,12.00000
CMI-199901,19970325,12.00000,12.12500,11.87500,12.12500,15700,12.12500
CMI-199901,19970326,12.12500,12.12500,12.00000,12.12500,16000,12.12500
CMI-199901,19970327,12.00000,12.12500,12.00000,12.12500,12600,12.12500
CMI-199901,19970331,12.00000,12.00000,11.87500,12.00000,6100,12.00000
CMI-199901,19970401,12.00000,12.00000,11.50000,11.50000,27700,11.50000
CMI-199901,19970402,11.50000,11.62500,11.50000,11.62500,31300,11.62500
CMI-199901,19970403,11.62500,11.62500,11.50000,11.62500,23400,11.62500
CMI-199901,19970404,11.50000,11.75000,11.50000,11.75000,8800,11.75000
CMI-199901,19970407,11.75000,11.87500,11.75000,11.87500,23500,11.87500
CMI-199901,19970408,11.87500,11.87500,11.62500,11.75000,21400,11.75000
CMI-199901,19970409,11.87500,11.87500,11.75000,11.75000,13700,11.75000
CMI-199901,19970410,11.87500,12.00000,11.87500,11.87500,13900,11.87500
CMI-199901,19970411,11.87500,12.00000,11.87500,11.87500,8100,11.87500
CMI-199901,19970414,11.87500,11.87500,11.62500,11.62500,9400,11.62500
CMI-199901,19970415,11.62500,11.75000,11.62500,11.75000,2700,11.75000
CMI-199901,19970416,11.87500,11.87500,11.75000,11.75000,1700,11.75000
CMI-199901,19970417,11.87500,11.87500,11.75000,11.87500,5600,11.87500
CMI-199901,19970418,11.87500,11.87500,11.62500,11.62500,7300,11.62500
CMI-199901,19970421,11.37500,12.25000,11.37500,11.75000,26700,11.75000
CMI-199901,19970422,11.75000,11.75000,11.75000,11.75000,26000,11.75000
CMI-199901,19970423,11.75000,11.75000,11.37500,11.50000,35000,11.50000
CMI-199901,19970424,11.62500,11.62500,11.37500,11.37500,6200,11.37500
CMI-199901,19970425,11.37500,11.37500,11.25000,11.37500,1300,11.37500
CMI-199901,19970428,11.37500,11.37500,11.12500,11.25000,33000,11.25000
CMI-199901,19970429,11.25000,11.25000,11.00000,11.25000,26100,11.25000
CMI-199901,19970430,11.12500,11.12500,10.87500,11.12500,32900,11.12500
CMI-199901,19970501,11.25000,11.25000,11.12500,11.12500,41600,11.12500
CMI-199901,19970502,11.00000,11.00000,10.75000,10.87500,8600,10.87500
CMI-199901,19970505,11.00000,11.00000,10.50000,10.50000,21700,10.50000
CMI-199901,19970506,10.50000,11.50000,10.50000,11.37500,59600,11.37500
CMI-199901,19970507,11.37500,12.12500,11.37500,12.12500,29400,12.12500
CMI-199901,19970508,12.25000,12.50000,12.12500,12.37500,37000,12.37500
CMI-199901,19970509,12.50000,12.50000,12.25000,12.50000,4400,12.50000
CMI-199901,19970512,12.37500,13.00000,12.37500,13.00000,37300,13.00000
CMI-199901,19970513,13.12500,13.37500,13.00000,13.00000,85200,13.00000
CMI-199901,19970514,13.00000,13.00000,12.75000,12.75000,14400,12.75000
CMI-199901,19970515,12.75000,12.87500,12.75000,12.75000,10400,12.75000
CMI-199901,19970516,12.75000,12.87500,12.50000,12.62500,30100,12.62500
CMI-199901,19970519,12.75000,12.75000,12.75000,12.75000,1100,12.75000
CMI-199901,19970520,12.62500,12.75000,12.37500,12.50000,9500,12.50000
CMI-199901,19970521,12.50000,12.75000,12.50000,12.62500,14600,12.62500
CMI-199901,19970522,12.62500,12.87500,12.62500,12.87500,81100,12.87500
CMI-199901,19970523,13.00000,13.00000,12.75000,13.00000,13500,13.00000
CMI-199901,19970527,13.00000,13.00000,12.75000,12.75000,26800,12.75000
CMI-199901,19970528,12.62500,12.75000,12.37500,12.75000,11600,12.75000
CMI-199901,19970529,12.62500,12.75000,12.12500,12.75000,40400,12.75000
CMI-199901,19970530,12.75000,12.75000,12.62500,12.62500,19400,12.62500
CMI-199901,19970602,12.75000,12.75000,12.37500,12.50000,8800,12.50000
CMI-199901,19970603,12.50000,12.50000,12.37500,12.50000,7500,12.50000
CMI-199901,19970604,12.50000,12.50000,12.25000,12.50000,63600,12.50000
CMI-199901,19970605,12.50000,12.75000,12.50000,12.62500,114100,12.62500
CMI-199901,19970606,12.62500,12.75000,12.62500,12.62500,6200,12.62500
CMI-199901,19970609,12.62500,12.62500,12.25000,12.37500,32400,12.37500
CMI-199901,19970610,12.50000,12.75000,12.50000,12.62500,68500,12.62500
CMI-199901,19970611,12.75000,12.75000,12.62500,12.75000,7700,12.75000
CMI-199901,19970612,12.62500,12.87500,12.62500,12.87500,9300,12.87500
CMI-199901,19970613,12.75000,12.75000,12.62500,12.75000,2300,12.75000
CMI-199901,19970616,12.75000,12.75000,11.75000,12.50000,28400,12.50000
CMI-199901,19970617,12.62500,12.75000,12.62500,12.75000,40100,12.75000
CMI-199901,19970618,12.50000,12.75000,12.50000,12.50000,5400,12.50000
CMI-199901,19970619,12.62500,13.50000,12.62500,13.37500,98100,13.37500
CMI-199901,19970620,13.37500,14.12500,13.37500,14.12500,131800,14.12500
CMI-199901,19970623,14.00000,14.00000,13.62500,14.00000,33500,14.00000
CMI-199901,19970624,14.00000,14.25000,13.62500,14.00000,98400,14.00000
CMI-199901,19970625,14.12500,14.25000,14.00000,14.18750,29300,14.18750
CMI-199901,19970626,14.12500,14.50000,14.12500,14.37500,25600,14.37500
CMI-199901,19970627,14.50000,14.50000,14.12500,14.37500,49200,14.37500
CMI-199901,19970630,14.50000,14.50000,14.00000,14.25000,78100,14.25000
CMI-199901,19970701,14.25000,14.25000,13.87500,14.00000,38900,14.00000
CMI-199901,19970702,14.00000,14.00000,13.50000,13.62500,27900,13.62500
CMI-199901,19970703,13.62500,13.62500,13.25000,13.25000,29500,13.25000
CMI-199901,19970707,13.00000,13.25000,12.62500,13.25000,75500,13.25000
CMI-199901,19970708,13.25000,13.37500,12.75000,13.00000,20300,13.00000
CMI-199901,19970709,13.12500,13.12500,12.75000,13.00000,22300,13.00000
CMI-199901,19970710,13.00000,13.18750,12.75000,13.18750,64400,13.18750
CMI-199901,19970711,13.18750,14.12500,13.18750,14.00000,85200,14.00000
CMI-199901,19970714,14.00000,14.12500,13.87500,14.00000,59800,14.00000
CMI-199901,19970715,14.00000,14.37500,14.00000,14.25000,26800,14.25000
CMI-199901,19970716,14.25000,15.25000,14.25000,15.12500,95000,15.12500
CMI-199901,19970717,15.25000,15.37500,14.75000,15.25000,53200,15.25000
CMI-199901,19970718,15.25000,15.25000,15.00000,15.00000,44900,15.00000
CMI-199901,19970721,15.06250,15.06250,14.87500,15.00000,9300,15.00000
CMI-199901,19970722,14.87500,15.00000,14.62500,14.75000,35500,14.75000
CMI-199901,19970723,14.75000,14.75000,14.25000,14.50000,38800,14.50000
CMI-199901,19970724,14.50000,14.75000,14.50000,14.62500,37200,14.62500
CMI-199901,19970725,14.75000,14.87500,14.56250,14.62500,30700,14.62500
CMI-199901,19970728,14.62500,15.25000,14.56250,15.12500,96900,15.12500
CMI-199901,19970729,15.12500,15.37500,14.50000,14.87500,225200,14.87500
CMI-199901,19970730,15.00000,15.25000,14.75000,14.75000,54900,14.75000
CMI-199901,19970731,14.87500,15.00000,14.75000,14.93750,24100,14.93750
CMI-199901,19970801,15.00000,15.75000,15.00000,15.75000,142100,15.75000
CMI-199901,19970804,16.00000,16.50000,16.00000,16.50000,173200,16.50000
CMI-199901,19970805,16.50000,16.50000,15.87500,16.00000,71200,16.00000
CMI-199901,19970806,16.00000,16.25000,15.87500,16.00000,14000,16.00000
CMI-199901,19970807,15.87500,15.87500,15.37500,15.62500,50100,15.62500
CMI-199901,19970808,15.50000,15.75000,15.37500,15.62500,18500,15.62500
CMI-199901,19970811,15.62500,15.62500,15.18750,15.50000,28400,15.50000
CMI-199901,19970812,15.43750,15.87500,15.37500,15.75000,54900,15.75000
CMI-199901,19970813,15.75000,15.87500,15.50000,15.75000,75800,15.75000
CMI-199901,19970814,15.87500,16.25000,15.75000,15.87500,111900,15.87500
CMI-199901,19970815,15.87500,15.87500,15.12500,15.12500,42500,15.12500
CMI-199901,19970818,15.25000,15.25000,14.75000,15.06250,38400,15.06250
CMI-199901,19970819,14.87500,15.06250,14.87500,15.06250,15900,15.06250
CMI-199901,19970820,15.06250,15.12500,14.87500,15.12500,16800,15.12500
CMI-199901,19970821,15.12500,15.12500,14.87500,14.87500,16500,14.87500
CMI-199901,19970822,14.62500,14.87500,14.62500,14.87500,14500,14.87500
CMI-199901,19970825,15.00000,15.43750,14.87500,15.37500,100600,15.37500
CMI-199901,19970826,15.00000,15.50000,14.62500,14.87500,299100,14.87500
CMI-199901,19970827,15.00000,15.25000,14.56250,15.25000,65200,15.25000
CMI-199901,19970828,15.25000,15.37500,15.00000,15.12500,44600,15.12500
CMI-199901,19970829,15.25000,16.43750,15.25000,16.43750,142700,16.43750
CMI-199901,19970902,16.50000,16.62500,15.93750,16.00000,45500,16.00000
CMI-199901,19970903,16.00000,16.06250,15.62500,15.81250,76100,15.81250
CMI-199901,19970904,15.87500,16.50000,15.75000,16.37500,86300,16.37500
CMI-199901,19970905,16.56250,17.25000,16.50000,16.75000,281800,16.75000
CMI-199901,19970908,17.00000,17.93750,17.00000,17.68750,290800,17.68750
CMI-199901,19970909,17.68750,17.68750,16.87500,17.37500,53800,17.37500
CMI-199901,19970910,17.37500,17.37500,16.56250,16.87500,89700,16.87500
CMI-199901,19970911,16.87500,16.93750,16.75000,16.81250,15900,16.81250
CMI-199901,19970912,16.87500,17.37500,16.87500,17.31250,134800,17.31250
CMI-199901,19970915,17.68750,17.68750,17.25000,17.50000,257800,17.50000
CMI-199901,19970916,17.68750,17.93750,17.50000,17.93750,64500,17.93750
CMI-199901,19970917,18.00000,18.25000,18.00000,18.25000,213600,18.25000
CMI-199901,19970918,18.25000,18.25000,17.75000,18.12500,128400,18.12500
CMI-199901,19970919,18.12500,18.37500,17.87500,18.12500,32000,18.12500
CMI-199901,19970922,18.00000,18.12500,17.93750,18.06250,32000,18.06250
CMI-199901,19970923,18.37500,19.37500,18.37500,18.93750,496200,18.93750
CMI-199901,19970924,19.00000,19.12500,18.75000,18.75000,127900,18.75000
CMI-199901,19970925,19.12500,19.18750,18.68750,19.06250,92900,19.06250
CMI-199901,19970926,19.12500,19.18750,18.87500,19.06250,33100,19.06250
CMI-199901,19970929,19.00000,19.03126,18.87500,18.87500,61600,18.87500
CMI-199901,19970930,19.00000,19.00000,18.50000,18.93750,36200,18.93750
CMI-199901,19971001,19.06250,19.06250,17.81250,18.62500,86300,18.62500
CMI-199901,19971002,18.75000,20.00000,18.12500,19.93750,105900,19.93750
CMI-199901,19971003,19.93750,19.93750,19.37500,19.68750,59100,19.68750
CMI-199901,19971006,19.68750,19.68750,19.37500,19.43750,84400,19.43750
CMI-199901,19971007,19.37500,19.56250,19.00000,19.00000,36600,19.00000
CMI-199901,19971008,18.81250,18.81250,18.56250,18.62500,39400,18.62500
CMI-199901,19971009,18.50000,18.56250,17.87500,18.12500,81300,18.12500
CMI-199901,19971010,18.12500,19.25000,18.12500,19.25000,156100,19.25000
CMI-199901,19971013,19.37500,20.12500,19.37500,20.06250,257400,20.06250
CMI-199901,19971014,20.06250,20.06250,19.50000,19.68750,113500,19.68750
CMI-199901,19971015,19.62500,19.62500,19.50000,19.56250,34700,19.56250
CMI-199901,19971016,19.75000,20.12500,19.75000,20.00000,130900,20.00000
CMI-199901,19971017,19.81250,19.81250,18.87500,19.68750,66900,19.68750
CMI-199901,19971020,19.56250,19.62500,19.12500,19.12500,40800,19.12500
CMI-199901,19971021,19.12500,19.43750,19.00000,19.31250,146000,19.31250
CMI-199901,19971022,19.37500,19.37500,18.81250,18.87500,49600,18.87500
CMI-199901,19971023,18.50000,18.50000,17.87500,17.87500,51000,17.87500
CMI-199901,19971024,18.37500,18.43750,17.00000,17.00000,86300,17.00000
CMI-199901,19971027,16.81250,16.87500,15.25000,15.25000,124000,15.25000
CMI-199901,19971028,15.00000,16.12500,14.62500,16.12500,199500,16.12500
CMI-199901,19971029,16.37500,16.81250,16.37500,16.50000,80400,16.50000
CMI-199901,19971030,16.31250,16.93750,16.31250,16.62500,131000,16.62500
CMI-199901,19971031,16.75000,17.50000,16.75000,17.37500,87000,17.37500
CMI-199901,19971103,17.50000,18.00000,17.50000,18.00000,49500,18.00000
CMI-199901,19971104,18.25000,18.25000,17.81250,17.81250,52700,17.81250
CMI-199901,19971105,17.93750,17.93750,17.62500,17.68750,10300,17.68750
CMI-199901,19971106,17.62500,17.62500,17.12500,17.25000,6700,17.25000
CMI-199901,19971107,16.93750,17.00000,16.37500,16.68750,25200,16.68750
CMI-199901,19971110,16.75000,16.75000,16.37500,16.37500,12700,16.37500
CMI-199901,19971111,16.62500,18.06250,16.62500,17.56250,109600,17.56250
CMI-199901,19971112,17.50000,17.81250,17.00000,17.18750,78500,17.18750
CMI-199901,19971113,17.31250,18.00000,16.62500,18.00000,129800,18.00000
CMI-199901,19971114,18.00000,18.12500,17.37500,17.37500,35700,17.37500
CMI-199901,19971117,17.25000,17.25000,17.06250,17.06250,16100,17.06250
CMI-199901,19971118,17.06250,17.06250,16.50000,16.50000,35600,16.50000
CMI-199901,19971119,16.37500,16.50000,16.00000,16.50000,32800,16.50000
CMI-199901,19971120,16.43750,16.81250,16.43750,16.75000,16800,16.75000
CMI-199901,19971121,16.68750,16.81250,16.31250,16.81250,50700,16.81250
CMI-199901,19971124,16.75000,17.00000,16.62500,16.87500,30800,16.87500
CMI-199901,19971125,16.75000,17.25000,16.75000,17.25000,21700,17.25000
CMI-199901,19971126,17.25000,17.25000,16.62500,16.62500,26900,16.62500
CMI-199901,19971128,16.62500,16.62500,16.50000,16.62500,15300,16.62500
CMI-199901,19971201,16.62500,17.37500,16.62500,17.37500,114700,17.37500
CMI-199901,19971202,17.50000,17.56250,16.56250,16.75000,42000,16.75000
CMI-199901,19971203,16.81250,16.93750,16.62500,16.93750,13800,16.93750
CMI-199901,19971204,17.00000,17.00000,16.31250,16.62500,99300,16.62500
CMI-199901,19971205,16.43750,16.56250,16.37500,16.56250,15400,16.56250
CMI-199901,19971208,16.43750,16.50000,16.00000,16.12500,37800,16.12500
CMI-199901,19971209,16.31250,16.31250,15.93750,16.12500,34000,16.12500
CMI-199901,19971210,15.87500,16.00000,15.25000,15.50000,86100,15.50000
CMI-199901,19971211,15.62500,15.62500,14.37500,14.37500,129000,14.37500
CMI-199901,19971212,14.43750,15.06250,14.00000,15.06250,177900,15.06250
CMI-199901,19971215,15.25000,15.93750,15.25000,15.56250,231000,15.56250
CMI-199901,19971216,15.43750,15.43750,14.25000,14.68750,114100,14.68750
CMI-199901,19971217,14.50000,14.87500,14.00000,14.12500,88800,14.12500
CMI-199901,19971218,14.62500,15.43750,13.31250,13.37500,246700,13.37500
CMI-199901,19971219,13.50000,13.50000,12.00000,12.37500,219200,12.37500
CMI-199901,19971222,12.50000,13.62500,12.50000,12.87500,64600,12.87500
CMI-199901,19971223,12.87500,12.87500,12.18750,12.37500,94100,12.37500
CMI-199901,19971224,12.50000,12.56250,12.43750,12.50000,7200,12.50000
CMI-199901,19971226,12.43750,12.43750,12.12500,12.37500,13100,12.37500
CMI-199901,19971229,12.25000,12.25000,11.62500,12.25000,91600,12.25000
CMI-199901,19971230,12.25000,13.18750,12.18750,13.12500,36100,13.12500
CMI-199901,19971231,13.06250,14.00000,13.06250,14.00000,71400,14.00000
CMI-199901,19980102,13.75000,13.75000,13.25000,13.37500,26800,13.37500
CMI-199901,19980105,13.31250,14.18750,13.31250,14.18750,35500,14.18750
CMI-199901,19980106,14.18750,14.18750,13.50000,13.50000,76800,13.50000
CMI-199901,19980107,13.37500,13.37500,13.00000,13.00000,36000,13.00000
CMI-199901,19980108,13.06250,13.06250,12.87500,12.87500,86900,12.87500
CMI-199901,19980109,12.93750,12.93750,11.37500,11.87500,167400,11.87500
CMI-199901,19980112,11.87500,11.87500,11.75000,11.75000,179100,11.75000
CMI-199901,19980113,11.75000,11.75000,11.50000,11.50000,32300,11.50000
CMI-199901,19980114,11.50000,11.93750,11.50000,11.93750,49900,11.93750
CMI-199901,19980115,11.93750,12.00000,11.50000,11.68750,83900,11.68750
CMI-199901,19980116,11.75000,12.62500,11.75000,12.50000,35600,12.50000
CMI-199901,19980120,12.12500,12.75000,12.12500,12.43750,37100,12.43750
CMI-199901,19980121,12.31250,12.62500,12.25000,12.50000,29500,12.50000
CMI-199901,19980122,12.50000,12.93750,12.50000,12.93750,29100,12.93750
CMI-199901,19980123,12.81250,12.87500,12.50000,12.68750,12500,12.68750
CMI-199901,19980126,12.56250,12.62500,12.06250,12.06250,100600,12.06250
CMI-199901,19980127,11.93750,12.00000,11.87500,11.93750,34100,11.93750
CMI-199901,19980128,11.93750,11.93750,11.31250,11.43750,32900,11.43750
CMI-199901,19980129,11.43750,11.56250,11.43750,11.56250,87000,11.56250
CMI-199901,19980130,11.62500,11.62500,11.12500,11.37500,36600,11.37500
CMI-199901,19980202,11.37500,11.56250,11.06250,11.31250,75000,11.31250
CMI-199901,19980203,11.18750,11.37500,10.75000,10.87500,58800,10.87500
CMI-199901,19980204,10.81250,11.06250,10.43750,11.00000,114500,11.00000
CMI-199901,19980205,11.00000,11.62500,11.00000,11.43750,69900,11.43750
CMI-199901,19980206,11.37500,11.37500,11.25000,11.37500,35400,11.37500
CMI-199901,19980209,11.37500,11.37500,10.25000,10.81250,240600,10.81250
CMI-199901,19980210,11.00000,12.00000,11.00000,12.00000,830100,12.00000
CMI-199901,19980211,11.81250,12.25000,11.25000,11.43750,318900,11.43750
CMI-199901,19980212,11.37500,11.37500,11.00000,11.18750,74800,11.18750
CMI-199901,19980213,11.12500,11.43750,11.06250,11.25000,78500,11.25000
CMI-199901,19980217,11.31250,11.75000,11.25000,11.43750,82000,11.43750
CMI-199901,19980218,11.31250,11.31250,11.18750,11.25000,81700,11.25000
CMI-199901,19980219,11.18750,11.18750,10.62500,10.62500,174300,10.62500
CMI-199901,19980220,10.68750,10.68750,10.00000,10.00000,165300,10.00000
CMI-199901,19980223,10.00000,10.12500,9.93750,10.06250,208700,10.06250
CMI-199901,19980224,10.00000,11.12500,10.00000,11.00000,149900,11.00000
CMI-199901,19980225,10.93750,11.31250,10.75000,11.18750,80700,11.18750
CMI-199901,19980226,11.18750,11.18750,11.00000,11.06250,87800,11.06250
CMI-199901,19980227,11.18750,11.31250,10.93750,11.06250,63200,11.06250
CMI-199901,19980302,11.06250,11.12500,10.81250,10.93750,52800,10.93750
CMI-199901,19980303,10.56250,10.56250,10.25000,10.37500,51600,10.37500
CMI-199901,19980304,10.50000,10.93750,10.50000,10.62500,27500,10.62500
CMI-199901,19980305,10.68750,10.68750,10.18750,10.50000,50400,10.50000
CMI-199901,19980306,10.43750,10.93750,10.43750,10.93750,35700,10.93750
CMI-199901,19980309,10.87500,10.87500,10.75000,10.75000,20800,10.75000
CMI-199901,19980310,10.68750,10.81250,10.50000,10.50000,55700,10.50000
CMI-199901,19980311,10.43750,10.50000,10.06250,10.25000,91900,10.25000
CMI-199901,19980312,10.31250,10.62500,10.31250,10.43750,44400,10.43750
CMI-199901,19980313,10.25000,10.50000,10.18750,10.31250,52200,10.31250
CMI-199901,19980316,10.37500,10.62500,10.37500,10.56250,109900,10.56250
CMI-199901,19980317,10.50000,10.87500,10.50000,10.81250,58100,10.81250
CMI-199901,19980318,10.56250,10.87500,10.50000,10.50000,38400,10.50000
CMI-199901,19980319,10.37500,10.37500,9.93750,10.06250,93200,10.06250
CMI-199901,19980320,10.18750,10.18750,9.25000,9.56250,123200,9.56250
CMI-199901,19980323,9.68750,10.25000,9.62500,10.18750,103000,10.18750
CMI-199901,19980324,10.00000,10.75000,9.93750,10.68750,116000,10.68750
CMI-199901,19980325,10.87500,10.87500,9.87500,10.37500,97200,10.37500
CMI-199901,19980326,9.00000,9.93750,8.87500,9.06250,425800,9.06250
CMI-199901,19980327,9.56250,9.56250,8.75000,8.87500,235900,8.87500
CMI-199901,19980330,8.87500,9.06250,8.56250,8.56250,126300,8.56250
CMI-199901,19980331,8.62500,8.68750,8.18750,8.50000,203700,8.50000
CMI-199901,19980401,8.62500,8.75000,8.37500,8.68750,138400,8.68750
CMI-199901,19980402,8.56250,8.75000,8.50000,8.75000,40200,8.75000
CMI-199901,19980403,8.81250,9.12500,8.68750,9.12500,174400,9.12500
CMI-199901,19980406,9.06250,9.06250,8.50000,8.56250,174700,8.56250
CMI-199901,19980407,8.50000,8.56250,8.00000,8.25000,385700,8.25000
CMI-199901,19980408,8.31250,8.37500,8.06250,8.12500,38100,8.12500
CMI-199901,19980409,8.12500,8.75000,8.06250,8.50000,277300,8.50000
CMI-199901,19980413,8.56250,8.56250,8.37500,8.50000,55000,8.50000
CMI-199901,19980414,8.43750,8.50000,7.68750,8.00000,117800,8.00000
CMI-199901,19980415,8.00000,8.00000,7.25000,7.93750,178000,7.93750
CMI-199901,19980416,8.00000,8.00000,7.43750,7.87500,145100,7.87500
CMI-199901,19980417,7.93750,8.00000,7.68750,7.75000,35600,7.75000
CMI-199901,19980420,7.87500,8.12500,7.75000,8.12500,38300,8.12500
CMI-199901,19980421,8.18750,8.25000,7.93750,8.12500,69800,8.12500
CMI-199901,19980422,8.25000,8.50000,8.12500,8.37500,77400,8.37500
CMI-199901,19980423,8.31250,8.31250,8.00000,8.18750,73300,8.18750
CMI-199901,19980424,8.06250,8.12500,7.81250,7.93750,100900,7.93750
CMI-199901,19980427,7.75000,7.93750,7.50000,7.50000,53400,7.50000
CMI-199901,19980428,7.50000,7.68750,7.37500,7.62500,24500,7.62500
CMI-199901,19980429,7.62500,7.75000,7.56250,7.56250,22200,7.56250
CMI-199901,19980430,7.50000,8.25000,7.50000,8.06250,99400,8.06250
CMI-199901,19980501,8.18750,8.25000,7.87500,8.06250,30300,8.06250
CMI-199901,19980504,7.75000,8.06250,7.75000,8.00000,46700,8.00000
CMI-199901,19980505,8.00000,8.06250,7.62500,7.68750,43000,7.68750
CMI-199901,19980506,7.68750,7.68750,7.56250,7.56250,131200,7.56250
CMI-199901,19980507,7.50000,7.62500,7.37500,7.62500,35700,7.62500
CMI-199901,19980508,7.56250,7.75000,7.50000,7.56250,46900,7.56250
CMI-199901,19980511,7.50000,7.62500,7.12500,7.31250,88400,7.31250
CMI-199901,19980512,7.18750,7.43750,6.87500,7.12500,226000,7.12500
CMI-199901,19980513,7.18750,7.43750,7.12500,7.31250,147300,7.31250
CMI-199901,19980514,7.37500,7.37500,7.12500,7.25000,29100,7.25000
CMI-199901,19980515,7.31250,7.31250,7.00000,7.06250,19800,7.06250
CMI-199901,19980518,7.00000,7.00000,6.00000,6.00000,122100,6.00000
CMI-199901,19980519,6.06250,6.31250,6.00000,6.12500,194000,6.12500
CMI-199901,19980520,6.12500,6.18750,5.12500,5.68750,361700,5.68750
CMI-199901,19980521,5.68750,6.00000,5.37500,6.00000,160400,6.00000
CMI-199901,19980522,6.12500,6.12500,5.56250,6.00000,98600,6.00000
CMI-199901,19980526,6.12500,6.12500,5.56250,5.56250,62400,5.56250
CMI-199901,19980527,5.68750,6.18750,5.50000,6.18750,173600,6.18750
CMI-199901,19980528,6.25000,7.18750,6.00000,6.87500,1081000,6.87500
CMI-199901,19980529,6.87500,7.00000,6.56250,6.75000,41700,6.75000
CMI-199901,19980601,6.87500,7.00000,6.56250,6.62500,48200,6.62500
CMI-199901,19980602,6.68750,6.75000,6.37500,6.43750,16600,6.43750
CMI-199901,19980603,6.18750,6.37500,6.00000,6.25000,127500,6.25000
CMI-199901,19980604,6.12500,6.18750,5.93750,5.93750,76400,5.93750
CMI-199901,19980605,6.00000,6.06250,5.62500,5.87500,51900,5.87500
CMI-199901,19980608,5.87500,6.12500,5.75000,6.06250,69600,6.06250
CMI-199901,19980609,6.06250,6.12500,5.81250,5.87500,53700,5.87500
CMI-199901,19980610,5.81250,5.93750,5.81250,5.93750,33900,5.93750
CMI-199901,19980611,5.81250,5.87500,5.75000,5.75000,32100,5.75000
CMI-199901,19980612,5.87500,5.87500,5.75000,5.75000,28000,5.75000
CMI-199901,19980615,5.75000,5.93750,5.75000,5.93750,21100,5.93750
CMI-199901,19980616,6.06250,6.06250,5.81250,6.00000,28300,6.00000
CMI-199901,19980617,6.00000,6.00000,5.50000,5.81250,678700,5.81250
CMI-199901,19980618,5.75000,5.81250,5.62500,5.75000,22600,5.75000
CMI-199901,19980619,5.87500,5.87500,5.25000,5.43750,44100,5.43750
CMI-199901,19980622,5.43750,5.43750,5.06250,5.06250,28100,5.06250
CMI-199901,19980623,5.00000,5.00000,4.25000,4.87500,200200,4.87500
CMI-199901,19980624,4.93750,4.93750,3.93750,4.62500,212800,4.62500
CMI-199901,19980625,4.68750,4.68750,4.50000,4.50000,26500,4.50000
CMI-199901,19980626,4.62500,4.93750,4.56250,4.75000,97600,4.75000
CMI-199901,19980629,4.62500,4.62500,4.12500,4.25000,80200,4.25000
CMI-199901,19980630,4.18750,4.18750,3.56250,3.93750,119100,3.93750
CMI-199901,19980701,4.00000,4.37500,3.62500,4.00000,114600,4.00000
CMI-199901,19980702,4.12500,4.18750,3.56250,3.75000,215700,3.75000
CMI-199901,19980706,3.93750,3.93750,3.43750,3.56250,114200,3.56250
CMI-199901,19980707,3.62500,3.62500,3.00000,3.50000,280000,3.50000
CMI-199901,19980708,3.50000,3.50000,3.18750,3.31250,51300,3.31250
CMI-199901,19980709,3.37500,3.50000,3.18750,3.37500,187300,3.37500
CMI-199901,19980710,3.31250,3.37500,3.12500,3.25000,132600,3.25000
CMI-199901,19980713,3.25000,3.25000,3.00000,3.12500,64200,3.12500
CMI-199901,19980714,3.18750,3.25000,2.75000,3.06250,216400,3.06250
CMI-199901,19980715,3.06250,3.06250,2.62500,2.68750,136800,2.68750
CMI-199901,19980716,2.75000,2.81250,2.56250,2.75000,240600,2.75000
CMI-199901,19980717,2.62500,2.93750,2.62500,2.93750,218400,2.93750
CMI-199901,19980720,3.00000,3.50000,3.00000,3.50000,371800,3.50000
CMI-199901,19980721,3.50000,3.50000,3.12500,3.18750,118100,3.18750
CMI-199901,19980722,3.31250,3.43750,3.06250,3.12500,76900,3.12500
CMI-199901,19980723,3.18750,3.25000,2.75000,2.75000,84800,2.75000
CMI-199901,19980724,2.81250,3.00000,2.75000,2.81250,51800,2.81250
CMI-199901,19980727,2.93750,2.93750,2.62500,2.75000,49600,2.75000
CMI-199901,19980728,2.68750,2.75000,2.62500,2.62500,23800,2.62500
CMI-199901,19980729,2.75000,2.75000,2.50000,2.50000,43500,2.50000
CMI-199901,19980730,2.50000,2.50000,2.25000,2.31250,41500,2.31250
CMI-199901,19980731,2.37500,2.37500,1.75000,2.12500,252700,2.12500
CMI-199901,19980803,2.06250,2.06250,1.68750,1.81250,192200,1.81250
CMI-199901,19980804,1.93750,1.93750,1.62500,1.75000,104000,1.75000
CMI-199901,19980805,1.75000,1.93750,1.62500,1.75000,94800,1.75000
CMI-199901,19980806,1.81250,1.93750,1.50000,1.87500,243600,1.87500
CMI-199901,19980807,1.93750,2.00000,1.87500,1.93750,71300,1.93750
CMI-199901,19980810,1.93750,2.00000,1.87500,2.00000,119000,2.00000
CMI-199901,19980811,1.87500,2.00000,1.81250,1.93750,106200,1.93750
CMI-199901,19980812,2.00000,3.12500,2.00000,2.75000,328000,2.75000
CMI-199901,19980813,2.56250,2.68750,2.00000,2.00000,196200,2.00000
CMI-199901,19980814,1.87500,1.87500,1.62500,1.62500,180700,1.62500
CMI-199901,19980817,1.75000,1.93750,1.68750,1.87500,112100,1.87500
CMI-199901,19980818,1.87500,2.37500,1.87500,2.25000,141300,2.25000
CMI-199901,19980819,2.37500,2.62500,2.31250,2.50000,132700,2.50000
CMI-199901,19980820,2.50000,2.56250,2.12500,2.31250,94300,2.31250
CMI-199901,19980821,2.43750,2.43750,1.93750,2.06250,70700,2.06250
CMI-199901,19980824,2.18750,2.18750,2.06250,2.06250,18000,2.06250
CMI-199901,19980825,2.06250,2.12500,1.93750,2.00000,23500,2.00000
CMI-199901,19980826,1.87500,1.93750,1.87500,1.87500,15400,1.87500
CMI-199901,19980827,1.87500,1.93750,1.81250,1.81250,38500,1.81250
CMI-199901,19980828,1.81250,1.81250,1.68750,1.68750,41800,1.68750
CMI-199901,19980831,1.68750,1.75000,1.43750,1.43750,94700,1.43750
CMI-199901,19980901,1.50000,1.75000,1.37500,1.56250,54000,1.56250
CMI-199901,19980902,1.50000,1.56250,1.43750,1.56250,48400,1.56250
CMI-199901,19980903,1.50000,1.75000,1.37500,1.75000,107000,1.75000
CMI-199901,19980904,1.75000,1.75000,1.62500,1.75000,87500,1.75000
CMI-199901,19980908,1.81250,1.81250,1.50000,1.62500,29800,1.62500
CMI-199901,19980909,1.62500,1.68750,1.50000,1.50000,24400,1.50000
CMI-199901,19980910,1.50000,1.50000,1.37500,1.37500,14300,1.37500
CMI-199901,19980911,1.62500,1.68750,1.43750,1.50000,44900,1.50000
CMI-199901,19980914,1.50000,1.62500,1.37500,1.50000,23000,1.50000
CMI-199901,19980915,1.50000,1.50000,1.37500,1.37500,23500,1.37500
CMI-199901,19980916,1.37500,1.37500,1.12500,1.25000,40800,1.25000
CMI-199901,19980917,1.25000,1.31250,1.12500,1.25000,36100,1.25000
CMI-199901,19980918,1.25000,1.25000,0.87500,1.06250,265900,1.06250
CMI-199901,19980921,1.06250,1.12500,1.06250,1.06250,14900,1.06250
CMI-199901,19980922,1.18750,1.25000,0.93750,1.12500,107300,1.12500
CMI-199901,19980923,1.12500,1.12500,1.06250,1.06250,33900,1.06250
CMI-199901,19980924,1.12500,1.18750,1.00000,1.12500,58400,1.12500
CMI-199901,19980925,1.12500,1.25000,0.93750,1.06250,74900,1.06250
CMI-199901,19980928,1.12500,1.31250,1.06250,1.12500,96700,1.12500
CMI-199901,19980929,1.12500,1.18750,1.00000,1.18750,101800,1.18750
CMI-199901,19980930,1.18750,1.18750,1.00000,1.06250,48700,1.06250
CMI-199901,19981001,1.00000,1.12500,0.87500,0.93750,139900,0.93750
CMI-199901,19981002,1.00000,1.00000,0.93750,1.00000,30900,1.00000
CMI-199901,19981005,1.00000,1.00000,0.93750,1.00000,20500,1.00000
CMI-199901,19981006,0.87500,0.87500,0.75000,0.81250,82700,0.81250
CMI-199901,19981007,0.93750,0.93750,0.75000,0.75000,169100,0.75000
CMI-199901,19981008,0.75000,0.93750,0.68750,0.68750,81100,0.68750
CMI-199901,19981009,0.75000,0.87500,0.56250,0.81250,166400,0.81250
CMI-199901,19981012,0.68750,0.81250,0.56250,0.62500,111900,0.62500
CMI-199901,19981013,0.68750,0.87500,0.62500,0.75000,176800,0.75000
CMI-199901,19981014,0.81250,0.87500,0.75000,0.81250,50000,0.81250
CMI-199901,19981015,0.81250,1.06250,0.75000,0.87500,328400,0.87500
CMI-199901,19981016,0.93750,0.93750,0.75000,0.81250,86100,0.81250
CMI-199901,19981019,0.81250,0.81250,0.75000,0.81250,70100,0.81250
CMI-199901,19981020,0.81250,0.87500,0.68750,0.68750,240500,0.68750
CMI-199901,19981021,0.75000,0.75000,0.68750,0.75000,43100,0.75000
CMI-199901,19981022,0.75000,0.81250,0.68750,0.75000,68700,0.75000
CMI-199901,19981023,0.81250,0.81250,0.68750,0.68750,83500,0.68750
CMI-199901,19981026,0.75000,0.81250,0.56250,0.68750,168600,0.68750
CMI-199901,19981027,0.68750,0.75000,0.56250,0.68750,139600,0.68750
CMI-199901,19981028,0.62500,0.68750,0.62500,0.68750,72800,0.68750
CMI-199901,19981029,0.68750,0.68750,0.62500,0.62500,115700,0.62500
CMI-199901,19981030,0.68750,0.68750,0.56250,0.68750,106200,0.68750
CMI-199901,19981102,0.68750,0.68750,0.56250,0.68750,84900,0.68750
CMI-199901,19981103,0.62500,0.68750,0.56250,0.62500,323600,0.62500
CMI-199901,19981104,0.62500,0.68750,0.62500,0.68750,270900,0.68750
CMI-199901,19981105,0.68750,0.68750,0.62500,0.62500,16500,0.62500
CMI-199901,19981106,0.68750,0.68750,0.56250,0.62500,82100,0.62500
CMI-199901,19981109,0.62500,0.62500,0.56250,0.56250,109100,0.56250
CMI-199901,19981110,0.62500,0.62500,0.56250,0.62500,94100,0.62500
CMI-199901,19981111,0.56250,0.62500,0.56250,0.62500,88400,0.62500
CMI-199901,19981112,0.56250,0.62500,0.50000,0.56250,43200,0.56250
CMI-199901,19981113,0.50000,0.56250,0.50000,0.56250,75700,0.56250
CMI-199901,19981116,0.50000,0.56250,0.43750,0.56250,225600,0.56250
CMI-199901,19981117,0.50000,0.56250,0.50000,0.50000,62500,0.50000
CMI-199901,19981118,0.50000,0.50000,0.46876,0.50000,58500,0.50000
CMI-199901,19981119,0.50000,0.56250,0.37500,0.46876,518500,0.46876
CMI-199901,19981120,0.46876,0.46876,0.37500,0.43750,565300,0.43750
CMI-199901,19981123,0.43750,0.43750,0.31250,0.37500,600100,0.37500
CMI-199901,19981124,0.40626,0.40626,0.31250,0.34376,300900,0.34376
CMI-199901,19981125,0.37500,0.37500,0.28126,0.34376,405300,0.34376
CMI-199901,19981127,0.34376,0.37500,0.31250,0.37500,66500,0.37500
CMI-199901,19981130,0.34376,0.43750,0.28126,0.37500,340500,0.37500
CMI-199901,19981201,0.37500,0.37500,0.31250,0.37500,109300,0.37500
CMI-199901,19981202,0.37500,0.37500,0.34376,0.34376,77600,0.34376
CMI-199901,19981203,0.34376,0.37500,0.34376,0.34376,118000,0.34376
CMI-199901,19981204,0.34376,0.37500,0.34376,0.37500,102200,0.37500
CMI-199901,19981207,0.43750,0.50000,0.40626,0.43750,189400,0.43750
CMI-199901,19981208,0.50000,0.75000,0.50000,0.75000,349000,0.75000
CMI-199901,19981209,0.75000,0.75000,0.50000,0.50000,165200,0.50000
CMI-199901,19981210,0.50000,0.62500,0.50000,0.50000,136200,0.50000
CMI-199901,19981211,0.50000,0.62500,0.50000,0.62500,48800,0.62500
CMI-199901,19981214,0.56250,0.62500,0.50000,0.50000,63800,0.50000
CMI-199901,19981215,0.56250,0.62500,0.50000,0.50000,52400,0.50000
CMI-199901,19981216,0.56250,0.56250,0.43750,0.46876,248900,0.46876
CMI-199901,19981217,0.46876,0.50000,0.43750,0.46876,71200,0.46876
CMI-199901,19981218,0.46876,0.50000,0.43750,0.43750,99800,0.43750
CMI-199901,19981221,0.43750,0.46876,0.40626,0.46876,138100,0.46876
CMI-199901,19981222,0.43750,0.43750,0.37500,0.40626,141900,0.40626
CMI-199901,19981223,0.37500,0.43750,0.37500,0.37500,215700,0.37500
CMI-199901,19981224,0.40626,0.46876,0.40626,0.43750,55400,0.43750
CMI-199901,19981228,0.40626,0.43750,0.37500,0.40626,191600,0.40626
CMI-199901,19981229,0.43750,0.50000,0.37500,0.40626,169000,0.40626
CMI-199901,19981230,0.40626,0.50000,0.37500,0.40626,330100,0.40626
CMI-199901,19981231,0.43750,0.43750,0.37500,0.43750,206700,0.43750
CMI-199901,19990104,0.43750,0.50000,0.40626,0.43750,48200,0.43750
CMI-199901,19990105,0.43750,0.43750,0.40626,0.43750,18600,0.43750
CMI-199901,19990106,0.43750,0.43750,0.40626,0.43750,21100,0.43750
CMI-199901,19990107,0.40626,0.62500,0.40626,0.56250,264200,0.56250
CMI-199901,19990108,0.56250,0.62500,0.56250,0.62500,208300,0.62500
CMI-199901,19990111,0.56250,0.68750,0.56250,0.56250,167400,0.56250
CMI-199901,19990112,0.62500,0.62500,0.43750,0.50000,245500,0.50000
CMI-199901,19990113,0.50000,0.50000,0.43750,0.46876,220800,0.46876
CMI-199901,19990114,0.43750,0.50000,0.40626,0.43750,201500,0.43750
CMI-199901,19990115,0.43750,0.43750,0.40626,0.40626,92000,0.40626
CMI-199901,19990119,0.37500,0.37500,0.25000,0.31250,436000,0.31250
CMI-199901,19990120,0.25000,0.37500,0.25000,0.31250,235600,0.31250
CMI-199901,19990121,0.31250,0.31250,0.28126,0.31250,89800,0.31250
CMI-199901,19990122,0.31250,0.31250,0.25000,0.25000,86400,0.25000
CMI-199901,19990125,0.25000,0.31250,0.25000,0.25000,485700,0.25000
CMI-199901,19990126,0.25000,0.28126,0.21876,0.25000,263100,0.25000
CMI-199901,19990127,0.25000,0.25000,0.21876,0.25000,220300,0.25000
CMI-199901,19990128,0.21876,0.25000,0.18750,0.18750,299600,0.18750
CMI-199901,19990129,0.18750,0.18750,0.18750,0.18750,281400,0.18750
