Ticker,Date,Open,High,Low,Close,Volume,Open Interest
CRCD-198907,19850102,0.48438,0.48438,0.48438,0.48438,113200,0.48438
CRCD-198907,19850103,0.51563,0.51563,0.51563,0.51563,90150,0.51563
CRCD-198907,19850104,0.51563,0.51563,0.51563,0.51563,68132,0.51563
CRCD-198907,19850107,0.54688,0.54688,0.54688,0.54688,29500,0.54688
CRCD-198907,19850108,0.64063,0.64063,0.64063,0.64063,143300,0.64063
CRCD-198907,19850109,0.70313,0.70313,0.70313,0.70313,277248,0.70313
CRCD-198907,19850110,0.65626,0.65626,0.65626,0.65626,78626,0.65626
CRCD-198907,19850111,0.62500,0.62500,0.62500,0.62500,122076,0.62500
CRCD-198907,19850114,0.57813,0.57813,0.57813,0.57813,118576,0.57813
CRCD-198907,19850115,0.51563,0.51563,0.51563,0.51563,110500,0.51563
CRCD-198907,19850116,0.54688,0.54688,0.54688,0.54688,53630,0.54688
CRCD-198907,19850117,0.60938,0.60938,0.60938,0.60938,137386,0.60938
CRCD-198907,19850118,0.60938,0.60938,0.60938,0.60938,31900,0.60938
CRCD-198907,19850121,0.65626,0.65626,0.65626,0.65626,67866,0.65626
CRCD-198907,19850122,0.65626,0.65626,0.65626,0.65626,64900,0.65626
CRCD-198907,19850123,0.62500,0.62500,0.62500,0.62500,71700,0.62500
CRCD-198907,19850124,0.60938,0.60938,0.60938,0.60938,24666,0.60938
CRCD-198907,19850125,0.57813,0.57813,0.57813,0.57813,38800,0.57813
CRCD-198907,19850128,0.59376,0.59376,0.59376,0.59376,39950,0.59376
CRCD-198907,19850129,0.59376,0.59376,0.59376,0.59376,14500,0.59376
CRCD-198907,19850130,0.56250,0.56250,0.56250,0.56250,97200,0.56250
CRCD-198907,19850131,0.54688,0.54688,0.54688,0.54688,16300,0.54688
CRCD-198907,19850201,0.53126,0.53126,0.53126,0.53126,79700,0.53126
CRCD-198907,19850204,0.51563,0.51563,0.51563,0.51563,64440,0.51563
CRCD-198907,19850205,0.50000,0.50000,0.50000,0.50000,43356,0.50000
CRCD-198907,19850206,0.48438,0.48438,0.48438,0.48438,77900,0.48438
CRCD-198907,19850207,0.50000,0.50000,0.50000,0.50000,57800,0.50000
CRCD-198907,19850208,0.57813,0.57813,0.57813,0.57813,161550,0.57813
CRCD-198907,19850211,0.73438,0.73438,0.73438,0.73438,295886,0.73438
CRCD-198907,19850212,0.76563,0.76563,0.76563,0.76563,351074,0.76563
CRCD-198907,19850213,0.76563,0.76563,0.76563,0.76563,214230,0.76563
CRCD-198907,19850214,0.75000,0.75000,0.75000,0.75000,109650,0.75000
CRCD-198907,19850215,0.73438,0.73438,0.73438,0.73438,53700,0.73438
CRCD-198907,19850219,0.73438,0.73438,0.73438,0.73438,71300,0.73438
CRCD-198907,19850220,0.71876,0.71876,0.71876,0.71876,51200,0.71876
CRCD-198907,19850221,0.70313,0.70313,0.70313,0.70313,72266,0.70313
CRCD-198907,19850222,0.67188,0.67188,0.67188,0.67188,51620,0.67188
CRCD-198907,19850225,0.65626,0.65626,0.65626,0.65626,23300,0.65626
CRCD-198907,19850226,0.67188,0.67188,0.67188,0.67188,21800,0.67188
CRCD-198907,19850227,0.68750,0.68750,0.68750,0.68750,79850,0.68750
CRCD-198907,19850228,0.68750,0.68750,0.68750,0.68750,17830,0.68750
CRCD-198907,19850301,0.75000,0.75000,0.75000,0.75000,135800,0.75000
CRCD-198907,19850304,0.71876,0.71876,0.71876,0.71876,59200,0.71876
CRCD-198907,19850305,0.70313,0.70313,0.70313,0.70313,31800,0.70313
CRCD-198907,19850306,0.70313,0.70313,0.70313,0.70313,60300,0.70313
CRCD-198907,19850307,0.75000,0.75000,0.75000,0.75000,169200,0.75000
CRCD-198907,19850308,0.78126,0.78126,0.78126,0.78126,85300,0.78126
CRCD-198907,19850311,0.81250,0.81250,0.81250,0.81250,95870,0.81250
CRCD-198907,19850312,0.81250,0.81250,0.81250,0.81250,46850,0.81250
CRCD-198907,19850313,0.78126,0.78126,0.78126,0.78126,95030,0.78126
CRCD-198907,19850314,0.75000,0.75000,0.75000,0.75000,45700,0.75000
CRCD-198907,19850315,0.73438,0.73438,0.73438,0.73438,120714,0.73438
CRCD-198907,19850318,0.70313,0.70313,0.70313,0.70313,36920,0.70313
CRCD-198907,19850319,0.62500,0.62500,0.62500,0.62500,115550,0.62500
CRCD-198907,19850320,0.62500,0.62500,0.62500,0.62500,18014,0.62500
CRCD-198907,19850321,0.62500,0.62500,0.62500,0.62500,40050,0.62500
CRCD-198907,19850322,0.65626,0.65626,0.65626,0.65626,161900,0.65626
CRCD-198907,19850325,0.65626,0.65626,0.65626,0.65626,52750,0.65626
CRCD-198907,19850326,0.67188,0.67188,0.67188,0.67188,101100,0.67188
CRCD-198907,19850327,0.68750,0.68750,0.68750,0.68750,27000,0.68750
CRCD-198907,19850328,0.68750,0.68750,0.68750,0.68750,36800,0.68750
CRCD-198907,19850329,0.73438,0.73438,0.73438,0.73438,56926,0.73438
CRCD-198907,19850401,0.78126,0.78126,0.78126,0.78126,53950,0.78126
CRCD-198907,19850402,0.79688,0.79688,0.79688,0.79688,62900,0.79688
CRCD-198907,19850403,0.78126,0.78126,0.78126,0.78126,45200,0.78126
CRCD-198907,19850404,0.78126,0.78126,0.78126,0.78126,106050,0.78126
CRCD-198907,19850408,0.78126,0.78126,0.78126,0.78126,93776,0.78126
CRCD-198907,19850409,0.75000,0.75000,0.75000,0.75000,55076,0.75000
CRCD-198907,19850410,0.75000,0.75000,0.75000,0.75000,32260,0.75000
CRCD-198907,19850411,0.84376,0.84376,0.84376,0.84376,268410,0.84376
CRCD-198907,19850412,0.85938,0.85938,0.85938,0.85938,154620,0.85938
CRCD-198907,19850415,0.84376,0.84376,0.84376,0.84376,65500,0.84376
CRCD-198907,19850416,0.84376,0.84376,0.84376,0.84376,21050,0.84376
CRCD-198907,19850417,0.79688,0.79688,0.79688,0.79688,88850,0.79688
CRCD-198907,19850418,0.76563,0.76563,0.76563,0.76563,44424,0.76563
CRCD-198907,19850419,0.78126,0.78126,0.78126,0.78126,54446,0.78126
CRCD-198907,19850422,0.78126,0.78126,0.78126,0.78126,7126,0.78126
CRCD-198907,19850423,0.78126,0.78126,0.78126,0.78126,51450,0.78126
CRCD-198907,19850424,0.78126,0.78126,0.78126,0.78126,47490,0.78126
CRCD-198907,19850425,0.68750,0.68750,0.68750,0.68750,157576,0.68750
CRCD-198907,19850426,0.67188,0.67188,0.67188,0.67188,38200,0.67188
CRCD-198907,19850429,0.67188,0.67188,0.67188,0.67188,16246,0.67188
CRCD-198907,19850430,0.67188,0.67188,0.67188,0.67188,45400,0.67188
CRCD-198907,19850501,0.64063,0.64063,0.64063,0.64063,75100,0.64063
CRCD-198907,19850502,0.60938,0.60938,0.60938,0.60938,67862,0.60938
CRCD-198907,19850503,0.65626,0.65626,0.65626,0.65626,49450,0.65626
CRCD-198907,19850506,0.64063,0.64063,0.64063,0.64063,26600,0.64063
CRCD-198907,19850507,0.60938,0.60938,0.60938,0.60938,73326,0.60938
CRCD-198907,19850508,0.54688,0.54688,0.54688,0.54688,90020,0.54688
CRCD-198907,19850509,0.54688,0.54688,0.54688,0.54688,9500,0.54688
CRCD-198907,19850510,0.57813,0.57813,0.57813,0.57813,54500,0.57813
CRCD-198907,19850513,0.60938,0.60938,0.60938,0.60938,21700,0.60938
CRCD-198907,19850514,0.60938,0.60938,0.60938,0.60938,10200,0.60938
CRCD-198907,19850515,0.57813,0.57813,0.57813,0.57813,79016,0.57813
CRCD-198907,19850516,0.57813,0.57813,0.57813,0.57813,4640,0.57813
CRCD-198907,19850517,0.59376,0.59376,0.59376,0.59376,22700,0.59376
CRCD-198907,19850520,0.59376,0.59376,0.59376,0.59376,16450,0.59376
CRCD-198907,19850521,0.59376,0.59376,0.59376,0.59376,27870,0.59376
CRCD-198907,19850522,0.59376,0.59376,0.59376,0.59376,29950,0.59376
CRCD-198907,19850523,0.60938,0.60938,0.60938,0.60938,27750,0.60938
CRCD-198907,19850524,0.64063,0.64063,0.64063,0.64063,82426,0.64063
CRCD-198907,19850528,0.65626,0.65626,0.65626,0.65626,14290,0.65626
CRCD-198907,19850529,0.65626,0.65626,0.65626,0.65626,6240,0.65626
CRCD-198907,19850530,0.65626,0.65626,0.65626,0.65626,51100,0.65626
CRCD-198907,19850531,0.73438,0.73438,0.73438,0.73438,30000,0.73438
CRCD-198907,19850603,0.78126,0.78126,0.78126,0.78126,140700,0.78126
CRCD-198907,19850604,0.75000,0.75000,0.75000,0.75000,51100,0.75000
CRCD-198907,19850605,0.71876,0.71876,0.71876,0.71876,38400,0.71876
CRCD-198907,19850606,0.67188,0.67188,0.67188,0.67188,36470,0.67188
CRCD-198907,19850607,0.68750,0.68750,0.68750,0.68750,29000,0.68750
CRCD-198907,19850610,0.68750,0.68750,0.68750,0.68750,40400,0.68750
CRCD-198907,19850611,0.68750,0.68750,0.68750,0.68750,19900,0.68750
CRCD-198907,19850612,0.64063,0.64063,0.64063,0.64063,23600,0.64063
CRCD-198907,19850613,0.64063,0.64063,0.64063,0.64063,28200,0.64063
CRCD-198907,19850614,0.73438,0.73438,0.73438,0.73438,183796,0.73438
CRCD-198907,19850617,0.71876,0.71876,0.71876,0.71876,52078,0.71876
CRCD-198907,19850618,0.71876,0.71876,0.71876,0.71876,9000,0.71876
CRCD-198907,19850619,0.71876,0.71876,0.71876,0.71876,46900,0.71876
CRCD-198907,19850620,0.71876,0.71876,0.71876,0.71876,74950,0.71876
CRCD-198907,19850621,0.71876,0.71876,0.71876,0.71876,85080,0.71876
CRCD-198907,19850624,0.70313,0.70313,0.70313,0.70313,34626,0.70313
CRCD-198907,19850625,0.71876,0.71876,0.71876,0.71876,73866,0.71876
CRCD-198907,19850626,0.73438,0.73438,0.73438,0.73438,106200,0.73438
CRCD-198907,19850627,0.73438,0.73438,0.73438,0.73438,41050,0.73438
CRCD-198907,19850628,0.71876,0.71876,0.71876,0.71876,129700,0.71876
CRCD-198907,19850701,0.71876,0.71876,0.71876,0.71876,47350,0.71876
CRCD-198907,19850702,0.71876,0.71876,0.71876,0.71876,24450,0.71876
CRCD-198907,19850703,0.68750,0.68750,0.68750,0.68750,31800,0.68750
CRCD-198907,19850705,0.68750,0.68750,0.68750,0.68750,1000,0.68750
CRCD-198907,19850708,0.65626,0.65626,0.65626,0.65626,30200,0.65626
CRCD-198907,19850709,0.59376,0.59376,0.59376,0.59376,73700,0.59376
CRCD-198907,19850710,0.50000,0.50000,0.50000,0.50000,47200,0.50000
CRCD-198907,19850711,0.56250,0.56250,0.56250,0.56250,142700,0.56250
CRCD-198907,19850712,0.54688,0.54688,0.54688,0.54688,31000,0.54688
CRCD-198907,19850715,0.48438,0.48438,0.48438,0.48438,45500,0.48438
CRCD-198907,19850716,0.42188,0.42188,0.42188,0.42188,25000,0.42188
CRCD-198907,19850717,0.54688,0.54688,0.54688,0.54688,124600,0.54688
CRCD-198907,19850718,0.57813,0.57813,0.57813,0.57813,30218,0.57813
CRCD-198907,19850719,0.60938,0.60938,0.60938,0.60938,85200,0.60938
CRCD-198907,19850722,0.60938,0.60938,0.60938,0.60938,17220,0.60938
CRCD-198907,19850723,0.67188,0.67188,0.67188,0.67188,26500,0.67188
CRCD-198907,19850724,0.68750,0.68750,0.68750,0.68750,32500,0.68750
CRCD-198907,19850725,0.62500,0.62500,0.62500,0.62500,54700,0.62500
CRCD-198907,19850726,0.53126,0.53126,0.53126,0.53126,49050,0.53126
CRCD-198907,19850729,0.51563,0.51563,0.51563,0.51563,30300,0.51563
CRCD-198907,19850730,0.56250,0.56250,0.56250,0.56250,40076,0.56250
CRCD-198907,19850731,0.57813,0.57813,0.57813,0.57813,15250,0.57813
CRCD-198907,19850801,0.54688,0.54688,0.54688,0.54688,29000,0.54688
CRCD-198907,19850802,0.48438,0.48438,0.48438,0.48438,134800,0.48438
CRCD-198907,19850805,0.40626,0.40626,0.40626,0.40626,163300,0.40626
CRCD-198907,19850806,0.43750,0.43750,0.43750,0.43750,87700,0.43750
CRCD-198907,19850807,0.46876,0.46876,0.46876,0.46876,124800,0.46876
CRCD-198907,19850808,0.50000,0.50000,0.50000,0.50000,81250,0.50000
CRCD-198907,19850809,0.46876,0.46876,0.46876,0.46876,44050,0.46876
CRCD-198907,19850812,0.46876,0.46876,0.46876,0.46876,3622,0.46876
CRCD-198907,19850813,0.45313,0.45313,0.45313,0.45313,24100,0.45313
CRCD-198907,19850814,0.45313,0.45313,0.45313,0.45313,21660,0.45313
CRCD-198907,19850815,0.45313,0.45313,0.45313,0.45313,20100,0.45313
CRCD-198907,19850816,0.48438,0.48438,0.48438,0.48438,77876,0.48438
CRCD-198907,19850819,0.53126,0.53126,0.53126,0.53126,25550,0.53126
CRCD-198907,19850820,0.50000,0.50000,0.50000,0.50000,45500,0.50000
CRCD-198907,19850821,0.46876,0.46876,0.46876,0.46876,104200,0.46876
CRCD-198907,19850822,0.35938,0.35938,0.35938,0.35938,118700,0.35938
CRCD-198907,19850823,0.35938,0.35938,0.35938,0.35938,88700,0.35938
CRCD-198907,19850826,0.35938,0.35938,0.35938,0.35938,47590,0.35938
CRCD-198907,19850827,0.31250,0.31250,0.31250,0.31250,12780,0.31250
CRCD-198907,19850828,0.28126,0.28126,0.28126,0.28126,26500,0.28126
CRCD-198907,19850829,0.21876,0.21876,0.21876,0.21876,45100,0.21876
CRCD-198907,19850830,0.31250,0.31250,0.31250,0.31250,141000,0.31250
CRCD-198907,19850903,0.34376,0.34376,0.34376,0.34376,52200,0.34376
CRCD-198907,19850904,0.26563,0.26563,0.26563,0.26563,69900,0.26563
CRCD-198907,19850905,0.21876,0.21876,0.21876,0.21876,68000,0.21876
CRCD-198907,19850906,0.18750,0.18750,0.18750,0.18750,34000,0.18750
CRCD-198907,19850909,0.21876,0.21876,0.21876,0.21876,113000,0.21876
CRCD-198907,19850910,0.21876,0.21876,0.21876,0.21876,62500,0.21876
CRCD-198907,19850911,0.23438,0.23438,0.23438,0.23438,105600,0.23438
CRCD-198907,19850912,0.29688,0.29688,0.29688,0.29688,37900,0.29688
CRCD-198907,19850913,0.31250,0.31250,0.31250,0.31250,337500,0.31250
CRCD-198907,19850916,0.32813,0.32813,0.32813,0.32813,5838,0.32813
CRCD-198907,19850917,0.31250,0.31250,0.31250,0.31250,186800,0.31250
CRCD-198907,19850918,0.31250,0.31250,0.31250,0.31250,319300,0.31250
CRCD-198907,19850919,0.26563,0.26563,0.26563,0.26563,246450,0.26563
CRCD-198907,19850920,0.23438,0.23438,0.23438,0.23438,208600,0.23438
CRCD-198907,19850923,0.23438,0.23438,0.23438,0.23438,51900,0.23438
CRCD-198907,19850924,0.23438,0.23438,0.23438,0.23438,97600,0.23438
CRCD-198907,19850925,0.26563,0.26563,0.26563,0.26563,73600,0.26563
CRCD-198907,19850926,0.25000,0.25000,0.25000,0.25000,41550,0.25000
CRCD-198907,19850930,0.26563,0.26563,0.26563,0.26563,3000,0.26563
CRCD-198907,19851001,0.25000,0.25000,0.25000,0.25000,39500,0.25000
CRCD-198907,19851002,0.23438,0.23438,0.23438,0.23438,12350,0.23438
CRCD-198907,19851003,0.23438,0.23438,0.23438,0.23438,17200,0.23438
CRCD-198907,19851004,0.23438,0.23438,0.23438,0.23438,19200,0.23438
CRCD-198907,19851007,0.23438,0.23438,0.23438,0.23438,24180,0.23438
CRCD-198907,19851008,0.20313,0.20313,0.20313,0.20313,39600,0.20313
CRCD-198907,19851009,0.21876,0.21876,0.21876,0.21876,80600,0.21876
CRCD-198907,19851010,0.20313,0.20313,0.20313,0.20313,15500,0.20313
CRCD-198907,19851011,0.20313,0.20313,0.20313,0.20313,20000,0.20313
CRCD-198907,19851014,0.20313,0.20313,0.20313,0.20313,18000,0.20313
CRCD-198907,19851015,0.20313,0.20313,0.20313,0.20313,60500,0.20313
CRCD-198907,19851016,0.17188,0.17188,0.17188,0.17188,74000,0.17188
CRCD-198907,19851017,0.17188,0.17188,0.17188,0.17188,35300,0.17188
CRCD-198907,19851018,0.17188,0.17188,0.17188,0.17188,44500,0.17188
CRCD-198907,19851021,0.14063,0.14063,0.14063,0.14063,47900,0.14063
CRCD-198907,19851022,0.15626,0.15626,0.15626,0.15626,61400,0.15626
CRCD-198907,19851023,0.15626,0.15626,0.15626,0.15626,45000,0.15626
CRCD-198907,19851024,0.17188,0.17188,0.17188,0.17188,26500,0.17188
CRCD-198907,19851025,0.32813,0.32813,0.32813,0.32813,281400,0.32813
CRCD-198907,19851028,0.29688,0.29688,0.29688,0.29688,103450,0.29688
CRCD-198907,19851029,0.32813,0.32813,0.32813,0.32813,369850,0.32813
CRCD-198907,19851030,0.34376,0.34376,0.34376,0.34376,60000,0.34376
CRCD-198907,19851031,0.32813,0.32813,0.32813,0.32813,129400,0.32813
CRCD-198907,19851101,0.28126,0.28126,0.28126,0.28126,100000,0.28126
CRCD-198907,19851104,0.29688,0.29688,0.29688,0.29688,104700,0.29688
CRCD-198907,19851105,0.29688,0.29688,0.29688,0.29688,149900,0.29688
CRCD-198907,19851106,0.31250,0.31250,0.31250,0.31250,73600,0.31250
CRCD-198907,19851107,0.32813,0.32813,0.32813,0.32813,137400,0.32813
CRCD-198907,19851108,0.32813,0.32813,0.32813,0.32813,29000,0.32813
CRCD-198907,19851111,0.34376,0.34376,0.34376,0.34376,79700,0.34376
CRCD-198907,19851112,0.32813,0.32813,0.32813,0.32813,63720,0.32813
CRCD-198907,19851113,0.32813,0.32813,0.32813,0.32813,22460,0.32813
CRCD-198907,19851114,0.32813,0.32813,0.32813,0.32813,30466,0.32813
CRCD-198907,19851115,0.31250,0.31250,0.31250,0.31250,35102,0.31250
CRCD-198907,19851118,0.29688,0.29688,0.29688,0.29688,36040,0.29688
CRCD-198907,19851119,0.26563,0.26563,0.26563,0.26563,30000,0.26563
CRCD-198907,19851120,0.23438,0.23438,0.23438,0.23438,27650,0.23438
CRCD-198907,19851121,0.18750,0.18750,0.18750,0.18750,31800,0.18750
CRCD-198907,19851122,0.20313,0.20313,0.20313,0.20313,80000,0.20313
CRCD-198907,19851125,0.17188,0.17188,0.17188,0.17188,95500,0.17188
CRCD-198907,19851126,0.20313,0.20313,0.20313,0.20313,166000,0.20313
CRCD-198907,19851127,0.20313,0.20313,0.20313,0.20313,45500,0.20313
CRCD-198907,19851129,0.18750,0.18750,0.18750,0.18750,4400,0.18750
CRCD-198907,19851202,0.17188,0.17188,0.17188,0.17188,26926,0.17188
CRCD-198907,19851203,0.18750,0.18750,0.18750,0.18750,52700,0.18750
CRCD-198907,19851204,0.20313,0.20313,0.20313,0.20313,82286,0.20313
CRCD-198907,19851205,0.20313,0.20313,0.20313,0.20313,26444,0.20313
CRCD-198907,19851206,0.23438,0.23438,0.23438,0.23438,211402,0.23438
CRCD-198907,19851209,0.21876,0.21876,0.21876,0.21876,59830,0.21876
CRCD-198907,19851210,0.23438,0.23438,0.23438,0.23438,47500,0.23438
CRCD-198907,19851211,0.23438,0.23438,0.23438,0.23438,36876,0.23438
CRCD-198907,19851212,0.20313,0.20313,0.20313,0.20313,88420,0.20313
CRCD-198907,19851213,0.20313,0.20313,0.20313,0.20313,65200,0.20313
CRCD-198907,19851216,0.20313,0.20313,0.20313,0.20313,46800,0.20313
CRCD-198907,19851217,0.21876,0.21876,0.21876,0.21876,127000,0.21876
CRCD-198907,19851218,0.21876,0.21876,0.21876,0.21876,64330,0.21876
CRCD-198907,19851219,0.21876,0.21876,0.21876,0.21876,72800,0.21876
CRCD-198907,19851220,0.20313,0.20313,0.20313,0.20313,31500,0.20313
CRCD-198907,19851223,0.20313,0.20313,0.20313,0.20313,27800,0.20313
CRCD-198907,19851224,0.20313,0.20313,0.20313,0.20313,30000,0.20313
CRCD-198907,19851226,0.20313,0.20313,0.20313,0.20313,16500,0.20313
CRCD-198907,19851227,0.20313,0.20313,0.20313,0.20313,5600,0.20313
CRCD-198907,19851230,0.20313,0.20313,0.20313,0.20313,97100,0.20313
CRCD-198907,19851231,0.17188,0.17188,0.17188,0.17188,36000,0.17188
CRCD-198907,19860102,0.17188,0.17188,0.17188,0.17188,36000,0.17188
CRCD-198907,19860103,0.17188,0.17188,0.17188,0.17188,28000,0.17188
CRCD-198907,19860106,0.15626,0.15626,0.15626,0.15626,106000,0.15626
CRCD-198907,19860107,0.15626,0.15626,0.15626,0.15626,10000,0.15626
CRCD-198907,19860108,0.14063,0.14063,0.14063,0.14063,92400,0.14063
CRCD-198907,19860109,0.12500,0.12500,0.12500,0.12500,142600,0.12500
CRCD-198907,19860110,0.14063,0.14063,0.14063,0.14063,274900,0.14063
CRCD-198907,19860113,0.14063,0.14063,0.14063,0.14063,50500,0.14063
CRCD-198907,19860114,0.17188,0.17188,0.17188,0.17188,69000,0.17188
CRCD-198907,19860115,0.17188,0.17188,0.17188,0.17188,47300,0.17188
CRCD-198907,19860116,0.17188,0.17188,0.17188,0.17188,3300,0.17188
CRCD-198907,19860117,0.14063,0.14063,0.14063,0.14063,670000,0.14063
CRCD-198907,19860120,0.10938,0.10938,0.10938,0.10938,62800,0.10938
CRCD-198907,19860121,0.14063,0.14063,0.14063,0.14063,235200,0.14063
CRCD-198907,19860122,0.14063,0.14063,0.14063,0.14063,169650,0.14063
CRCD-198907,19860123,0.18750,0.18750,0.18750,0.18750,467600,0.18750
CRCD-198907,19860124,0.23438,0.23438,0.23438,0.23438,970900,0.23438
CRCD-198907,19860127,0.32813,0.32813,0.32813,0.32813,314550,0.32813
CRCD-198907,19860128,0.26563,0.26563,0.26563,0.26563,267850,0.26563
CRCD-198907,19860129,0.23438,0.23438,0.23438,0.23438,200150,0.23438
CRCD-198907,19860130,0.25000,0.25000,0.25000,0.25000,209000,0.25000
CRCD-198907,19860131,0.25000,0.25000,0.25000,0.25000,40948,0.25000
CRCD-198907,19860203,0.26563,0.26563,0.26563,0.26563,109000,0.26563
CRCD-198907,19860204,0.25000,0.25000,0.25000,0.25000,91700,0.25000
CRCD-198907,19860205,0.23438,0.23438,0.23438,0.23438,106100,0.23438
CRCD-198907,19860206,0.29688,0.29688,0.29688,0.29688,229500,0.29688
CRCD-198907,19860207,0.32813,0.32813,0.32813,0.32813,104400,0.32813
CRCD-198907,19860210,0.32813,0.32813,0.32813,0.32813,71600,0.32813
CRCD-198907,19860211,0.31250,0.31250,0.31250,0.31250,158000,0.31250
CRCD-198907,19860212,0.31250,0.31250,0.31250,0.31250,46500,0.31250
CRCD-198907,19860213,0.28126,0.28126,0.28126,0.28126,67700,0.28126
CRCD-198907,19860214,0.29688,0.29688,0.29688,0.29688,62800,0.29688
CRCD-198907,19860218,0.29688,0.29688,0.29688,0.29688,50200,0.29688
CRCD-198907,19860219,0.21876,0.21876,0.21876,0.21876,137700,0.21876
CRCD-198907,19860220,0.21876,0.21876,0.21876,0.21876,30000,0.21876
CRCD-198907,19860221,0.23438,0.23438,0.23438,0.23438,26000,0.23438
CRCD-198907,19860224,0.23438,0.23438,0.23438,0.23438,21100,0.23438
CRCD-198907,19860225,0.23438,0.23438,0.23438,0.23438,146800,0.23438
CRCD-198907,19860226,0.20313,0.20313,0.20313,0.20313,109600,0.20313
CRCD-198907,19860227,0.20313,0.20313,0.20313,0.20313,40000,0.20313
CRCD-198907,19860228,0.20313,0.20313,0.20313,0.20313,97800,0.20313
CRCD-198907,19860303,0.20313,0.20313,0.20313,0.20313,317000,0.20313
CRCD-198907,19860304,0.23438,0.23438,0.23438,0.23438,396600,0.23438
CRCD-198907,19860305,0.26563,0.26563,0.26563,0.26563,606700,0.26563
CRCD-198907,19860306,0.26563,0.26563,0.26563,0.26563,17000,0.26563
CRCD-198907,19860307,0.25000,0.25000,0.25000,0.25000,118800,0.25000
CRCD-198907,19860310,0.23438,0.23438,0.23438,0.23438,38280,0.23438
CRCD-198907,19860311,0.23438,0.23438,0.23438,0.23438,73000,0.23438
CRCD-198907,19860312,0.23438,0.23438,0.23438,0.23438,71666,0.23438
CRCD-198907,19860313,0.21876,0.21876,0.21876,0.21876,55000,0.21876
CRCD-198907,19860314,0.23438,0.23438,0.23438,0.23438,62500,0.23438
CRCD-198907,19860317,0.26563,0.26563,0.26563,0.26563,534000,0.26563
CRCD-198907,19860318,0.26563,0.26563,0.26563,0.26563,114880,0.26563
CRCD-198907,19860319,0.29688,0.29688,0.29688,0.29688,133450,0.29688
CRCD-198907,19860320,0.29688,0.29688,0.29688,0.29688,194500,0.29688
CRCD-198907,19860321,0.37500,0.37500,0.37500,0.37500,393800,0.37500
CRCD-198907,19860324,0.42188,0.42188,0.42188,0.42188,159150,0.42188
CRCD-198907,19860325,0.39063,0.39063,0.39063,0.39063,172300,0.39063
CRCD-198907,19860326,0.34376,0.34376,0.34376,0.34376,187650,0.34376
CRCD-198907,19860327,0.35938,0.35938,0.35938,0.35938,137810,0.35938
CRCD-198907,19860331,0.35938,0.35938,0.35938,0.35938,42080,0.35938
CRCD-198907,19860401,0.40626,0.40626,0.40626,0.40626,139050,0.40626
CRCD-198907,19860402,0.39063,0.39063,0.39063,0.39063,65850,0.39063
CRCD-198907,19860403,0.45313,0.45313,0.45313,0.45313,376256,0.45313
CRCD-198907,19860404,0.43750,0.43750,0.43750,0.43750,187830,0.43750
CRCD-198907,19860407,0.45313,0.45313,0.45313,0.45313,159900,0.45313
CRCD-198907,19860408,0.40626,0.40626,0.40626,0.40626,226020,0.40626
CRCD-198907,19860409,0.35938,0.35938,0.35938,0.35938,161800,0.35938
CRCD-198907,19860410,0.35938,0.35938,0.35938,0.35938,78900,0.35938
CRCD-198907,19860411,0.34376,0.34376,0.34376,0.34376,72700,0.34376
CRCD-198907,19860414,0.32813,0.32813,0.32813,0.32813,45000,0.32813
CRCD-198907,19860415,0.31250,0.31250,0.31250,0.31250,142630,0.31250
CRCD-198907,19860416,0.31250,0.31250,0.31250,0.31250,4000,0.31250
CRCD-198907,19860417,0.29688,0.29688,0.29688,0.29688,342234,0.29688
CRCD-198907,19860418,0.26563,0.26563,0.26563,0.26563,122450,0.26563
CRCD-198907,19860421,0.14063,0.14063,0.14063,0.14063,443500,0.14063
CRCD-198907,19860422,0.21876,0.21876,0.21876,0.21876,370500,0.21876
CRCD-198907,19860423,0.23438,0.23438,0.23438,0.23438,118226,0.23438
CRCD-198907,19860424,0.23438,0.23438,0.23438,0.23438,28000,0.23438
CRCD-198907,19860425,0.26563,0.26563,0.26563,0.26563,75000,0.26563
CRCD-198907,19860428,0.31250,0.31250,0.31250,0.31250,156500,0.31250
CRCD-198907,19860429,0.31250,0.31250,0.31250,0.31250,123100,0.31250
CRCD-198907,19860430,0.28126,0.28126,0.28126,0.28126,155200,0.28126
CRCD-198907,19860501,0.28126,0.28126,0.28126,0.28126,77400,0.28126
CRCD-198907,19860502,0.32813,0.32813,0.32813,0.32813,191200,0.32813
CRCD-198907,19860505,0.32813,0.32813,0.32813,0.32813,148300,0.32813
CRCD-198907,19860506,0.34376,0.34376,0.34376,0.34376,815100,0.34376
CRCD-198907,19860507,0.34376,0.34376,0.34376,0.34376,168450,0.34376
CRCD-198907,19860508,0.35938,0.35938,0.35938,0.35938,78900,0.35938
CRCD-198907,19860509,0.35938,0.35938,0.35938,0.35938,151800,0.35938
CRCD-198907,19860512,0.35938,0.35938,0.35938,0.35938,55200,0.35938
CRCD-198907,19860513,0.34376,0.34376,0.34376,0.34376,140250,0.34376
CRCD-198907,19860514,0.31250,0.31250,0.31250,0.31250,101000,0.31250
CRCD-198907,19860515,0.31250,0.31250,0.31250,0.31250,25704,0.31250
CRCD-198907,19860516,0.29688,0.29688,0.29688,0.29688,100350,0.29688
CRCD-198907,19860519,0.26563,0.26563,0.26563,0.26563,103250,0.26563
CRCD-198907,19860520,0.25000,0.25000,0.25000,0.25000,79000,0.25000
CRCD-198907,19860521,0.25000,0.25000,0.25000,0.25000,121100,0.25000
CRCD-198907,19860522,0.25000,0.25000,0.25000,0.25000,132000,0.25000
CRCD-198907,19860523,0.25000,0.25000,0.25000,0.25000,32060,0.25000
CRCD-198907,19860527,0.25000,0.25000,0.25000,0.25000,126000,0.25000
CRCD-198907,19860528,0.26563,0.26563,0.26563,0.26563,40100,0.26563
CRCD-198907,19860529,0.26563,0.26563,0.26563,0.26563,3000,0.26563
CRCD-198907,19860530,0.25000,0.25000,0.25000,0.25000,39600,0.25000
CRCD-198907,19860602,0.26563,0.26563,0.26563,0.26563,43000,0.26563
CRCD-198907,19860603,0.28126,0.28126,0.28126,0.28126,76000,0.28126
CRCD-198907,19860604,0.31250,0.31250,0.31250,0.31250,348350,0.31250
CRCD-198907,19860605,0.31250,0.31250,0.31250,0.31250,315050,0.31250
CRCD-198907,19860606,0.29688,0.29688,0.29688,0.29688,538244,0.29688
CRCD-198907,19860609,0.31250,0.31250,0.31250,0.31250,16300,0.31250
CRCD-198907,19860610,0.26563,0.26563,0.26563,0.26563,47430,0.26563
CRCD-198907,19860611,0.26563,0.26563,0.26563,0.26563,32100,0.26563
CRCD-198907,19860612,0.26563,0.26563,0.26563,0.26563,78000,0.26563
CRCD-198907,19860613,0.26563,0.26563,0.26563,0.26563,23000,0.26563
CRCD-198907,19860616,0.26563,0.26563,0.26563,0.26563,54000,0.26563
CRCD-198907,19860617,0.26563,0.26563,0.26563,0.26563,63326,0.26563
CRCD-198907,19860618,0.26563,0.26563,0.26563,0.26563,116300,0.26563
CRCD-198907,19860619,0.26563,0.26563,0.26563,0.26563,3716,0.26563
CRCD-198907,19860620,0.26563,0.26563,0.26563,0.26563,176500,0.26563
CRCD-198907,19860623,0.23438,0.23438,0.23438,0.23438,87600,0.23438
CRCD-198907,19860624,0.23438,0.23438,0.23438,0.23438,25800,0.23438
CRCD-198907,19860625,0.23438,0.23438,0.23438,0.23438,30200,0.23438
CRCD-198907,19860626,0.21876,0.21876,0.21876,0.21876,36500,0.21876
CRCD-198907,19860627,0.23438,0.23438,0.23438,0.23438,14600,0.23438
CRCD-198907,19860630,0.21876,0.21876,0.21876,0.21876,44280,0.21876
CRCD-198907,19860701,0.20313,0.20313,0.20313,0.20313,295480,0.20313
CRCD-198907,19860702,0.20313,0.20313,0.20313,0.20313,279000,0.20313
CRCD-198907,19860703,0.20313,0.20313,0.20313,0.20313,139700,0.20313
CRCD-198907,19860707,0.20313,0.20313,0.20313,0.20313,285550,0.20313
CRCD-198907,19860708,0.17188,0.17188,0.17188,0.17188,174700,0.17188
CRCD-198907,19860709,0.18750,0.18750,0.18750,0.18750,130450,0.18750
CRCD-198907,19860710,0.18750,0.18750,0.18750,0.18750,55900,0.18750
CRCD-198907,19860711,0.18750,0.18750,0.18750,0.18750,373000,0.18750
CRCD-198907,19860714,0.17188,0.17188,0.17188,0.17188,272500,0.17188
CRCD-198907,19860715,0.20313,0.20313,0.20313,0.20313,147100,0.20313
CRCD-198907,19860716,0.21876,0.21876,0.21876,0.21876,79440,0.21876
CRCD-198907,19860717,0.23438,0.23438,0.23438,0.23438,146200,0.23438
CRCD-198907,19860718,0.21876,0.21876,0.21876,0.21876,191800,0.21876
CRCD-198907,19860721,0.21876,0.21876,0.21876,0.21876,37000,0.21876
CRCD-198907,19860722,0.21876,0.21876,0.21876,0.21876,32000,0.21876
CRCD-198907,19860723,0.21876,0.21876,0.21876,0.21876,7500,0.21876
CRCD-198907,19860724,0.21876,0.21876,0.21876,0.21876,127700,0.21876
CRCD-198907,19860725,0.21876,0.21876,0.21876,0.21876,38700,0.21876
CRCD-198907,19860728,0.21876,0.21876,0.21876,0.21876,8500,0.21876
CRCD-198907,19860729,0.21876,0.21876,0.21876,0.21876,52500,0.21876
CRCD-198907,19860730,0.23438,0.23438,0.23438,0.23438,19000,0.23438
CRCD-198907,19860731,0.23438,0.23438,0.23438,0.23438,197972,0.23438
CRCD-198907,19860801,0.23438,0.23438,0.23438,0.23438,32350,0.23438
CRCD-198907,19860804,0.23438,0.23438,0.23438,0.23438,68000,0.23438
CRCD-198907,19860805,0.23438,0.23438,0.23438,0.23438,31250,0.23438
CRCD-198907,19860806,0.23438,0.23438,0.23438,0.23438,54350,0.23438
CRCD-198907,19860807,0.25000,0.25000,0.25000,0.25000,102250,0.25000
CRCD-198907,19860808,0.25000,0.25000,0.25000,0.25000,56200,0.25000
CRCD-198907,19860811,0.25000,0.25000,0.25000,0.25000,32100,0.25000
CRCD-198907,19860812,0.25000,0.25000,0.25000,0.25000,21000,0.25000
CRCD-198907,19860813,0.25000,0.25000,0.25000,0.25000,7750,0.25000
CRCD-198907,19860814,0.25000,0.25000,0.25000,0.25000,26100,0.25000
CRCD-198907,19860815,0.23438,0.23438,0.23438,0.23438,5300,0.23438
CRCD-198907,19860818,0.23438,0.23438,0.23438,0.23438,48500,0.23438
CRCD-198907,19860819,0.20313,0.20313,0.20313,0.20313,112020,0.20313
CRCD-198907,19860820,0.20313,0.20313,0.20313,0.20313,43600,0.20313
CRCD-198907,19860821,0.17188,0.17188,0.17188,0.17188,58400,0.17188
CRCD-198907,19860822,0.15626,0.15626,0.15626,0.15626,97600,0.15626
CRCD-198907,19860825,0.15626,0.15626,0.15626,0.15626,44000,0.15626
CRCD-198907,19860826,0.15626,0.15626,0.15626,0.15626,34150,0.15626
CRCD-198907,19860827,0.14063,0.14063,0.14063,0.14063,48900,0.14063
CRCD-198907,19860828,0.14063,0.14063,0.14063,0.14063,4100,0.14063
CRCD-198907,19860829,0.14063,0.14063,0.14063,0.14063,74000,0.14063
CRCD-198907,19860902,0.14063,0.14063,0.14063,0.14063,29300,0.14063
CRCD-198907,19860903,0.14063,0.14063,0.14063,0.14063,23236,0.14063
CRCD-198907,19860904,0.14063,0.14063,0.14063,0.14063,164100,0.14063
CRCD-198907,19860905,0.15626,0.15626,0.15626,0.15626,134600,0.15626
CRCD-198907,19860908,0.17188,0.17188,0.17188,0.17188,84050,0.17188
CRCD-198907,19860909,0.17188,0.17188,0.17188,0.17188,19000,0.17188
CRCD-198907,19860910,0.15626,0.15626,0.15626,0.15626,6000,0.15626
CRCD-198907,19860911,0.15626,0.15626,0.15626,0.15626,37000,0.15626
CRCD-198907,19860912,0.15626,0.15626,0.15626,0.15626,109800,0.15626
CRCD-198907,19860915,0.15626,0.15626,0.15626,0.15626,35000,0.15626
CRCD-198907,19860916,0.14063,0.14063,0.14063,0.14063,116500,0.14063
CRCD-198907,19860917,0.15626,0.15626,0.15626,0.15626,126000,0.15626
CRCD-198907,19860918,0.15626,0.15626,0.15626,0.15626,35600,0.15626
CRCD-198907,19860919,0.15626,0.15626,0.15626,0.15626,227500,0.15626
CRCD-198907,19860922,0.14063,0.14063,0.14063,0.14063,53936,0.14063
CRCD-198907,19860923,0.14063,0.14063,0.14063,0.14063,185100,0.14063
CRCD-198907,19860924,0.14063,0.14063,0.14063,0.14063,4000,0.14063
CRCD-198907,19860925,0.14063,0.14063,0.14063,0.14063,21600,0.14063
CRCD-198907,19860926,0.14063,0.14063,0.14063,0.14063,76500,0.14063
CRCD-198907,19860929,0.12500,0.12500,0.12500,0.12500,279000,0.12500
CRCD-198907,19860930,0.12500,0.12500,0.12500,0.12500,60000,0.12500
CRCD-198907,19861002,0.12500,0.12500,0.12500,0.12500,2400,0.12500
CRCD-198907,19861003,0.10938,0.10938,0.10938,0.10938,26250,0.10938
CRCD-198907,19861006,0.14063,0.14063,0.14063,0.14063,33300,0.14063
CRCD-198907,19861007,0.14063,0.14063,0.14063,0.14063,43500,0.14063
CRCD-198907,19861008,0.14063,0.14063,0.14063,0.14063,11000,0.14063
CRCD-198907,19861009,0.14063,0.14063,0.14063,0.14063,61000,0.14063
CRCD-198907,19861010,0.14063,0.14063,0.14063,0.14063,4600,0.14063
CRCD-198907,19861013,0.14063,0.14063,0.14063,0.14063,18200,0.14063
CRCD-198907,19861014,0.14063,0.14063,0.14063,0.14063,40200,0.14063
CRCD-198907,19861015,0.14063,0.14063,0.14063,0.14063,28500,0.14063
CRCD-198907,19861016,0.14063,0.14063,0.14063,0.14063,15000,0.14063
CRCD-198907,19861017,0.14063,0.14063,0.14063,0.14063,2000,0.14063
CRCD-198907,19861020,0.14063,0.14063,0.14063,0.14063,11700,0.14063
CRCD-198907,19861021,0.14063,0.14063,0.14063,0.14063,47000,0.14063
CRCD-198907,19861022,0.14063,0.14063,0.14063,0.14063,10000,0.14063
CRCD-198907,19861023,0.14063,0.14063,0.14063,0.14063,35000,0.14063
CRCD-198907,19861024,0.14063,0.14063,0.14063,0.14063,37626,0.14063
CRCD-198907,19861027,0.14063,0.14063,0.14063,0.14063,56000,0.14063
CRCD-198907,19861028,0.10938,0.10938,0.10938,0.10938,5000,0.10938
CRCD-198907,19861029,0.10938,0.10938,0.10938,0.10938,3000,0.10938
CRCD-198907,19861030,0.10938,0.10938,0.10938,0.10938,86500,0.10938
CRCD-198907,19861031,0.10938,0.10938,0.10938,0.10938,900,0.10938
CRCD-198907,19861103,0.10938,0.10938,0.10938,0.10938,800,0.10938
CRCD-198907,19861104,0.10938,0.10938,0.10938,0.10938,780178,0.10938
CRCD-198907,19861105,0.10938,0.10938,0.10938,0.10938,227600,0.10938
CRCD-198907,19861106,0.14063,0.14063,0.14063,0.14063,240300,0.14063
CRCD-198907,19861107,0.14063,0.14063,0.14063,0.14063,28800,0.14063
CRCD-198907,19861110,0.14063,0.14063,0.14063,0.14063,81700,0.14063
CRCD-198907,19861111,0.14063,0.14063,0.14063,0.14063,24350,0.14063
CRCD-198907,19861112,0.17188,0.17188,0.17188,0.17188,257000,0.17188
CRCD-198907,19861113,0.17188,0.17188,0.17188,0.17188,55000,0.17188
CRCD-198907,19861114,0.20313,0.20313,0.20313,0.20313,104500,0.20313
CRCD-198907,19861117,0.21876,0.21876,0.21876,0.21876,99100,0.21876
CRCD-198907,19861118,0.20313,0.20313,0.20313,0.20313,56000,0.20313
CRCD-198907,19861119,0.20313,0.20313,0.20313,0.20313,91000,0.20313
CRCD-198907,19861120,0.20313,0.20313,0.20313,0.20313,26300,0.20313
CRCD-198907,19861121,0.21876,0.21876,0.21876,0.21876,67500,0.21876
CRCD-198907,19861124,0.21876,0.21876,0.21876,0.21876,16500,0.21876
CRCD-198907,19861125,0.18750,0.18750,0.18750,0.18750,103200,0.18750
CRCD-198907,19861126,0.17188,0.17188,0.17188,0.17188,14300,0.17188
CRCD-198907,19861128,0.17188,0.17188,0.17188,0.17188,11326,0.17188
CRCD-198907,19861201,0.20313,0.20313,0.20313,0.20313,186800,0.20313
CRCD-198907,19861202,0.20313,0.20313,0.20313,0.20313,103400,0.20313
CRCD-198907,19861203,0.17188,0.17188,0.17188,0.17188,230500,0.17188
CRCD-198907,19861204,0.17188,0.17188,0.17188,0.17188,33116,0.17188
CRCD-198907,19861205,0.17188,0.17188,0.17188,0.17188,153000,0.17188
CRCD-198907,19861208,0.14063,0.14063,0.14063,0.14063,23400,0.14063
CRCD-198907,19861209,0.14063,0.14063,0.14063,0.14063,35400,0.14063
CRCD-198907,19861210,0.14063,0.14063,0.14063,0.14063,30000,0.14063
CRCD-198907,19861211,0.14063,0.14063,0.14063,0.14063,7600,0.14063
CRCD-198907,19861212,0.17188,0.17188,0.17188,0.17188,64100,0.17188
CRCD-198907,19861215,0.14063,0.14063,0.14063,0.14063,40000,0.14063
CRCD-198907,19861216,0.14063,0.14063,0.14063,0.14063,22100,0.14063
CRCD-198907,19861217,0.14063,0.14063,0.14063,0.14063,4600,0.14063
CRCD-198907,19861218,0.14063,0.14063,0.14063,0.14063,92000,0.14063
CRCD-198907,19861219,0.14063,0.14063,0.14063,0.14063,2000,0.14063
CRCD-198907,19861222,0.14063,0.14063,0.14063,0.14063,4000,0.14063
CRCD-198907,19861223,0.12500,0.12500,0.12500,0.12500,116500,0.12500
CRCD-198907,19861224,0.10938,0.10938,0.10938,0.10938,248000,0.10938
CRCD-198907,19861226,0.10938,0.10938,0.10938,0.10938,14500,0.10938
CRCD-198907,19861229,0.10938,0.10938,0.10938,0.10938,74600,0.10938
CRCD-198907,19861230,0.10938,0.10938,0.10938,0.10938,2000,0.10938
CRCD-198907,19861231,0.10938,0.10938,0.10938,0.10938,99900,0.10938
CRCD-198907,19870102,0.10938,0.10938,0.10938,0.10938,12300,0.10938
CRCD-198907,19870105,0.10938,0.10938,0.10938,0.10938,32000,0.10938
CRCD-198907,19870107,0.10938,0.10938,0.10938,0.10938,12000,0.10938
CRCD-198907,19870108,0.10938,0.10938,0.10938,0.10938,28000,0.10938
CRCD-198907,19870109,0.10938,0.10938,0.10938,0.10938,31500,0.10938
CRCD-198907,19870112,0.10938,0.10938,0.10938,0.10938,52500,0.10938
CRCD-198907,19870113,0.10938,0.10938,0.10938,0.10938,43000,0.10938
CRCD-198907,19870114,0.10938,0.10938,0.10938,0.10938,6000,0.10938
CRCD-198907,19870115,0.10938,0.10938,0.10938,0.10938,37500,0.10938
CRCD-198907,19870116,0.10938,0.10938,0.10938,0.10938,23500,0.10938
CRCD-198907,19870119,0.10938,0.10938,0.10938,0.10938,11100,0.10938
CRCD-198907,19870120,0.10938,0.10938,0.10938,0.10938,29300,0.10938
CRCD-198907,19870121,0.10938,0.10938,0.10938,0.10938,13800,0.10938
CRCD-198907,19870122,0.10938,0.10938,0.10938,0.10938,320000,0.10938
CRCD-198907,19870123,0.10938,0.10938,0.10938,0.10938,11500,0.10938
CRCD-198907,19870126,0.10938,0.10938,0.10938,0.10938,13000,0.10938
CRCD-198907,19870127,0.10938,0.10938,0.10938,0.10938,13500,0.10938
CRCD-198907,19870128,0.10938,0.10938,0.10938,0.10938,2000,0.10938
CRCD-198907,19870129,0.10938,0.10938,0.10938,0.10938,18100,0.10938
CRCD-198907,19870202,0.10938,0.10938,0.10938,0.10938,13200,0.10938
CRCD-198907,19870203,0.10938,0.10938,0.10938,0.10938,11000,0.10938
CRCD-198907,19870204,0.10938,0.10938,0.10938,0.10938,17500,0.10938
CRCD-198907,19870205,0.10938,0.10938,0.10938,0.10938,5000,0.10938
CRCD-198907,19870206,0.10938,0.10938,0.10938,0.10938,33000,0.10938
CRCD-198907,19870209,0.10938,0.10938,0.10938,0.10938,4000,0.10938
CRCD-198907,19870210,0.10938,0.10938,0.10938,0.10938,15000,0.10938
CRCD-198907,19870211,0.10938,0.10938,0.10938,0.10938,40500,0.10938
CRCD-198907,19870212,0.10938,0.10938,0.10938,0.10938,40000,0.10938
CRCD-198907,19870213,0.10938,0.10938,0.10938,0.10938,28500,0.10938
CRCD-198907,19870217,0.09376,0.09376,0.09376,0.09376,71000,0.09376
CRCD-198907,19870218,0.10938,0.10938,0.10938,0.10938,36000,0.10938
CRCD-198907,19870219,0.10938,0.10938,0.10938,0.10938,60000,0.10938
CRCD-198907,19870220,0.10938,0.10938,0.10938,0.10938,40350,0.10938
CRCD-198907,19870223,0.10938,0.10938,0.10938,0.10938,62100,0.10938
CRCD-198907,19870224,0.10938,0.10938,0.10938,0.10938,236000,0.10938
CRCD-198907,19870225,0.10938,0.10938,0.10938,0.10938,360000,0.10938
CRCD-198907,19870226,0.10938,0.10938,0.10938,0.10938,64000,0.10938
CRCD-198907,19870227,0.10938,0.10938,0.10938,0.10938,81000,0.10938
CRCD-198907,19870302,0.10938,0.10938,0.10938,0.10938,69000,0.10938
CRCD-198907,19870303,0.10938,0.10938,0.10938,0.10938,320700,0.10938
CRCD-198907,19870304,0.14063,0.14063,0.14063,0.14063,958400,0.14063
CRCD-198907,19870305,0.14063,0.14063,0.14063,0.14063,926000,0.14063
CRCD-198907,19870306,0.14063,0.14063,0.14063,0.14063,433100,0.14063
CRCD-198907,19870309,0.12500,0.12500,0.12500,0.12500,303900,0.12500
CRCD-198907,19870310,0.12500,0.12500,0.12500,0.12500,345000,0.12500
CRCD-198907,19870311,0.14063,0.14063,0.14063,0.14063,201400,0.14063
CRCD-198907,19870312,0.14063,0.14063,0.14063,0.14063,104200,0.14063
CRCD-198907,19870313,0.14063,0.14063,0.14063,0.14063,124000,0.14063
CRCD-198907,19870316,0.14063,0.14063,0.14063,0.14063,61000,0.14063
CRCD-198907,19870317,0.14063,0.14063,0.14063,0.14063,129050,0.14063
CRCD-198907,19870318,0.14063,0.14063,0.14063,0.14063,72900,0.14063
CRCD-198907,19870319,0.14063,0.14063,0.14063,0.14063,175100,0.14063
CRCD-198907,19870320,0.14063,0.14063,0.14063,0.14063,395700,0.14063
CRCD-198907,19870323,0.14063,0.14063,0.14063,0.14063,117000,0.14063
CRCD-198907,19870324,0.14063,0.14063,0.14063,0.14063,212000,0.14063
CRCD-198907,19870325,0.14063,0.14063,0.14063,0.14063,279500,0.14063
CRCD-198907,19870326,0.15626,0.15626,0.15626,0.15626,165338,0.15626
CRCD-198907,19870327,0.15626,0.15626,0.15626,0.15626,269000,0.15626
CRCD-198907,19870330,0.15626,0.15626,0.15626,0.15626,112000,0.15626
CRCD-198907,19870331,0.14063,0.14063,0.14063,0.14063,140100,0.14063
CRCD-198907,19870401,0.14063,0.14063,0.14063,0.14063,191100,0.14063
CRCD-198907,19870402,0.14063,0.14063,0.14063,0.14063,462500,0.14063
CRCD-198907,19870403,0.14063,0.14063,0.14063,0.14063,266126,0.14063
CRCD-198907,19870406,0.14063,0.14063,0.14063,0.14063,684850,0.14063
CRCD-198907,19870407,0.17188,0.17188,0.17188,0.17188,299800,0.17188
CRCD-198907,19870408,0.17188,0.17188,0.17188,0.17188,159250,0.17188
CRCD-198907,19870409,0.17188,0.17188,0.17188,0.17188,240700,0.17188
CRCD-198907,19870410,0.17188,0.17188,0.17188,0.17188,392600,0.17188
CRCD-198907,19870413,0.17188,0.17188,0.17188,0.17188,145800,0.17188
CRCD-198907,19870414,0.17188,0.17188,0.17188,0.17188,481250,0.17188
CRCD-198907,19870415,0.17188,0.17188,0.17188,0.17188,223550,0.17188
CRCD-198907,19870416,0.17188,0.17188,0.17188,0.17188,367376,0.17188
CRCD-198907,19870420,0.18750,0.18750,0.18750,0.18750,427800,0.18750
CRCD-198907,19870421,0.18750,0.18750,0.18750,0.18750,279200,0.18750
CRCD-198907,19870422,0.18750,0.18750,0.18750,0.18750,252300,0.18750
CRCD-198907,19870423,0.18750,0.18750,0.18750,0.18750,262900,0.18750
CRCD-198907,19870424,0.18750,0.18750,0.18750,0.18750,89300,0.18750
CRCD-198907,19870427,0.18750,0.18750,0.18750,0.18750,54700,0.18750
CRCD-198907,19870428,0.18750,0.18750,0.18750,0.18750,75000,0.18750
CRCD-198907,19870429,0.18750,0.18750,0.18750,0.18750,254000,0.18750
CRCD-198907,19870430,0.20313,0.20313,0.20313,0.20313,510000,0.20313
CRCD-198907,19870501,0.20313,0.20313,0.20313,0.20313,225000,0.20313
CRCD-198907,19870504,0.20313,0.20313,0.20313,0.20313,111870,0.20313
CRCD-198907,19870505,0.20313,0.20313,0.20313,0.20313,241322,0.20313
CRCD-198907,19870506,0.18750,0.18750,0.18750,0.18750,66500,0.18750
CRCD-198907,19870507,0.18750,0.18750,0.18750,0.18750,189400,0.18750
CRCD-198907,19870508,0.18750,0.18750,0.18750,0.18750,381200,0.18750
CRCD-198907,19870511,0.18750,0.18750,0.18750,0.18750,25700,0.18750
CRCD-198907,19870512,0.17188,0.17188,0.17188,0.17188,85300,0.17188
CRCD-198907,19870513,0.17188,0.17188,0.17188,0.17188,125500,0.17188
CRCD-198907,19870514,0.17188,0.17188,0.17188,0.17188,109200,0.17188
CRCD-198907,19870515,0.17188,0.17188,0.17188,0.17188,35000,0.17188
CRCD-198907,19870518,0.17188,0.17188,0.17188,0.17188,78400,0.17188
CRCD-198907,19870519,0.18750,0.18750,0.18750,0.18750,171900,0.18750
CRCD-198907,19870520,0.18750,0.18750,0.18750,0.18750,93100,0.18750
CRCD-198907,19870521,0.18750,0.18750,0.18750,0.18750,115500,0.18750
CRCD-198907,19870522,0.20313,0.20313,0.20313,0.20313,48100,0.20313
CRCD-198907,19870526,0.18750,0.18750,0.18750,0.18750,97800,0.18750
CRCD-198907,19870527,0.18750,0.18750,0.18750,0.18750,95300,0.18750
CRCD-198907,19870528,0.18750,0.18750,0.18750,0.18750,701100,0.18750
CRCD-198907,19870529,0.20313,0.20313,0.20313,0.20313,288600,0.20313
CRCD-198907,19870601,0.20313,0.20313,0.20313,0.20313,180500,0.20313
CRCD-198907,19870602,0.21876,0.21876,0.21876,0.21876,236500,0.21876
CRCD-198907,19870603,0.23438,0.23438,0.23438,0.23438,193100,0.23438
CRCD-198907,19870604,0.25000,0.25000,0.25000,0.25000,530880,0.25000
CRCD-198907,19870605,0.25000,0.25000,0.25000,0.25000,219300,0.25000
CRCD-198907,19870608,0.26563,0.26563,0.26563,0.26563,265300,0.26563
CRCD-198907,19870609,0.29688,0.29688,0.29688,0.29688,388200,0.29688
CRCD-198907,19870610,0.28126,0.28126,0.28126,0.28126,188350,0.28126
CRCD-198907,19870611,0.28126,0.28126,0.28126,0.28126,145400,0.28126
CRCD-198907,19870612,0.28126,0.28126,0.28126,0.28126,69700,0.28126
CRCD-198907,19870615,0.26563,0.26563,0.26563,0.26563,640750,0.26563
CRCD-198907,19870616,0.26563,0.26563,0.26563,0.26563,277500,0.26563
CRCD-198907,19870617,0.28126,0.28126,0.28126,0.28126,707910,0.28126
CRCD-198907,19870618,0.29688,0.29688,0.29688,0.29688,307800,0.29688
CRCD-198907,19870619,0.31250,0.31250,0.31250,0.31250,498400,0.31250
CRCD-198907,19870622,0.32813,0.32813,0.32813,0.32813,110024,0.32813
CRCD-198907,19870623,0.31250,0.31250,0.31250,0.31250,150700,0.31250
CRCD-198907,19870624,0.34376,0.34376,0.34376,0.34376,281150,0.34376
CRCD-198907,19870625,0.34376,0.34376,0.34376,0.34376,208050,0.34376
CRCD-198907,19870626,0.34376,0.34376,0.34376,0.34376,177050,0.34376
CRCD-198907,19870629,0.34376,0.34376,0.34376,0.34376,128400,0.34376
CRCD-198907,19870630,0.34376,0.34376,0.34376,0.34376,137400,0.34376
CRCD-198907,19870701,0.34376,0.34376,0.34376,0.34376,325550,0.34376
CRCD-198907,19870702,0.34376,0.34376,0.34376,0.34376,624600,0.34376
CRCD-198907,19870706,0.34376,0.34376,0.34376,0.34376,54900,0.34376
CRCD-198907,19870707,0.32813,0.32813,0.32813,0.32813,302540,0.32813
CRCD-198907,19870708,0.32813,0.32813,0.32813,0.32813,394248,0.32813
CRCD-198907,19870709,0.32813,0.32813,0.32813,0.32813,170800,0.32813
CRCD-198907,19870710,0.32813,0.32813,0.32813,0.32813,433500,0.32813
CRCD-198907,19870713,0.32813,0.32813,0.32813,0.32813,250800,0.32813
CRCD-198907,19870714,0.32813,0.32813,0.32813,0.32813,63000,0.32813
CRCD-198907,19870715,0.21876,0.21876,0.21876,0.21876,488450,0.21876
CRCD-198907,19870716,0.32813,0.32813,0.32813,0.32813,505050,0.32813
CRCD-198907,19870717,0.29688,0.29688,0.29688,0.29688,130800,0.29688
CRCD-198907,19870720,0.29688,0.29688,0.29688,0.29688,95500,0.29688
CRCD-198907,19870721,0.29688,0.29688,0.29688,0.29688,144160,0.29688
CRCD-198907,19870722,0.29688,0.29688,0.29688,0.29688,191700,0.29688
CRCD-198907,19870723,0.31250,0.31250,0.31250,0.31250,279200,0.31250
CRCD-198907,19870724,0.31250,0.31250,0.31250,0.31250,96500,0.31250
CRCD-198907,19870727,0.31250,0.31250,0.31250,0.31250,47700,0.31250
CRCD-198907,19870728,0.31250,0.31250,0.31250,0.31250,48826,0.31250
CRCD-198907,19870729,0.32813,0.32813,0.32813,0.32813,120470,0.32813
CRCD-198907,19870730,0.32813,0.32813,0.32813,0.32813,141600,0.32813
CRCD-198907,19870731,0.29688,0.29688,0.29688,0.29688,171440,0.29688
CRCD-198907,19870803,0.29688,0.29688,0.29688,0.29688,113026,0.29688
CRCD-198907,19870804,0.28126,0.28126,0.28126,0.28126,144500,0.28126
CRCD-198907,19870805,0.28126,0.28126,0.28126,0.28126,63500,0.28126
CRCD-198907,19870806,0.28126,0.28126,0.28126,0.28126,37500,0.28126
CRCD-198907,19870807,0.26563,0.26563,0.26563,0.26563,224200,0.26563
CRCD-198907,19870810,0.26563,0.26563,0.26563,0.26563,113900,0.26563
CRCD-198907,19870811,0.26563,0.26563,0.26563,0.26563,63700,0.26563
CRCD-198907,19870812,0.26563,0.26563,0.26563,0.26563,67500,0.26563
CRCD-198907,19870813,0.26563,0.26563,0.26563,0.26563,123100,0.26563
CRCD-198907,19870814,0.26563,0.26563,0.26563,0.26563,229450,0.26563
CRCD-198907,19870817,0.26563,0.26563,0.26563,0.26563,58510,0.26563
CRCD-198907,19870818,0.26563,0.26563,0.26563,0.26563,138400,0.26563
CRCD-198907,19870819,0.28126,0.28126,0.28126,0.28126,252100,0.28126
CRCD-198907,19870820,0.28126,0.28126,0.28126,0.28126,49000,0.28126
CRCD-198907,19870821,0.28126,0.28126,0.28126,0.28126,118100,0.28126
CRCD-198907,19870824,0.26563,0.26563,0.26563,0.26563,80000,0.26563
CRCD-198907,19870825,0.26563,0.26563,0.26563,0.26563,78840,0.26563
CRCD-198907,19870826,0.26563,0.26563,0.26563,0.26563,80600,0.26563
CRCD-198907,19870827,0.26563,0.26563,0.26563,0.26563,179400,0.26563
CRCD-198907,19870828,0.26563,0.26563,0.26563,0.26563,40800,0.26563
CRCD-198907,19870831,0.26563,0.26563,0.26563,0.26563,72560,0.26563
CRCD-198907,19870901,0.26563,0.26563,0.26563,0.26563,49300,0.26563
CRCD-198907,19870902,0.26563,0.26563,0.26563,0.26563,111700,0.26563
CRCD-198907,19870903,0.26563,0.26563,0.26563,0.26563,55060,0.26563
CRCD-198907,19870904,0.26563,0.26563,0.26563,0.26563,41000,0.26563
CRCD-198907,19870908,0.26563,0.26563,0.26563,0.26563,102000,0.26563
CRCD-198907,19870909,0.26563,0.26563,0.26563,0.26563,101670,0.26563
CRCD-198907,19870910,0.26563,0.26563,0.26563,0.26563,116800,0.26563
CRCD-198907,19870911,0.26563,0.26563,0.26563,0.26563,124000,0.26563
CRCD-198907,19870914,0.26563,0.26563,0.26563,0.26563,109884,0.26563
CRCD-198907,19870915,0.26563,0.26563,0.26563,0.26563,98670,0.26563
CRCD-198907,19870916,0.26563,0.26563,0.26563,0.26563,77500,0.26563
CRCD-198907,19870917,0.26563,0.26563,0.26563,0.26563,77100,0.26563
CRCD-198907,19870918,0.26563,0.26563,0.26563,0.26563,349300,0.26563
CRCD-198907,19870921,0.29688,0.29688,0.29688,0.29688,175100,0.29688
CRCD-198907,19870922,0.32813,0.32813,0.32813,0.32813,198650,0.32813
CRCD-198907,19870923,0.35938,0.35938,0.35938,0.35938,465500,0.35938
CRCD-198907,19870924,0.35938,0.35938,0.35938,0.35938,253300,0.35938
CRCD-198907,19870925,0.40626,0.40626,0.40626,0.40626,288200,0.40626
CRCD-198907,19870928,0.45313,0.45313,0.45313,0.45313,582610,0.45313
CRCD-198907,19870929,0.39063,0.39063,0.39063,0.39063,411250,0.39063
CRCD-198907,19870930,0.39063,0.39063,0.39063,0.39063,119000,0.39063
CRCD-198907,19871001,0.42188,0.42188,0.42188,0.42188,385000,0.42188
CRCD-198907,19871002,0.45313,0.45313,0.45313,0.45313,243076,0.45313
CRCD-198907,19871005,0.42188,0.42188,0.42188,0.42188,126700,0.42188
CRCD-198907,19871006,0.35938,0.35938,0.35938,0.35938,243450,0.35938
CRCD-198907,19871007,0.35938,0.35938,0.35938,0.35938,191800,0.35938
CRCD-198907,19871008,0.35938,0.35938,0.35938,0.35938,132850,0.35938
CRCD-198907,19871009,0.35938,0.35938,0.35938,0.35938,148330,0.35938
CRCD-198907,19871012,0.35938,0.35938,0.35938,0.35938,88500,0.35938
CRCD-198907,19871013,0.35938,0.35938,0.35938,0.35938,43200,0.35938
CRCD-198907,19871014,0.35938,0.35938,0.35938,0.35938,122300,0.35938
CRCD-198907,19871015,0.32813,0.32813,0.32813,0.32813,132020,0.32813
CRCD-198907,19871016,0.29688,0.29688,0.29688,0.29688,91716,0.29688
CRCD-198907,19871019,0.26563,0.26563,0.26563,0.26563,243100,0.26563
CRCD-198907,19871020,0.26563,0.26563,0.26563,0.26563,150550,0.26563
CRCD-198907,19871021,0.29688,0.29688,0.29688,0.29688,257850,0.29688
CRCD-198907,19871022,0.29688,0.29688,0.29688,0.29688,122300,0.29688
CRCD-198907,19871023,0.29688,0.29688,0.29688,0.29688,217400,0.29688
CRCD-198907,19871026,0.29688,0.29688,0.29688,0.29688,96300,0.29688
CRCD-198907,19871027,0.29688,0.29688,0.29688,0.29688,63800,0.29688
CRCD-198907,19871028,0.29688,0.29688,0.29688,0.29688,33390,0.29688
CRCD-198907,19871029,0.29688,0.29688,0.29688,0.29688,64000,0.29688
CRCD-198907,19871030,0.31250,0.31250,0.31250,0.31250,68100,0.31250
CRCD-198907,19871102,0.29688,0.29688,0.29688,0.29688,37800,0.29688
CRCD-198907,19871103,0.29688,0.29688,0.29688,0.29688,89000,0.29688
CRCD-198907,19871104,0.26563,0.26563,0.26563,0.26563,121400,0.26563
CRCD-198907,19871105,0.26563,0.26563,0.26563,0.26563,173900,0.26563
CRCD-198907,19871106,0.29688,0.29688,0.29688,0.29688,79650,0.29688
CRCD-198907,19871109,0.29688,0.29688,0.29688,0.29688,38900,0.29688
CRCD-198907,19871110,0.26563,0.26563,0.26563,0.26563,97700,0.26563
CRCD-198907,19871111,0.26563,0.26563,0.26563,0.26563,38770,0.26563
CRCD-198907,19871112,0.26563,0.26563,0.26563,0.26563,77052,0.26563
CRCD-198907,19871113,0.32813,0.32813,0.32813,0.32813,556570,0.32813
CRCD-198907,19871116,0.34376,0.34376,0.34376,0.34376,225370,0.34376
CRCD-198907,19871117,0.32813,0.32813,0.32813,0.32813,128850,0.32813
CRCD-198907,19871118,0.32813,0.32813,0.32813,0.32813,180450,0.32813
CRCD-198907,19871119,0.35938,0.35938,0.35938,0.35938,217300,0.35938
CRCD-198907,19871120,0.35938,0.35938,0.35938,0.35938,98500,0.35938
CRCD-198907,19871123,0.31250,0.31250,0.31250,0.31250,135850,0.31250
CRCD-198907,19871124,0.32813,0.32813,0.32813,0.32813,61500,0.32813
CRCD-198907,19871125,0.32813,0.32813,0.32813,0.32813,93900,0.32813
CRCD-198907,19871127,0.32813,0.32813,0.32813,0.32813,23600,0.32813
CRCD-198907,19871130,0.29688,0.29688,0.29688,0.29688,49650,0.29688
CRCD-198907,19871201,0.26563,0.26563,0.26563,0.26563,122390,0.26563
CRCD-198907,19871202,0.23438,0.23438,0.23438,0.23438,125600,0.23438
CRCD-198907,19871203,0.23438,0.23438,0.23438,0.23438,74900,0.23438
CRCD-198907,19871204,0.26563,0.26563,0.26563,0.26563,125000,0.26563
CRCD-198907,19871207,0.28126,0.28126,0.28126,0.28126,141676,0.28126
CRCD-198907,19871208,0.26563,0.26563,0.26563,0.26563,64600,0.26563
CRCD-198907,19871209,0.29688,0.29688,0.29688,0.29688,239500,0.29688
CRCD-198907,19871210,0.31250,0.31250,0.31250,0.31250,150350,0.31250
CRCD-198907,19871211,0.32813,0.32813,0.32813,0.32813,33000,0.32813
CRCD-198907,19871214,0.32813,0.32813,0.32813,0.32813,60800,0.32813
CRCD-198907,19871215,0.29688,0.29688,0.29688,0.29688,35000,0.29688
CRCD-198907,19871216,0.31250,0.31250,0.31250,0.31250,156900,0.31250
CRCD-198907,19871217,0.31250,0.31250,0.31250,0.31250,18600,0.31250
CRCD-198907,19871218,0.31250,0.31250,0.31250,0.31250,21720,0.31250
CRCD-198907,19871221,0.31250,0.31250,0.31250,0.31250,35200,0.31250
CRCD-198907,19880125,0.34376,0.34376,0.34376,0.34376,141500,0.34376
CRCD-198907,19880126,0.34376,0.34376,0.34376,0.34376,352050,0.34376
CRCD-198907,19880127,0.37500,0.37500,0.37500,0.37500,226100,0.37500
CRCD-198907,19880128,0.39063,0.39063,0.39063,0.39063,345300,0.39063
CRCD-198907,19880129,0.37500,0.37500,0.37500,0.37500,606950,0.37500
CRCD-198907,19880201,0.37500,0.37500,0.37500,0.37500,135800,0.37500
CRCD-198907,19880202,0.35938,0.35938,0.35938,0.35938,152500,0.35938
CRCD-198907,19880203,0.39063,0.39063,0.39063,0.39063,304230,0.39063
CRCD-198907,19880204,0.40626,0.40626,0.40626,0.40626,266700,0.40626
CRCD-198907,19880205,0.40626,0.40626,0.40626,0.40626,176400,0.40626
CRCD-198907,19880208,0.39063,0.39063,0.39063,0.39063,166500,0.39063
CRCD-198907,19880209,0.43750,0.43750,0.43750,0.43750,487900,0.43750
CRCD-198907,19880210,0.40626,0.40626,0.40626,0.40626,306740,0.40626
CRCD-198907,19880211,0.46876,0.46876,0.46876,0.46876,683750,0.46876
CRCD-198907,19880212,0.57813,0.57813,0.57813,0.57813,936440,0.57813
CRCD-198907,19880216,0.64063,0.64063,0.64063,0.64063,906340,0.64063
CRCD-198907,19880217,0.64063,0.64063,0.64063,0.64063,579366,0.64063
CRCD-198907,19880218,0.64063,0.64063,0.64063,0.64063,642530,0.64063
CRCD-198907,19880219,0.60938,0.60938,0.60938,0.60938,449850,0.60938
CRCD-198907,19880222,0.64063,0.64063,0.64063,0.64063,503800,0.64063
CRCD-198907,19880223,0.59376,0.59376,0.59376,0.59376,319590,0.59376
CRCD-198907,19880224,0.51563,0.51563,0.51563,0.51563,1003780,0.51563
CRCD-198907,19880225,0.54688,0.54688,0.54688,0.54688,654140,0.54688
CRCD-198907,19880226,0.53126,0.53126,0.53126,0.53126,217602,0.53126
CRCD-198907,19880229,0.51563,0.51563,0.51563,0.51563,191950,0.51563
CRCD-198907,19880301,0.54688,0.54688,0.54688,0.54688,299740,0.54688
CRCD-198907,19880302,0.56250,0.56250,0.56250,0.56250,289200,0.56250
CRCD-198907,19880303,0.60938,0.60938,0.60938,0.60938,207900,0.60938
CRCD-198907,19880304,0.62500,0.62500,0.62500,0.62500,264100,0.62500
CRCD-198907,19880307,0.62500,0.62500,0.62500,0.62500,145900,0.62500
CRCD-198907,19880308,0.59376,0.59376,0.59376,0.59376,285900,0.59376
CRCD-198907,19880309,0.56250,0.56250,0.56250,0.56250,259026,0.56250
CRCD-198907,19880310,0.56250,0.56250,0.56250,0.56250,119820,0.56250
CRCD-198907,19880311,0.53126,0.53126,0.53126,0.53126,134000,0.53126
CRCD-198907,19880314,0.51563,0.51563,0.51563,0.51563,181476,0.51563
CRCD-198907,19880315,0.50000,0.50000,0.50000,0.50000,66800,0.50000
CRCD-198907,19880316,0.50000,0.50000,0.50000,0.50000,121150,0.50000
CRCD-198907,19880317,0.57813,0.57813,0.57813,0.57813,681830,0.57813
CRCD-198907,19880318,0.65626,0.65626,0.65626,0.65626,1126100,0.65626
CRCD-198907,19880321,0.57813,0.57813,0.57813,0.57813,543540,0.57813
CRCD-198907,19880322,0.60938,0.60938,0.60938,0.60938,441700,0.60938
CRCD-198907,19880323,0.57813,0.57813,0.57813,0.57813,106160,0.57813
CRCD-198907,19880324,0.56250,0.56250,0.56250,0.56250,280870,0.56250
CRCD-198907,19880325,0.56250,0.56250,0.56250,0.56250,63614,0.56250
CRCD-198907,19880328,0.50000,0.50000,0.50000,0.50000,96500,0.50000
CRCD-198907,19880329,0.50000,0.50000,0.50000,0.50000,161550,0.50000
CRCD-198907,19880330,0.54688,0.54688,0.54688,0.54688,589888,0.54688
CRCD-198907,19880331,0.48438,0.48438,0.48438,0.48438,115500,0.48438
CRCD-198907,19880404,0.50000,0.50000,0.50000,0.50000,112650,0.50000
CRCD-198907,19880405,0.50000,0.50000,0.50000,0.50000,142300,0.50000
CRCD-198907,19880406,0.51563,0.51563,0.51563,0.51563,240250,0.51563
CRCD-198907,19880407,0.51563,0.51563,0.51563,0.51563,56180,0.51563
CRCD-198907,19880408,0.51563,0.51563,0.51563,0.51563,121900,0.51563
CRCD-198907,19880411,0.48438,0.48438,0.48438,0.48438,177610,0.48438
CRCD-198907,19880412,0.51563,0.51563,0.51563,0.51563,148100,0.51563
CRCD-198907,19880413,0.51563,0.51563,0.51563,0.51563,100300,0.51563
CRCD-198907,19880414,0.54688,0.54688,0.54688,0.54688,195862,0.54688
CRCD-198907,19880415,0.53126,0.53126,0.53126,0.53126,148200,0.53126
CRCD-198907,19880418,0.48438,0.48438,0.48438,0.48438,137500,0.48438
CRCD-198907,19880419,0.48438,0.48438,0.48438,0.48438,79400,0.48438
CRCD-198907,19880420,0.48438,0.48438,0.48438,0.48438,138676,0.48438
CRCD-198907,19880421,0.51563,0.51563,0.51563,0.51563,373532,0.51563
CRCD-198907,19880422,0.57813,0.57813,0.57813,0.57813,676890,0.57813
CRCD-198907,19880425,0.56250,0.56250,0.56250,0.56250,450386,0.56250
CRCD-198907,19880426,0.54688,0.54688,0.54688,0.54688,463830,0.54688
CRCD-198907,19880427,0.54688,0.54688,0.54688,0.54688,56750,0.54688
CRCD-198907,19880428,0.59376,0.59376,0.59376,0.59376,540000,0.59376
CRCD-198907,19880429,0.60938,0.60938,0.60938,0.60938,196700,0.60938
CRCD-198907,19880502,0.54688,0.54688,0.54688,0.54688,264000,0.54688
CRCD-198907,19880503,0.59376,0.59376,0.59376,0.59376,388600,0.59376
CRCD-198907,19880504,0.60938,0.60938,0.60938,0.60938,301500,0.60938
CRCD-198907,19880505,0.64063,0.64063,0.64063,0.64063,554520,0.64063
CRCD-198907,19880506,0.65626,0.65626,0.65626,0.65626,708152,0.65626
CRCD-198907,19880509,0.65626,0.65626,0.65626,0.65626,237528,0.65626
CRCD-198907,19880510,0.64063,0.64063,0.64063,0.64063,147326,0.64063
CRCD-198907,19880511,0.65626,0.65626,0.65626,0.65626,425200,0.65626
CRCD-198907,19880512,0.65626,0.65626,0.65626,0.65626,291540,0.65626
CRCD-198907,19880513,0.60938,0.60938,0.60938,0.60938,180200,0.60938
CRCD-198907,19880516,0.60938,0.60938,0.60938,0.60938,348000,0.60938
CRCD-198907,19880517,0.60938,0.60938,0.60938,0.60938,160850,0.60938
CRCD-198907,19880518,0.60938,0.60938,0.60938,0.60938,108200,0.60938
CRCD-198907,19880519,0.60938,0.60938,0.60938,0.60938,144200,0.60938
CRCD-198907,19880520,0.60938,0.60938,0.60938,0.60938,190896,0.60938
CRCD-198907,19880523,0.51563,0.51563,0.51563,0.51563,178780,0.51563
CRCD-198907,19880524,0.54688,0.54688,0.54688,0.54688,126250,0.54688
CRCD-198907,19880525,0.57813,0.57813,0.57813,0.57813,97500,0.57813
CRCD-198907,19880526,0.56250,0.56250,0.56250,0.56250,33500,0.56250
CRCD-198907,19880527,0.54688,0.54688,0.54688,0.54688,60100,0.54688
CRCD-198907,19880531,0.53126,0.53126,0.53126,0.53126,60000,0.53126
CRCD-198907,19880601,0.51563,0.51563,0.51563,0.51563,54700,0.51563
CRCD-198907,19880602,0.53126,0.53126,0.53126,0.53126,234900,0.53126
CRCD-198907,19880603,0.53126,0.53126,0.53126,0.53126,151090,0.53126
CRCD-198907,19880606,0.54688,0.54688,0.54688,0.54688,61000,0.54688
CRCD-198907,19880607,0.54688,0.54688,0.54688,0.54688,211700,0.54688
CRCD-198907,19880608,0.54688,0.54688,0.54688,0.54688,190190,0.54688
CRCD-198907,19880609,0.54688,0.54688,0.54688,0.54688,40950,0.54688
CRCD-198907,19880610,0.53126,0.53126,0.53126,0.53126,47100,0.53126
CRCD-198907,19880613,0.53126,0.53126,0.53126,0.53126,83280,0.53126
CRCD-198907,19880614,0.53126,0.53126,0.53126,0.53126,59600,0.53126
CRCD-198907,19880615,0.57813,0.57813,0.57813,0.57813,321250,0.57813
CRCD-198907,19880616,0.57813,0.57813,0.57813,0.57813,186026,0.57813
CRCD-198907,19880617,0.54688,0.54688,0.54688,0.54688,171860,0.54688
CRCD-198907,19880620,0.54688,0.54688,0.54688,0.54688,70100,0.54688
CRCD-198907,19880621,0.54688,0.54688,0.54688,0.54688,54100,0.54688
CRCD-198907,19880622,0.54688,0.54688,0.54688,0.54688,101030,0.54688
CRCD-198907,19880623,0.54688,0.54688,0.54688,0.54688,95376,0.54688
CRCD-198907,19880624,0.57813,0.57813,0.57813,0.57813,80440,0.57813
CRCD-198907,19880627,0.54688,0.54688,0.54688,0.54688,136340,0.54688
CRCD-198907,19880628,0.54688,0.54688,0.54688,0.54688,164000,0.54688
CRCD-198907,19880629,0.51563,0.51563,0.51563,0.51563,128900,0.51563
CRCD-198907,19880630,0.51563,0.51563,0.51563,0.51563,122000,0.51563
CRCD-198907,19880701,0.51563,0.51563,0.51563,0.51563,120338,0.51563
CRCD-198907,19880705,0.50000,0.50000,0.50000,0.50000,116168,0.50000
CRCD-198907,19880706,0.51563,0.51563,0.51563,0.51563,105326,0.51563
CRCD-198907,19880707,0.50000,0.50000,0.50000,0.50000,71266,0.50000
CRCD-198907,19880708,0.50000,0.50000,0.50000,0.50000,135400,0.50000
CRCD-198907,19880711,0.53126,0.53126,0.53126,0.53126,351346,0.53126
CRCD-198907,19880712,0.56250,0.56250,0.56250,0.56250,487506,0.56250
CRCD-198907,19880713,0.57813,0.57813,0.57813,0.57813,271346,0.57813
CRCD-198907,19880714,0.57813,0.57813,0.57813,0.57813,263114,0.57813
CRCD-198907,19880715,0.57813,0.57813,0.57813,0.57813,183150,0.57813
CRCD-198907,19880718,0.51563,0.51563,0.51563,0.51563,172600,0.51563
CRCD-198907,19880719,0.53126,0.53126,0.53126,0.53126,219950,0.53126
CRCD-198907,19880720,0.54688,0.54688,0.54688,0.54688,165600,0.54688
CRCD-198907,19880721,0.56250,0.56250,0.56250,0.56250,341310,0.56250
CRCD-198907,19880722,0.54688,0.54688,0.54688,0.54688,343700,0.54688
CRCD-198907,19880725,0.54688,0.54688,0.54688,0.54688,106950,0.54688
CRCD-198907,19880726,0.54688,0.54688,0.54688,0.54688,192500,0.54688
CRCD-198907,19880727,0.56250,0.56250,0.56250,0.56250,287100,0.56250
CRCD-198907,19880728,0.56250,0.56250,0.56250,0.56250,287550,0.56250
CRCD-198907,19880729,0.53126,0.53126,0.53126,0.53126,177200,0.53126
CRCD-198907,19880801,0.50000,0.50000,0.50000,0.50000,247346,0.50000
CRCD-198907,19880802,0.50000,0.50000,0.50000,0.50000,108720,0.50000
CRCD-198907,19880803,0.51563,0.51563,0.51563,0.51563,150500,0.51563
CRCD-198907,19880804,0.48438,0.48438,0.48438,0.48438,121800,0.48438
CRCD-198907,19880805,0.48438,0.48438,0.48438,0.48438,44000,0.48438
CRCD-198907,19880808,0.46876,0.46876,0.46876,0.46876,130350,0.46876
CRCD-198907,19880809,0.45313,0.45313,0.45313,0.45313,321900,0.45313
CRCD-198907,19880810,0.48438,0.48438,0.48438,0.48438,348980,0.48438
CRCD-198907,19880811,0.48438,0.48438,0.48438,0.48438,177200,0.48438
CRCD-198907,19880812,0.51563,0.51563,0.51563,0.51563,194500,0.51563
CRCD-198907,19880815,0.48438,0.48438,0.48438,0.48438,115650,0.48438
CRCD-198907,19880816,0.48438,0.48438,0.48438,0.48438,149200,0.48438
CRCD-198907,19880817,0.53126,0.53126,0.53126,0.53126,404930,0.53126
CRCD-198907,19880818,0.53126,0.53126,0.53126,0.53126,206026,0.53126
CRCD-198907,19880819,0.48438,0.48438,0.48438,0.48438,202876,0.48438
CRCD-198907,19880822,0.48438,0.48438,0.48438,0.48438,62100,0.48438
CRCD-198907,19880823,0.45313,0.45313,0.45313,0.45313,65300,0.45313
CRCD-198907,19880824,0.45313,0.45313,0.45313,0.45313,81500,0.45313
CRCD-198907,19880825,0.39063,0.39063,0.39063,0.39063,102700,0.39063
CRCD-198907,19880826,0.40626,0.40626,0.40626,0.40626,233938,0.40626
CRCD-198907,19880829,0.42188,0.42188,0.42188,0.42188,83630,0.42188
CRCD-198907,19880830,0.42188,0.42188,0.42188,0.42188,138884,0.42188
CRCD-198907,19880831,0.42188,0.42188,0.42188,0.42188,158250,0.42188
CRCD-198907,19880901,0.40626,0.40626,0.40626,0.40626,295750,0.40626
CRCD-198907,19880902,0.42188,0.42188,0.42188,0.42188,190500,0.42188
CRCD-198907,19880906,0.42188,0.42188,0.42188,0.42188,50000,0.42188
CRCD-198907,19880907,0.42188,0.42188,0.42188,0.42188,50200,0.42188
CRCD-198907,19880908,0.42188,0.42188,0.42188,0.42188,42400,0.42188
CRCD-198907,19880909,0.42188,0.42188,0.42188,0.42188,57250,0.42188
CRCD-198907,19880912,0.42188,0.42188,0.42188,0.42188,212750,0.42188
CRCD-198907,19880913,0.42188,0.42188,0.42188,0.42188,221876,0.42188
CRCD-198907,19880914,0.39063,0.39063,0.39063,0.39063,91250,0.39063
CRCD-198907,19880915,0.40626,0.40626,0.40626,0.40626,136300,0.40626
CRCD-198907,19880916,0.42188,0.42188,0.42188,0.42188,62500,0.42188
CRCD-198907,19880919,0.39063,0.39063,0.39063,0.39063,36500,0.39063
CRCD-198907,19880920,0.42188,0.42188,0.42188,0.42188,136200,0.42188
CRCD-198907,19880921,0.43750,0.43750,0.43750,0.43750,330700,0.43750
CRCD-198907,19880922,0.43750,0.43750,0.43750,0.43750,146128,0.43750
CRCD-198907,19880923,0.43750,0.43750,0.43750,0.43750,232350,0.43750
CRCD-198907,19880926,0.42188,0.42188,0.42188,0.42188,177500,0.42188
CRCD-198907,19880927,0.37500,0.37500,0.37500,0.37500,149100,0.37500
CRCD-198907,19880928,0.37500,0.37500,0.37500,0.37500,158100,0.37500
CRCD-198907,19880929,0.37500,0.37500,0.37500,0.37500,48790,0.37500
CRCD-198907,19880930,0.39063,0.39063,0.39063,0.39063,111150,0.39063
CRCD-198907,19881003,0.39063,0.39063,0.39063,0.39063,18000,0.39063
CRCD-198907,19881004,0.39063,0.39063,0.39063,0.39063,35424,0.39063
CRCD-198907,19881005,0.39063,0.39063,0.39063,0.39063,106600,0.39063
CRCD-198907,19881006,0.39063,0.39063,0.39063,0.39063,78900,0.39063
CRCD-198907,19881007,0.39063,0.39063,0.39063,0.39063,81000,0.39063
CRCD-198907,19881010,0.35938,0.35938,0.35938,0.35938,45738,0.35938
CRCD-198907,19881011,0.35938,0.35938,0.35938,0.35938,62300,0.35938
CRCD-198907,19881012,0.35938,0.35938,0.35938,0.35938,94650,0.35938
CRCD-198907,19881013,0.37500,0.37500,0.37500,0.37500,93000,0.37500
CRCD-198907,19881014,0.35938,0.35938,0.35938,0.35938,40400,0.35938
CRCD-198907,19881017,0.35938,0.35938,0.35938,0.35938,158650,0.35938
CRCD-198907,19881018,0.35938,0.35938,0.35938,0.35938,79000,0.35938
CRCD-198907,19881019,0.37500,0.37500,0.37500,0.37500,209370,0.37500
CRCD-198907,19881020,0.35938,0.35938,0.35938,0.35938,116026,0.35938
CRCD-198907,19881021,0.39063,0.39063,0.39063,0.39063,741900,0.39063
CRCD-198907,19881024,0.39063,0.39063,0.39063,0.39063,280900,0.39063
CRCD-198907,19881025,0.35938,0.35938,0.35938,0.35938,87600,0.35938
CRCD-198907,19881026,0.37500,0.37500,0.37500,0.37500,154500,0.37500
CRCD-198907,19881027,0.37500,0.37500,0.37500,0.37500,67400,0.37500
CRCD-198907,19881028,0.37500,0.37500,0.37500,0.37500,16500,0.37500
CRCD-198907,19881031,0.37500,0.37500,0.37500,0.37500,58050,0.37500
CRCD-198907,19881101,0.37500,0.37500,0.37500,0.37500,75600,0.37500
CRCD-198907,19881102,0.35938,0.35938,0.35938,0.35938,126100,0.35938
CRCD-198907,19881103,0.35938,0.35938,0.35938,0.35938,259650,0.35938
CRCD-198907,19881104,0.37500,0.37500,0.37500,0.37500,400930,0.37500
CRCD-198907,19881107,0.37500,0.37500,0.37500,0.37500,257282,0.37500
CRCD-198907,19881108,0.34376,0.34376,0.34376,0.34376,145530,0.34376
CRCD-198907,19881109,0.35938,0.35938,0.35938,0.35938,180400,0.35938
CRCD-198907,19881110,0.34376,0.34376,0.34376,0.34376,193950,0.34376
CRCD-198907,19881111,0.39063,0.39063,0.39063,0.39063,207200,0.39063
CRCD-198907,19881114,0.42188,0.42188,0.42188,0.42188,504700,0.42188
CRCD-198907,19881115,0.40626,0.40626,0.40626,0.40626,246800,0.40626
CRCD-198907,19881116,0.37500,0.37500,0.37500,0.37500,210856,0.37500
CRCD-198907,19881117,0.37500,0.37500,0.37500,0.37500,90626,0.37500
CRCD-198907,19881118,0.34376,0.34376,0.34376,0.34376,153016,0.34376
CRCD-198907,19881121,0.34376,0.34376,0.34376,0.34376,33450,0.34376
CRCD-198907,19881122,0.34376,0.34376,0.34376,0.34376,23650,0.34376
CRCD-198907,19881123,0.35938,0.35938,0.35938,0.35938,90300,0.35938
CRCD-198907,19881125,0.34376,0.34376,0.34376,0.34376,4500,0.34376
CRCD-198907,19881128,0.34376,0.34376,0.34376,0.34376,57300,0.34376
CRCD-198907,19881129,0.32813,0.32813,0.32813,0.32813,50306,0.32813
CRCD-198907,19881130,0.29688,0.29688,0.29688,0.29688,244900,0.29688
CRCD-198907,19881201,0.29688,0.29688,0.29688,0.29688,65350,0.29688
CRCD-198907,19881202,0.29688,0.29688,0.29688,0.29688,56850,0.29688
CRCD-198907,19881205,0.28126,0.28126,0.28126,0.28126,101406,0.28126
CRCD-198907,19881206,0.26563,0.26563,0.26563,0.26563,151600,0.26563
CRCD-198907,19881207,0.28126,0.28126,0.28126,0.28126,351676,0.28126
CRCD-198907,19881208,0.31250,0.31250,0.31250,0.31250,678750,0.31250
CRCD-198907,19881209,0.32813,0.32813,0.32813,0.32813,596100,0.32813
CRCD-198907,19881212,0.34376,0.34376,0.34376,0.34376,335330,0.34376
CRCD-198907,19881213,0.34376,0.34376,0.34376,0.34376,215300,0.34376
CRCD-198907,19881214,0.34376,0.34376,0.34376,0.34376,365700,0.34376
CRCD-198907,19881215,0.34376,0.34376,0.34376,0.34376,72320,0.34376
CRCD-198907,19881216,0.35938,0.35938,0.35938,0.35938,171100,0.35938
CRCD-198907,19881219,0.34376,0.34376,0.34376,0.34376,20750,0.34376
CRCD-198907,19881220,0.32813,0.32813,0.32813,0.32813,149300,0.32813
CRCD-198907,19881221,0.32813,0.32813,0.32813,0.32813,47800,0.32813
CRCD-198907,19881222,0.32813,0.32813,0.32813,0.32813,98350,0.32813
CRCD-198907,19881223,0.32813,0.32813,0.32813,0.32813,8200,0.32813
CRCD-198907,19881227,0.32813,0.32813,0.32813,0.32813,67100,0.32813
CRCD-198907,19881228,0.32813,0.32813,0.32813,0.32813,41900,0.32813
CRCD-198907,19881229,0.32813,0.32813,0.32813,0.32813,24330,0.32813
CRCD-198907,19881230,0.32813,0.32813,0.32813,0.32813,142500,0.32813
CRCD-198907,19890103,0.29688,0.29688,0.29688,0.29688,174636,0.29688
CRCD-198907,19890104,0.29688,0.29688,0.29688,0.29688,59760,0.29688
CRCD-198907,19890105,0.29688,0.29688,0.29688,0.29688,61350,0.29688
CRCD-198907,19890106,0.29688,0.29688,0.29688,0.29688,195150,0.29688
CRCD-198907,19890109,0.28126,0.28126,0.28126,0.28126,57730,0.28126
CRCD-198907,19890110,0.29688,0.29688,0.29688,0.29688,152400,0.29688
CRCD-198907,19890111,0.29688,0.29688,0.29688,0.29688,90500,0.29688
CRCD-198907,19890112,0.29688,0.29688,0.29688,0.29688,33300,0.29688
CRCD-198907,19890113,0.29688,0.29688,0.29688,0.29688,105500,0.29688
CRCD-198907,19890116,0.29688,0.29688,0.29688,0.29688,26600,0.29688
CRCD-198907,19890117,0.29688,0.29688,0.29688,0.29688,102100,0.29688
CRCD-198907,19890118,0.29688,0.29688,0.29688,0.29688,149100,0.29688
CRCD-198907,19890119,0.28126,0.28126,0.28126,0.28126,207500,0.28126
CRCD-198907,19890120,0.28126,0.28126,0.28126,0.28126,122232,0.28126
CRCD-198907,19890123,0.26563,0.26563,0.26563,0.26563,38938,0.26563
CRCD-198907,19890124,0.26563,0.26563,0.26563,0.26563,151126,0.26563
CRCD-198907,19890125,0.26563,0.26563,0.26563,0.26563,75600,0.26563
CRCD-198907,19890126,0.28126,0.28126,0.28126,0.28126,101000,0.28126
CRCD-198907,19890127,0.28126,0.28126,0.28126,0.28126,80000,0.28126
CRCD-198907,19890130,0.28126,0.28126,0.28126,0.28126,101800,0.28126
CRCD-198907,19890131,0.28126,0.28126,0.28126,0.28126,167400,0.28126
CRCD-198907,19890201,0.25000,0.25000,0.25000,0.25000,76800,0.25000
CRCD-198907,19890202,0.25000,0.25000,0.25000,0.25000,96200,0.25000
CRCD-198907,19890203,0.26563,0.26563,0.26563,0.26563,468900,0.26563
CRCD-198907,19890206,0.25000,0.25000,0.25000,0.25000,84000,0.25000
CRCD-198907,19890207,0.23438,0.23438,0.23438,0.23438,121500,0.23438
CRCD-198907,19890208,0.25000,0.25000,0.25000,0.25000,156400,0.25000
CRCD-198907,19890209,0.25000,0.25000,0.25000,0.25000,139140,0.25000
CRCD-198907,19890210,0.25000,0.25000,0.25000,0.25000,62500,0.25000
CRCD-198907,19890213,0.25000,0.25000,0.25000,0.25000,82700,0.25000
CRCD-198907,19890214,0.23438,0.23438,0.23438,0.23438,76800,0.23438
CRCD-198907,19890215,0.23438,0.23438,0.23438,0.23438,95600,0.23438
CRCD-198907,19890216,0.23438,0.23438,0.23438,0.23438,73080,0.23438
CRCD-198907,19890217,0.20313,0.20313,0.20313,0.20313,205070,0.20313
CRCD-198907,19890221,0.18750,0.18750,0.18750,0.18750,101000,0.18750
CRCD-198907,19890222,0.17188,0.17188,0.17188,0.17188,139900,0.17188
CRCD-198907,19890223,0.17188,0.17188,0.17188,0.17188,128200,0.17188
CRCD-198907,19890224,0.17188,0.17188,0.17188,0.17188,97400,0.17188
CRCD-198907,19890227,0.20313,0.20313,0.20313,0.20313,123000,0.20313
CRCD-198907,19890228,0.20313,0.20313,0.20313,0.20313,56200,0.20313
CRCD-198907,19890301,0.21876,0.21876,0.21876,0.21876,225800,0.21876
CRCD-198907,19890302,0.20313,0.20313,0.20313,0.20313,94000,0.20313
CRCD-198907,19890303,0.20313,0.20313,0.20313,0.20313,281910,0.20313
CRCD-198907,19890306,0.20313,0.20313,0.20313,0.20313,22100,0.20313
CRCD-198907,19890307,0.20313,0.20313,0.20313,0.20313,25750,0.20313
CRCD-198907,19890308,0.20313,0.20313,0.20313,0.20313,419900,0.20313
CRCD-198907,19890309,0.20313,0.20313,0.20313,0.20313,97300,0.20313
CRCD-198907,19890310,0.20313,0.20313,0.20313,0.20313,102200,0.20313
CRCD-198907,19890313,0.20313,0.20313,0.20313,0.20313,402800,0.20313
CRCD-198907,19890314,0.20313,0.20313,0.20313,0.20313,199400,0.20313
CRCD-198907,19890315,0.20313,0.20313,0.20313,0.20313,235200,0.20313
CRCD-198907,19890316,0.18750,0.18750,0.18750,0.18750,83800,0.18750
CRCD-198907,19890317,0.18750,0.18750,0.18750,0.18750,45700,0.18750
CRCD-198907,19890320,0.18750,0.18750,0.18750,0.18750,37900,0.18750
CRCD-198907,19890321,0.18750,0.18750,0.18750,0.18750,113564,0.18750
CRCD-198907,19890322,0.18750,0.18750,0.18750,0.18750,173374,0.18750
CRCD-198907,19890323,0.18750,0.18750,0.18750,0.18750,5146,0.18750
CRCD-198907,19890327,0.15626,0.15626,0.15626,0.15626,107900,0.15626
CRCD-198907,19890328,0.15626,0.15626,0.15626,0.15626,105500,0.15626
CRCD-198907,19890329,0.15626,0.15626,0.15626,0.15626,177500,0.15626
CRCD-198907,19890330,0.15626,0.15626,0.15626,0.15626,120936,0.15626
CRCD-198907,19890331,0.17188,0.17188,0.17188,0.17188,229942,0.17188
CRCD-198907,19890403,0.17188,0.17188,0.17188,0.17188,104300,0.17188
CRCD-198907,19890404,0.18750,0.18750,0.18750,0.18750,687520,0.18750
CRCD-198907,19890405,0.18750,0.18750,0.18750,0.18750,52600,0.18750
CRCD-198907,19890406,0.18750,0.18750,0.18750,0.18750,230000,0.18750
CRCD-198907,19890407,0.18750,0.18750,0.18750,0.18750,117750,0.18750
CRCD-198907,19890410,0.18750,0.18750,0.18750,0.18750,140000,0.18750
CRCD-198907,19890411,0.20313,0.20313,0.20313,0.20313,131000,0.20313
CRCD-198907,19890412,0.20313,0.20313,0.20313,0.20313,380500,0.20313
CRCD-198907,19890413,0.20313,0.20313,0.20313,0.20313,14100,0.20313
CRCD-198907,19890414,0.20313,0.20313,0.20313,0.20313,200800,0.20313
CRCD-198907,19890417,0.20313,0.20313,0.20313,0.20313,65500,0.20313
CRCD-198907,19890418,0.23438,0.23438,0.23438,0.23438,76100,0.23438
CRCD-198907,19890419,0.23438,0.23438,0.23438,0.23438,496800,0.23438
CRCD-198907,19890420,0.21876,0.21876,0.21876,0.21876,230200,0.21876
CRCD-198907,19890421,0.21876,0.21876,0.21876,0.21876,125650,0.21876
CRCD-198907,19890424,0.21876,0.21876,0.21876,0.21876,217800,0.21876
CRCD-198907,19890425,0.21876,0.21876,0.21876,0.21876,9000,0.21876
CRCD-198907,19890426,0.21876,0.21876,0.21876,0.21876,34400,0.21876
CRCD-198907,19890427,0.20313,0.20313,0.20313,0.20313,375500,0.20313
CRCD-198907,19890428,0.18750,0.18750,0.18750,0.18750,86900,0.18750
CRCD-198907,19890501,0.18750,0.18750,0.18750,0.18750,205400,0.18750
CRCD-198907,19890502,0.18750,0.18750,0.18750,0.18750,115000,0.18750
CRCD-198907,19890503,0.18750,0.18750,0.18750,0.18750,15000,0.18750
CRCD-198907,19890504,0.17188,0.17188,0.17188,0.17188,106500,0.17188
CRCD-198907,19890505,0.17188,0.17188,0.17188,0.17188,113000,0.17188
CRCD-198907,19890508,0.17188,0.17188,0.17188,0.17188,57300,0.17188
CRCD-198907,19890509,0.17188,0.17188,0.17188,0.17188,22200,0.17188
CRCD-198907,19890510,0.17188,0.17188,0.17188,0.17188,61700,0.17188
CRCD-198907,19890511,0.17188,0.17188,0.17188,0.17188,25100,0.17188
CRCD-198907,19890512,0.17188,0.17188,0.17188,0.17188,66276,0.17188
CRCD-198907,19890515,0.17188,0.17188,0.17188,0.17188,106750,0.17188
CRCD-198907,19890516,0.18750,0.18750,0.18750,0.18750,252100,0.18750
CRCD-198907,19890517,0.20313,0.20313,0.20313,0.20313,233400,0.20313
CRCD-198907,19890518,0.29688,0.29688,0.29688,0.29688,437250,0.29688
CRCD-198907,19890519,0.23438,0.23438,0.23438,0.23438,366134,0.23438
CRCD-198907,19890522,0.23438,0.23438,0.23438,0.23438,38400,0.23438
CRCD-198907,19890523,0.23438,0.23438,0.23438,0.23438,41800,0.23438
CRCD-198907,19890524,0.23438,0.23438,0.23438,0.23438,122500,0.23438
CRCD-198907,19890525,0.20313,0.20313,0.20313,0.20313,141000,0.20313
CRCD-198907,19890526,0.20313,0.20313,0.20313,0.20313,90000,0.20313
CRCD-198907,19890530,0.20313,0.20313,0.20313,0.20313,42000,0.20313
CRCD-198907,19890531,0.18750,0.18750,0.18750,0.18750,105800,0.18750
CRCD-198907,19890601,0.18750,0.18750,0.18750,0.18750,81500,0.18750
CRCD-198907,19890602,0.21876,0.21876,0.21876,0.21876,768700,0.21876
CRCD-198907,19890605,0.21876,0.21876,0.21876,0.21876,251900,0.21876
CRCD-198907,19890606,0.25000,0.25000,0.25000,0.25000,527300,0.25000
CRCD-198907,19890607,0.25000,0.25000,0.25000,0.25000,162800,0.25000
CRCD-198907,19890608,0.25000,0.25000,0.25000,0.25000,103250,0.25000
CRCD-198907,19890609,0.25000,0.25000,0.25000,0.25000,72000,0.25000
CRCD-198907,19890612,0.23438,0.23438,0.23438,0.23438,53000,0.23438
CRCD-198907,19890613,0.23438,0.23438,0.23438,0.23438,79900,0.23438
CRCD-198907,19890614,0.23438,0.23438,0.23438,0.23438,20500,0.23438
CRCD-198907,19890615,0.23438,0.23438,0.23438,0.23438,108500,0.23438
CRCD-198907,19890616,0.23438,0.23438,0.23438,0.23438,84400,0.23438
CRCD-198907,19890619,0.23438,0.23438,0.23438,0.23438,69500,0.23438
CRCD-198907,19890620,0.20313,0.20313,0.20313,0.20313,152050,0.20313
CRCD-198907,19890621,0.23438,0.23438,0.23438,0.23438,77200,0.23438
CRCD-198907,19890622,0.23438,0.23438,0.23438,0.23438,108390,0.23438
CRCD-198907,19890623,0.23438,0.23438,0.23438,0.23438,117150,0.23438
CRCD-198907,19890626,0.23438,0.23438,0.23438,0.23438,106000,0.23438
CRCD-198907,19890627,0.20313,0.20313,0.20313,0.20313,138500,0.20313
CRCD-198907,19890628,0.20313,0.20313,0.20313,0.20313,16000,0.20313
CRCD-198907,19890629,0.20313,0.20313,0.20313,0.20313,51500,0.20313
CRCD-198907,19890630,0.20313,0.20313,0.20313,0.20313,62000,0.20313
CRCD-198907,19890703,0.20313,0.20313,0.20313,0.20313,46530,0.20313
CRCD-198907,19890705,0.20313,0.20313,0.20313,0.20313,2500,0.20313
CRCD-198907,19890706,0.20313,0.20313,0.20313,0.20313,37400,0.20313
CRCD-198907,19890707,0.20313,0.20313,0.20313,0.20313,33036,0.20313
CRCD-198907,19890710,0.20313,0.20313,0.20313,0.20313,124140,0.20313
CRCD-198907,19890711,0.20313,0.20313,0.20313,0.20313,83200,0.20313
CRCD-198907,19890712,0.18750,0.18750,0.18750,0.18750,86826,0.18750
CRCD-198907,19890713,0.18750,0.18750,0.18750,0.18750,67100,0.18750
CRCD-198907,19890714,0.17188,0.17188,0.17188,0.17188,22000,0.17188
CRCD-198907,19890717,0.17188,0.17188,0.17188,0.17188,500,0.17188
CRCD-198907,19890718,0.17188,0.17188,0.17188,0.17188,178100,0.17188
CRCD-198907,19890719,0.15626,0.15626,0.15626,0.15626,123550,0.15626
CRCD-198907,19890720,0.15626,0.15626,0.15626,0.15626,155400,0.15626
CRCD-198907,19890721,0.17188,0.17188,0.17188,0.17188,71500,0.17188
CRCD-198907,19890724,0.15626,0.15626,0.15626,0.15626,54070,0.15626
