Ticker,Date,Open,High,Low,Close,Volume,Open Interest
CSV-199007,19850102,7.50000,7.50000,7.50000,7.50000,6000,7.50000
CSV-199007,19850103,7.50000,7.50000,7.50000,7.50000,32950,7.50000
CSV-199007,19850104,7.50000,7.50000,7.50000,7.50000,12,7.50000
CSV-199007,19850107,7.50000,7.50000,7.50000,7.50000,8500,7.50000
CSV-199007,19850108,7.62500,7.62500,7.62500,7.62500,22100,7.62500
CSV-199007,19850109,7.62500,7.62500,7.62500,7.62500,126,7.62500
CSV-199007,19850110,7.62500,7.62500,7.62500,7.62500,83700,7.62500
CSV-199007,19850111,7.62500,7.62500,7.62500,7.62500,57400,7.62500
CSV-199007,19850114,7.75000,7.75000,7.75000,7.75000,218,7.75000
CSV-199007,19850115,7.75000,7.75000,7.75000,7.75000,239600,7.75000
CSV-199007,19850116,8.37500,8.37500,8.37500,8.37500,29900,8.37500
CSV-199007,19850117,9.00000,9.00000,9.00000,9.00000,26656,9.00000
CSV-199007,19850118,9.00000,9.00000,9.00000,9.00000,15100,9.00000
CSV-199007,19850121,9.00000,9.00000,9.00000,9.00000,5300,9.00000
CSV-199007,19850122,9.00000,9.00000,9.00000,9.00000,2550,9.00000
CSV-199007,19850123,9.00000,9.00000,9.00000,9.00000,3600,9.00000
CSV-199007,19850124,9.12500,9.12500,9.12500,9.12500,16250,9.12500
CSV-199007,19850125,9.25000,9.25000,9.25000,9.25000,10300,9.25000
CSV-199007,19850128,9.50000,9.50000,9.50000,9.50000,10848,9.50000
CSV-199007,19850129,9.25000,9.25000,9.25000,9.25000,13000,9.25000
CSV-199007,19850130,9.25000,9.25000,9.25000,9.25000,5000,9.25000
CSV-199007,19850131,9.37500,9.37500,9.37500,9.37500,2200,9.37500
CSV-199007,19850201,9.50000,9.50000,9.50000,9.50000,3200,9.50000
CSV-199007,19850204,9.50000,9.50000,9.50000,9.50000,9200,9.50000
CSV-199007,19850205,9.75000,9.75000,9.75000,9.75000,18414,9.75000
CSV-199007,19850206,9.75000,9.75000,9.75000,9.75000,31400,9.75000
CSV-199007,19850207,9.62500,9.62500,9.62500,9.62500,7200,9.62500
CSV-199007,19850208,9.50000,9.50000,9.50000,9.50000,106,9.50000
CSV-199007,19850211,9.50000,9.50000,9.50000,9.50000,5100,9.50000
CSV-199007,19850212,9.50000,9.50000,9.50000,9.50000,3600,9.50000
CSV-199007,19850213,9.50000,9.50000,9.50000,9.50000,4910,9.50000
CSV-199007,19850214,9.50000,9.50000,9.50000,9.50000,1100,9.50000
CSV-199007,19850215,9.50000,9.50000,9.50000,9.50000,12710,9.50000
CSV-199007,19850219,9.25000,9.25000,9.25000,9.25000,5200,9.25000
CSV-199007,19850220,9.00000,9.00000,9.00000,9.00000,7362,9.00000
CSV-199007,19850221,9.12500,9.12500,9.12500,9.12500,10100,9.12500
CSV-199007,19850222,9.12500,9.12500,9.12500,9.12500,1502,9.12500
CSV-199007,19850225,9.12500,9.12500,9.12500,9.12500,6350,9.12500
CSV-199007,19850226,9.12500,9.12500,9.12500,9.12500,600,9.12500
CSV-199007,19850227,9.12500,9.12500,9.12500,9.12500,1000,9.12500
CSV-199007,19850228,8.87500,8.87500,8.87500,8.87500,7068,8.87500
CSV-199007,19850301,8.87500,8.87500,8.87500,8.87500,1200,8.87500
CSV-199007,19850304,8.87500,8.87500,8.87500,8.87500,4076,8.87500
CSV-199007,19850305,9.00000,9.00000,9.00000,9.00000,2000,9.00000
CSV-199007,19850306,8.87500,8.87500,8.87500,8.87500,4000,8.87500
CSV-199007,19850307,8.87500,8.87500,8.87500,8.87500,2000,8.87500
CSV-199007,19850308,8.87500,8.87500,8.87500,8.87500,5000,8.87500
CSV-199007,19850311,8.87500,8.87500,8.87500,8.87500,4206,8.87500
CSV-199007,19850312,8.87500,8.87500,8.87500,8.87500,1000,8.87500
CSV-199007,19850313,8.87500,8.87500,8.87500,8.87500,650,8.87500
CSV-199007,19850314,8.75000,8.75000,8.75000,8.75000,4046,8.75000
CSV-199007,19850315,8.62500,8.62500,8.62500,8.62500,1630,8.62500
CSV-199007,19850318,8.50000,8.50000,8.50000,8.50000,6500,8.50000
CSV-199007,19850319,8.25000,8.25000,7.87500,7.87500,12002,7.87500
CSV-199007,19850320,8.12500,8.12500,7.75000,7.75000,7850,7.75000
CSV-199007,19850321,7.75000,8.00000,7.50000,7.62500,32800,7.62500
CSV-199007,19850322,8.00000,8.00000,7.87500,7.87500,3600,7.87500
CSV-199007,19850325,7.87500,7.87500,7.62500,7.62500,3900,7.62500
CSV-199007,19850326,7.62500,7.75000,7.62500,7.75000,12500,7.75000
CSV-199007,19850327,7.75000,8.00000,7.62500,7.75000,4400,7.75000
CSV-199007,19850328,8.00000,8.00000,8.00000,8.00000,1700,8.00000
CSV-199007,19850329,7.75000,8.00000,7.75000,8.00000,5100,8.00000
CSV-199007,19850401,8.00000,8.00000,8.00000,8.00000,1000,8.00000
CSV-199007,19850402,8.00000,8.00000,8.00000,8.00000,3000,8.00000
CSV-199007,19850403,8.00000,8.00000,8.00000,8.00000,2000,8.00000
CSV-199007,19850404,7.87500,8.12500,7.87500,8.12500,8240,8.12500
CSV-199007,19850408,8.12500,8.12500,7.87500,7.87500,1700,7.87500
CSV-199007,19850409,7.87500,8.12500,7.87500,8.12500,7500,8.12500
CSV-199007,19850410,8.25000,8.37500,8.25000,8.37500,6000,8.37500
CSV-199007,19850411,8.37500,8.37500,8.37500,8.37500,1500,8.37500
CSV-199007,19850412,8.00000,8.25000,7.75000,8.00000,1241700,8.00000
CSV-199007,19850415,8.50000,8.50000,8.00000,8.00000,1200,8.00000
CSV-199007,19850416,8.50000,8.50000,8.50000,8.50000,100,8.50000
CSV-199007,19850417,8.50000,8.87500,8.50000,8.87500,12500,8.87500
CSV-199007,19850418,8.75000,8.75000,8.50000,8.50000,3700,8.50000
CSV-199007,19850419,9.00000,9.00000,8.75000,8.75000,14000,8.75000
CSV-199007,19850422,8.62500,8.62500,8.62500,8.62500,200,8.62500
CSV-199007,19850423,8.50000,9.00000,8.50000,9.00000,127300,9.00000
CSV-199007,19850424,9.00000,9.00000,8.75000,8.75000,6400,8.75000
CSV-199007,19850425,8.75000,9.25000,8.75000,9.25000,6834,9.25000
CSV-199007,19850426,9.00000,9.37500,9.00000,9.37500,32600,9.37500
CSV-199007,19850429,9.25000,9.37500,9.12500,9.25000,8000,9.25000
CSV-199007,19850430,9.37500,9.37500,9.00000,9.00000,29788,9.00000
CSV-199007,19850501,9.00000,9.00000,8.87500,8.87500,4700,8.87500
CSV-199007,19850502,8.75000,9.00000,8.50000,8.75000,9900,8.75000
CSV-199007,19850503,8.37500,8.37500,8.37500,8.37500,2500,8.37500
CSV-199007,19850506,8.62500,8.62500,8.37500,8.37500,5100,8.37500
CSV-199007,19850507,8.50000,8.50000,8.25000,8.25000,8370,8.25000
CSV-199007,19850508,8.50000,8.50000,8.25000,8.25000,2500,8.25000
CSV-199007,19850509,8.50000,8.50000,8.50000,8.50000,800,8.50000
CSV-199007,19850510,8.50000,8.50000,8.25000,8.25000,23300,8.25000
CSV-199007,19850513,8.50000,8.50000,8.50000,8.50000,800,8.50000
CSV-199007,19850514,8.37500,8.50000,8.25000,8.37500,2000,8.37500
CSV-199007,19850515,8.37500,8.37500,8.25000,8.25000,12600,8.25000
CSV-199007,19850516,8.25000,8.50000,8.12500,8.37500,28400,8.37500
CSV-199007,19850517,8.37500,8.50000,8.25000,8.37500,5800,8.37500
CSV-199007,19850520,8.50000,9.00000,8.12500,8.37500,42612,8.37500
CSV-199007,19850521,8.75000,9.25000,8.75000,9.25000,57748,9.25000
CSV-199007,19850522,9.75000,10.00000,9.37500,9.62500,116476,9.62500
CSV-199007,19850523,9.87500,9.87500,9.62500,9.62500,16600,9.62500
CSV-199007,19850524,9.62500,9.75000,9.50000,9.62500,25926,9.62500
CSV-199007,19850528,9.62500,9.87500,9.62500,9.87500,14200,9.87500
CSV-199007,19850529,9.75000,9.87500,9.62500,9.75000,27200,9.75000
CSV-199007,19850530,9.62500,9.75000,9.62500,9.75000,7200,9.75000
CSV-199007,19850531,10.00000,10.25000,9.62500,10.12500,48680,10.12500
CSV-199007,19850603,10.25000,11.25000,10.25000,11.25000,103500,11.25000
CSV-199007,19850604,11.50000,12.12500,11.00000,12.00000,165086,12.00000
CSV-199007,19850605,12.25000,12.50000,11.87500,12.25000,127056,12.25000
CSV-199007,19850606,12.25000,12.62500,12.25000,12.62500,73550,12.62500
CSV-199007,19850607,12.25000,12.62500,12.00000,12.25000,58468,12.25000
CSV-199007,19850610,12.00000,12.25000,12.00000,12.25000,8650,12.25000
CSV-199007,19850611,12.00000,12.25000,12.00000,12.25000,32000,12.25000
CSV-199007,19850612,12.00000,12.25000,12.00000,12.25000,35484,12.25000
CSV-199007,19850613,12.25000,12.25000,12.00000,12.00000,9300,12.00000
CSV-199007,19850614,12.25000,12.25000,12.00000,12.00000,21300,12.00000
CSV-199007,19850617,12.00000,12.12500,11.87500,12.00000,29600,12.00000
CSV-199007,19850618,12.00000,12.00000,11.50000,11.50000,191336,11.50000
CSV-199007,19850619,11.75000,12.00000,11.62500,11.75000,16070,11.75000
CSV-199007,19850620,12.00000,12.00000,11.75000,11.75000,3200,11.75000
CSV-199007,19850621,12.00000,12.00000,11.62500,11.62500,33100,11.62500
CSV-199007,19850624,11.50000,11.75000,11.50000,11.75000,1600,11.75000
CSV-199007,19850625,11.75000,11.75000,11.50000,11.50000,12250,11.50000
CSV-199007,19850626,11.50000,11.75000,11.50000,11.75000,8300,11.75000
CSV-199007,19850627,11.62500,11.75000,11.62500,11.75000,26200,11.75000
CSV-199007,19850628,11.62500,12.00000,11.62500,12.00000,25900,12.00000
CSV-199007,19850701,11.75000,12.12500,11.75000,12.12500,54800,12.12500
CSV-199007,19850702,12.00000,12.75000,12.00000,12.75000,60710,12.75000
CSV-199007,19850703,12.62500,12.75000,12.50000,12.62500,20976,12.62500
CSV-199007,19850705,12.50000,12.87500,12.50000,12.87500,39650,12.87500
CSV-199007,19850708,13.25000,13.25000,12.87500,12.87500,38138,12.87500
CSV-199007,19850709,13.00000,13.75000,13.00000,13.75000,67954,13.75000
CSV-199007,19850710,14.00000,14.37500,13.50000,14.12500,72860,14.12500
CSV-199007,19850711,14.25000,14.50000,14.12500,14.25000,62760,14.25000
CSV-199007,19850712,14.25000,14.50000,13.87500,14.12500,56944,14.12500
CSV-199007,19850715,13.87500,14.12500,13.87500,14.12500,22926,14.12500
CSV-199007,19850716,13.87500,14.12500,13.87500,14.12500,54600,14.12500
CSV-199007,19850717,14.00000,14.25000,13.87500,14.00000,30570,14.00000
CSV-199007,19850718,14.25000,14.37500,14.00000,14.12500,22550,14.12500
CSV-199007,19850719,14.12500,14.25000,14.00000,14.12500,28000,14.12500
CSV-199007,19850722,14.00000,14.12500,13.75000,14.00000,17700,14.00000
CSV-199007,19850723,13.62500,14.00000,13.25000,13.50000,23170,13.50000
CSV-199007,19850724,13.50000,13.50000,13.25000,13.25000,12104,13.25000
CSV-199007,19850725,13.50000,13.87500,13.25000,13.75000,170400,13.75000
CSV-199007,19850726,13.62500,13.87500,13.37500,13.62500,145100,13.62500
CSV-199007,19850729,13.75000,13.75000,12.50000,12.50000,56176,12.50000
CSV-199007,19850730,12.50000,12.87500,12.50000,12.87500,21650,12.87500
CSV-199007,19850731,13.25000,13.25000,12.87500,12.87500,14960,12.87500
CSV-199007,19850801,13.00000,13.25000,13.00000,13.25000,53200,13.25000
CSV-199007,19850802,13.50000,13.50000,13.12500,13.12500,28324,13.12500
CSV-199007,19850805,13.25000,13.25000,12.87500,12.87500,14150,12.87500
CSV-199007,19850806,13.00000,13.12500,12.75000,13.00000,17600,13.00000
CSV-199007,19850807,12.50000,12.75000,12.37500,12.62500,9900,12.62500
CSV-199007,19850808,12.37500,13.00000,12.37500,13.00000,19700,13.00000
CSV-199007,19850809,13.00000,13.25000,12.87500,13.12500,63226,13.12500
CSV-199007,19850812,13.00000,13.25000,13.00000,13.25000,4800,13.25000
CSV-199007,19850813,12.87500,13.25000,12.87500,13.25000,10500,13.25000
CSV-199007,19850814,13.25000,13.25000,12.87500,12.87500,24400,12.87500
CSV-199007,19850815,13.00000,13.25000,12.87500,13.12500,49000,13.12500
CSV-199007,19850816,13.00000,13.12500,12.75000,13.00000,11400,13.00000
CSV-199007,19850819,12.87500,12.87500,12.37500,12.37500,11650,12.37500
CSV-199007,19850820,12.62500,12.87500,12.37500,12.75000,17760,12.75000
CSV-199007,19850821,12.50000,13.00000,12.50000,13.00000,13600,13.00000
CSV-199007,19850822,12.87500,13.25000,12.87500,13.25000,47850,13.25000
CSV-199007,19850823,13.00000,13.25000,12.75000,13.00000,9350,13.00000
CSV-199007,19850826,12.75000,13.12500,12.75000,13.12500,1100,13.12500
CSV-199007,19850827,12.75000,13.12500,12.75000,13.12500,1700,13.12500
CSV-199007,19850828,13.00000,13.12500,12.75000,13.00000,13086,13.00000
CSV-199007,19850829,13.00000,13.00000,12.75000,12.75000,9536,12.75000
CSV-199007,19850830,12.87500,13.00000,12.75000,12.87500,29550,12.87500
CSV-199007,19850903,12.87500,13.00000,12.75000,12.87500,28050,12.87500
CSV-199007,19850904,12.62500,12.75000,12.62500,12.75000,3100,12.75000
CSV-199007,19850905,12.62500,12.87500,12.62500,12.87500,2000,12.87500
CSV-199007,19850906,12.75000,12.87500,12.62500,12.75000,19600,12.75000
CSV-199007,19850909,12.62500,12.87500,12.62500,12.87500,2500,12.87500
CSV-199007,19850910,12.87500,12.87500,12.62500,12.62500,15232,12.62500
CSV-199007,19850911,12.62500,12.62500,12.62500,12.62500,10300,12.62500
CSV-199007,19850912,12.50000,12.50000,12.00000,12.00000,31400,12.00000
CSV-199007,19850913,12.12500,12.25000,12.00000,12.12500,9760,12.12500
CSV-199007,19850916,12.00000,12.12500,11.75000,12.00000,16500,12.00000
CSV-199007,19850917,12.00000,12.00000,11.62500,11.62500,364700,11.62500
CSV-199007,19850918,11.87500,11.87500,11.00000,11.00000,23250,11.00000
CSV-199007,19850919,11.12500,11.37500,11.12500,11.37500,14288,11.37500
CSV-199007,19850920,11.25000,11.50000,11.25000,11.50000,17350,11.50000
CSV-199007,19850923,11.25000,11.62500,11.25000,11.62500,3500,11.62500
CSV-199007,19850924,11.37500,11.75000,11.37500,11.75000,10366,11.75000
CSV-199007,19850925,11.75000,11.75000,11.37500,11.37500,4600,11.37500
CSV-199007,19850926,11.50000,11.75000,11.37500,11.62500,11700,11.62500
CSV-199007,19850930,11.37500,11.62500,11.37500,11.62500,5716,11.62500
CSV-199007,19851001,11.37500,11.75000,11.37500,11.75000,13926,11.75000
CSV-199007,19851002,11.87500,11.87500,11.50000,11.50000,6940,11.50000
CSV-199007,19851003,11.62500,11.87500,11.62500,11.87500,1000,11.87500
CSV-199007,19851004,11.62500,11.62500,11.62500,11.62500,2000,11.62500
CSV-199007,19851007,11.62500,11.62500,11.62500,11.62500,4200,11.62500
CSV-199007,19851008,11.62500,11.75000,11.62500,11.75000,12700,11.75000
CSV-199007,19851009,11.75000,11.87500,11.62500,11.75000,3700,11.75000
CSV-199007,19851010,12.00000,12.25000,11.62500,12.00000,170180,12.00000
CSV-199007,19851011,12.25000,12.25000,12.12500,12.12500,78044,12.12500
CSV-199007,19851014,12.12500,12.25000,12.12500,12.25000,17134,12.25000
CSV-199007,19851015,12.12500,12.37500,12.12500,12.37500,35920,12.37500
CSV-199007,19851016,12.25000,12.62500,12.25000,12.62500,64100,12.62500
CSV-199007,19851017,12.87500,13.12500,12.62500,12.87500,94670,12.87500
CSV-199007,19851018,12.87500,12.87500,12.62500,12.62500,45750,12.62500
CSV-199007,19851021,12.50000,12.75000,12.25000,12.37500,32400,12.37500
CSV-199007,19851022,12.50000,12.62500,12.25000,12.37500,8350,12.37500
CSV-199007,19851023,12.37500,12.62500,12.37500,12.62500,3400,12.62500
CSV-199007,19851024,12.62500,12.62500,12.25000,12.25000,37050,12.25000
CSV-199007,19851025,12.37500,12.50000,12.25000,12.37500,23160,12.37500
CSV-199007,19851028,12.25000,12.37500,12.12500,12.25000,29030,12.25000
CSV-199007,19851029,12.25000,12.25000,12.00000,12.00000,24600,12.00000
CSV-199007,19851030,12.00000,12.25000,11.87500,12.12500,50550,12.12500
CSV-199007,19851031,12.25000,12.62500,12.00000,12.25000,52960,12.25000
CSV-199007,19851101,12.25000,12.25000,12.25000,12.25000,8400,12.25000
CSV-199007,19851104,12.25000,12.37500,12.12500,12.25000,39700,12.25000
CSV-199007,19851105,12.25000,12.37500,12.12500,12.25000,18100,12.25000
CSV-199007,19851106,12.25000,12.37500,12.12500,12.25000,44630,12.25000
CSV-199007,19851107,12.50000,12.50000,12.25000,12.25000,36350,12.25000
CSV-199007,19851108,12.12500,12.37500,12.12500,12.37500,27700,12.37500
CSV-199007,19851111,12.12500,12.50000,12.12500,12.50000,52506,12.50000
CSV-199007,19851112,12.50000,13.37500,12.50000,13.37500,113238,13.37500
CSV-199007,19851113,13.37500,13.62500,13.12500,13.25000,293178,13.25000
CSV-199007,19851114,13.00000,13.62500,13.00000,13.62500,137488,13.62500
CSV-199007,19851115,13.75000,13.75000,13.50000,13.50000,62376,13.50000
CSV-199007,19851118,13.50000,13.75000,13.50000,13.75000,77432,13.75000
CSV-199007,19851119,13.75000,13.75000,13.62500,13.62500,59800,13.62500
CSV-199007,19851120,13.62500,13.87500,13.62500,13.87500,59316,13.87500
CSV-199007,19851121,13.75000,14.62500,13.75000,14.62500,202220,14.62500
CSV-199007,19851122,15.00000,15.62500,14.37500,15.37500,343850,15.37500
CSV-199007,19851125,15.62500,15.62500,15.25000,15.25000,248822,15.25000
CSV-199007,19851126,15.12500,15.37500,14.87500,15.12500,149930,15.12500
CSV-199007,19851127,15.00000,15.12500,14.87500,15.00000,258908,15.00000
CSV-199007,19851129,14.75000,15.12500,14.50000,15.00000,112356,15.00000
CSV-199007,19851202,15.00000,15.25000,14.87500,15.00000,55400,15.00000
CSV-199007,19851203,14.87500,15.00000,14.87500,15.00000,34100,15.00000
CSV-199007,19851204,15.00000,15.75000,15.00000,15.75000,191400,15.75000
CSV-199007,19851205,17.00000,17.87500,16.00000,16.75000,402000,16.75000
CSV-199007,19851206,16.50000,16.87500,16.00000,16.50000,203400,16.50000
CSV-199007,19851209,16.00000,16.37500,15.75000,16.12500,148100,16.12500
CSV-199007,19851210,15.75000,16.12500,15.50000,15.62500,54400,15.62500
CSV-199007,19851211,15.75000,16.62500,15.75000,16.62500,318100,16.62500
CSV-199007,19851212,17.37500,18.12500,16.62500,18.00000,952000,18.00000
CSV-199007,19851213,18.87500,19.50000,18.25000,19.37500,594400,19.37500
CSV-199007,19851216,20.00000,20.37500,19.50000,20.12500,389900,20.12500
CSV-199007,19851217,19.75000,20.12500,19.37500,19.50000,171200,19.50000
CSV-199007,19851218,19.25000,19.50000,18.87500,19.00000,93300,19.00000
CSV-199007,19851219,18.12500,19.00000,18.12500,19.00000,101000,19.00000
CSV-199007,19851220,18.75000,19.00000,18.50000,18.62500,62200,18.62500
CSV-199007,19851223,18.25000,18.62500,17.75000,18.25000,51800,18.25000
CSV-199007,19851224,18.25000,18.37500,18.12500,18.25000,18800,18.25000
CSV-199007,19851226,18.37500,19.12500,18.37500,19.12500,122700,19.12500
CSV-199007,19851227,19.12500,19.75000,19.12500,19.75000,132500,19.75000
CSV-199007,19851230,19.37500,20.00000,19.37500,20.00000,55600,20.00000
CSV-199007,19851231,19.50000,20.00000,19.50000,20.00000,71400,20.00000
CSV-199007,19860102,19.75000,20.00000,19.50000,19.75000,39400,19.75000
CSV-199007,19860103,19.50000,19.75000,19.37500,19.62500,49100,19.62500
CSV-199007,19860106,19.62500,19.87500,19.62500,19.87500,37700,19.87500
CSV-199007,19860107,20.75000,21.50000,19.87500,21.25000,256300,21.25000
CSV-199007,19860108,20.25000,21.37500,19.12500,19.25000,127500,19.25000
CSV-199007,19860109,18.25000,18.87500,17.75000,18.62500,281900,18.62500
CSV-199007,19860110,18.75000,19.00000,18.37500,18.75000,106800,18.75000
CSV-199007,19860113,19.00000,19.00000,18.50000,18.50000,38800,18.50000
CSV-199007,19860114,18.37500,18.62500,18.37500,18.62500,42900,18.62500
CSV-199007,19860115,18.75000,19.87500,18.75000,19.87500,102800,19.87500
CSV-199007,19860116,19.75000,20.25000,19.37500,19.75000,74000,19.75000
CSV-199007,19860117,20.00000,20.00000,19.50000,19.50000,31000,19.50000
CSV-199007,19860120,18.87500,19.12500,18.62500,18.87500,43000,18.87500
CSV-199007,19860121,18.75000,19.12500,18.25000,18.62500,47200,18.62500
CSV-199007,19860122,18.75000,19.00000,18.50000,18.75000,32100,18.75000
CSV-199007,19860123,18.37500,18.75000,18.37500,18.75000,49800,18.75000
CSV-199007,19860124,18.87500,18.87500,18.37500,18.37500,35200,18.37500
CSV-199007,19860127,19.00000,19.50000,18.37500,19.25000,171100,19.25000
CSV-199007,19860128,20.00000,20.00000,19.25000,19.25000,178400,19.25000
CSV-199007,19860129,20.00000,20.37500,19.62500,19.87500,187000,19.87500
CSV-199007,19860130,19.87500,19.87500,18.87500,18.87500,78900,18.87500
CSV-199007,19860131,19.00000,19.37500,18.62500,19.00000,28000,19.00000
CSV-199007,19860203,19.25000,19.50000,18.87500,19.37500,37700,19.37500
CSV-199007,19860204,19.50000,19.75000,19.12500,19.37500,70900,19.37500
CSV-199007,19860205,19.12500,19.50000,19.12500,19.50000,22300,19.50000
CSV-199007,19860206,19.50000,19.75000,19.25000,19.37500,29700,19.37500
CSV-199007,19860207,19.00000,19.50000,18.50000,18.75000,56500,18.75000
CSV-199007,19860210,18.75000,19.37500,18.75000,19.37500,21000,19.37500
CSV-199007,19860211,19.12500,19.50000,19.12500,19.50000,29000,19.50000
CSV-199007,19860212,19.50000,20.50000,19.50000,20.50000,406600,20.50000
CSV-199007,19860213,20.50000,20.75000,20.25000,20.37500,264000,20.37500
CSV-199007,19860214,20.37500,22.37500,20.37500,22.37500,400000,22.37500
CSV-199007,19860218,22.25000,22.62500,21.87500,22.50000,420700,22.50000
CSV-199007,19860219,22.00000,22.50000,21.62500,21.75000,157400,21.75000
CSV-199007,19860220,22.62500,23.50000,21.75000,23.25000,306000,23.25000
CSV-199007,19860221,24.00000,24.37500,23.62500,24.00000,403400,24.00000
CSV-199007,19860224,24.25000,24.87500,23.62500,23.75000,213700,23.75000
CSV-199007,19860225,23.50000,24.12500,22.75000,23.37500,309400,23.37500
CSV-199007,19860226,23.37500,23.62500,23.12500,23.25000,54300,23.25000
CSV-199007,19860227,23.75000,24.12500,23.50000,24.00000,185600,24.00000
CSV-199007,19860228,24.62500,24.62500,23.75000,23.75000,165300,23.75000
CSV-199007,19860303,23.50000,24.00000,23.00000,23.12500,129200,23.12500
CSV-199007,19860304,23.75000,24.12500,23.25000,23.75000,115100,23.75000
CSV-199007,19860305,23.25000,23.62500,22.87500,23.25000,53200,23.25000
CSV-199007,19860306,23.87500,23.87500,23.62500,23.62500,81500,23.62500
CSV-199007,19860307,24.12500,24.12500,23.00000,23.00000,186100,23.00000
CSV-199007,19860310,22.75000,23.25000,22.12500,22.50000,124900,22.50000
CSV-199007,19860311,22.75000,24.00000,22.75000,24.00000,217200,24.00000
CSV-199007,19860312,24.12500,24.37500,23.87500,24.25000,861900,24.25000
CSV-199007,19860313,24.00000,24.25000,23.87500,24.00000,246100,24.00000
CSV-199007,19860314,24.75000,25.25000,24.25000,25.00000,218100,25.00000
CSV-199007,19860317,26.37500,27.87500,24.87500,27.75000,310700,27.75000
CSV-199007,19860318,27.12500,27.75000,26.50000,27.00000,260900,27.00000
CSV-199007,19860319,27.00000,27.37500,26.62500,27.00000,199100,27.00000
CSV-199007,19860320,26.87500,27.25000,26.50000,27.00000,146400,27.00000
CSV-199007,19860321,26.50000,27.00000,25.87500,26.75000,141300,26.75000
CSV-199007,19860324,27.00000,27.25000,26.75000,26.87500,98800,26.87500
CSV-199007,19860325,26.75000,27.00000,26.50000,26.75000,45700,26.75000
CSV-199007,19860326,27.75000,29.00000,26.50000,28.62500,366900,28.62500
CSV-199007,19860327,29.25000,31.37500,29.25000,31.37500,551500,31.37500
CSV-199007,19860331,31.75000,34.25000,31.75000,34.25000,446000,34.25000
CSV-199007,19860401,32.75000,34.87500,30.75000,31.25000,484000,31.25000
CSV-199007,19860402,32.75000,34.00000,31.37500,33.87500,258800,33.87500
CSV-199007,19860403,32.75000,33.50000,32.00000,32.12500,149700,32.12500
CSV-199007,19860404,31.62500,33.37500,29.87500,30.12500,305900,30.12500
CSV-199007,19860407,31.25000,32.25000,30.12500,31.50000,199500,31.50000
CSV-199007,19860408,32.00000,32.37500,31.75000,32.25000,146900,32.25000
CSV-199007,19860409,33.00000,33.00000,31.62500,31.62500,63900,31.62500
CSV-199007,19860410,32.00000,32.25000,31.62500,32.00000,49700,32.00000
CSV-199007,19860411,31.50000,32.12500,30.87500,31.00000,47600,31.00000
CSV-199007,19860414,31.75000,32.37500,31.00000,32.00000,53500,32.00000
CSV-199007,19860415,31.50000,31.87500,31.12500,31.37500,42400,31.37500
CSV-199007,19860416,31.00000,31.75000,30.37500,31.00000,102800,31.00000
CSV-199007,19860417,30.62500,31.00000,30.25000,30.75000,95100,30.75000
CSV-199007,19860418,30.25000,30.75000,29.62500,30.37500,89900,30.37500
CSV-199007,19860421,30.50000,31.50000,30.50000,31.50000,63300,31.50000
CSV-199007,19860422,31.50000,31.50000,30.62500,30.62500,45900,30.62500
CSV-199007,19860423,31.00000,31.25000,30.62500,31.00000,48300,31.00000
CSV-199007,19860424,31.50000,31.50000,30.62500,30.62500,69300,30.62500
CSV-199007,19860425,29.50000,30.62500,28.50000,28.87500,105100,28.87500
CSV-199007,19860428,27.25000,28.75000,25.75000,27.37500,340900,27.37500
CSV-199007,19860429,27.00000,27.62500,26.25000,26.37500,160800,26.37500
CSV-199007,19860430,26.50000,27.00000,26.12500,26.50000,132300,26.50000
CSV-199007,19860501,27.00000,27.62500,26.50000,27.25000,72600,27.25000
CSV-199007,19860502,27.50000,27.62500,27.25000,27.50000,47400,27.50000
CSV-199007,19860505,27.50000,28.00000,27.50000,28.00000,42900,28.00000
CSV-199007,19860506,14.25000,15.50000,14.25000,15.50000,155100,15.50000
CSV-199007,19860507,15.37500,15.75000,15.00000,15.37500,137900,15.37500
CSV-199007,19860508,15.50000,15.62500,15.25000,15.50000,91600,15.50000
CSV-199007,19860509,15.25000,15.50000,15.12500,15.37500,54000,15.37500
CSV-199007,19860512,15.37500,15.37500,15.00000,15.00000,74100,15.00000
CSV-199007,19860513,15.00000,15.00000,14.37500,14.37500,59400,14.37500
CSV-199007,19860514,14.50000,14.87500,14.50000,14.87500,82100,14.87500
CSV-199007,19860515,14.62500,14.87500,14.37500,14.50000,35900,14.50000
CSV-199007,19860516,14.12500,14.50000,13.75000,13.87500,49700,13.87500
CSV-199007,19860519,13.75000,14.00000,13.37500,13.50000,34700,13.50000
CSV-199007,19860520,13.25000,13.62500,13.00000,13.25000,60100,13.25000
CSV-199007,19860521,13.75000,14.00000,13.37500,13.87500,59000,13.87500
CSV-199007,19860522,14.50000,14.87500,14.00000,14.62500,105900,14.62500
CSV-199007,19860523,14.50000,14.62500,14.25000,14.37500,76600,14.37500
CSV-199007,19860527,14.25000,14.75000,14.25000,14.75000,122700,14.75000
CSV-199007,19860528,14.50000,14.75000,14.12500,14.37500,101200,14.37500
CSV-199007,19860529,14.25000,14.50000,13.87500,14.25000,36700,14.25000
CSV-199007,19860530,14.12500,14.25000,14.00000,14.12500,43900,14.12500
CSV-199007,19860602,14.37500,14.37500,13.50000,13.50000,59700,13.50000
CSV-199007,19860603,13.50000,13.75000,13.25000,13.50000,58800,13.50000
CSV-199007,19860604,13.50000,13.87500,13.25000,13.50000,68600,13.50000
CSV-199007,19860605,13.50000,13.75000,13.37500,13.50000,35100,13.50000
CSV-199007,19860606,13.50000,13.75000,13.50000,13.75000,40400,13.75000
CSV-199007,19860609,13.75000,13.75000,13.12500,13.12500,32100,13.12500
CSV-199007,19860610,12.75000,13.25000,12.12500,12.75000,163300,12.75000
CSV-199007,19860611,12.75000,12.87500,12.50000,12.75000,62600,12.75000
CSV-199007,19860612,12.75000,14.00000,12.75000,14.00000,97000,14.00000
CSV-199007,19860613,14.37500,14.75000,14.00000,14.50000,128800,14.50000
CSV-199007,19860616,14.50000,15.00000,14.12500,14.62500,71000,14.62500
CSV-199007,19860617,14.37500,14.37500,13.87500,13.87500,33600,13.87500
CSV-199007,19860618,13.75000,14.00000,13.50000,13.87500,71100,13.87500
CSV-199007,19860619,13.50000,14.25000,13.50000,14.25000,66600,14.25000
CSV-199007,19860620,14.25000,14.50000,14.00000,14.37500,58500,14.37500
CSV-199007,19860623,14.12500,14.75000,14.12500,14.75000,60200,14.75000
CSV-199007,19860624,15.12500,15.37500,14.87500,15.00000,146400,15.00000
CSV-199007,19860625,15.25000,15.75000,14.87500,15.37500,233900,15.37500
CSV-199007,19860626,15.12500,15.37500,14.87500,15.12500,89900,15.12500
CSV-199007,19860627,14.87500,15.12500,14.62500,14.75000,66300,14.75000
CSV-199007,19860630,14.75000,15.75000,14.75000,15.75000,193600,15.75000
CSV-199007,19860701,15.50000,15.75000,15.25000,15.37500,203300,15.37500
CSV-199007,19860702,15.25000,15.50000,15.12500,15.37500,128400,15.37500
CSV-199007,19860703,15.12500,15.62500,14.62500,14.87500,90000,14.87500
CSV-199007,19860707,14.25000,15.00000,13.50000,13.62500,131700,13.62500
CSV-199007,19860708,13.25000,13.75000,12.62500,13.25000,158500,13.25000
CSV-199007,19860709,13.50000,14.00000,13.00000,13.75000,122800,13.75000
CSV-199007,19860710,13.75000,13.87500,13.50000,13.62500,78700,13.62500
CSV-199007,19860711,14.00000,14.00000,13.75000,13.75000,125500,13.75000
CSV-199007,19860714,13.37500,14.50000,13.37500,14.50000,97600,14.50000
CSV-199007,19860715,14.25000,14.75000,13.87500,14.00000,142400,14.00000
CSV-199007,19860716,14.25000,14.50000,14.00000,14.12500,62600,14.12500
CSV-199007,19860717,14.50000,14.87500,14.12500,14.75000,76100,14.75000
CSV-199007,19860718,15.00000,15.25000,14.62500,15.00000,92200,15.00000
CSV-199007,19860721,15.12500,15.12500,14.50000,14.50000,66700,14.50000
CSV-199007,19860722,15.25000,15.62500,14.75000,15.50000,204500,15.50000
CSV-199007,19860723,15.87500,16.12500,15.62500,15.75000,135900,15.75000
CSV-199007,19860724,15.37500,15.62500,15.12500,15.37500,86000,15.37500
CSV-199007,19860725,15.25000,15.75000,15.25000,15.75000,85500,15.75000
CSV-199007,19860728,14.87500,15.75000,14.00000,14.25000,104300,14.25000
CSV-199007,19860729,14.50000,14.75000,14.25000,14.62500,43000,14.62500
CSV-199007,19860730,14.50000,14.75000,14.12500,14.37500,38300,14.37500
CSV-199007,19860731,14.00000,14.37500,13.75000,13.87500,64100,13.87500
CSV-199007,19860801,13.62500,13.87500,13.37500,13.50000,99200,13.50000
CSV-199007,19860804,13.25000,13.62500,12.75000,13.25000,71700,13.25000
CSV-199007,19860805,13.50000,14.00000,13.12500,13.87500,42700,13.87500
CSV-199007,19860806,13.75000,13.87500,13.50000,13.62500,28500,13.62500
CSV-199007,19860807,13.75000,13.87500,13.50000,13.75000,31700,13.75000
CSV-199007,19860808,13.37500,13.75000,13.37500,13.75000,30300,13.75000
CSV-199007,19860811,13.87500,14.50000,13.87500,14.50000,33600,14.50000
CSV-199007,19860812,14.50000,14.75000,14.12500,14.50000,46100,14.50000
CSV-199007,19860813,14.37500,14.50000,14.25000,14.37500,52500,14.37500
CSV-199007,19860814,14.00000,14.37500,13.62500,14.00000,299900,14.00000
CSV-199007,19860815,14.00000,14.25000,13.87500,14.00000,30100,14.00000
CSV-199007,19860818,14.00000,14.25000,13.75000,13.87500,35400,13.87500
CSV-199007,19860819,14.00000,14.12500,13.87500,14.00000,27000,14.00000
CSV-199007,19860820,13.87500,14.25000,13.50000,14.00000,94400,14.00000
CSV-199007,19860821,14.12500,14.37500,13.87500,14.00000,43200,14.00000
CSV-199007,19860822,13.75000,14.00000,13.75000,14.00000,15600,14.00000
CSV-199007,19860825,13.25000,14.00000,13.25000,14.00000,58400,14.00000
CSV-199007,19860826,14.25000,14.50000,13.87500,14.37500,74800,14.37500
CSV-199007,19860827,14.37500,14.37500,14.25000,14.25000,38900,14.25000
CSV-199007,19860828,14.37500,14.50000,14.25000,14.37500,70700,14.37500
CSV-199007,19860829,14.50000,14.62500,14.25000,14.37500,36400,14.37500
CSV-199007,19860902,14.25000,14.50000,14.00000,14.25000,50400,14.25000
CSV-199007,19860903,13.75000,14.12500,13.75000,14.12500,29400,14.12500
CSV-199007,19860904,13.75000,14.75000,13.75000,14.75000,170000,14.75000
CSV-199007,19860905,14.50000,14.75000,14.25000,14.37500,207200,14.37500
CSV-199007,19860908,13.50000,14.12500,13.00000,13.50000,134200,13.50000
CSV-199007,19860909,13.25000,13.50000,12.87500,13.37500,57500,13.37500
CSV-199007,19860910,13.12500,13.37500,13.12500,13.37500,51200,13.37500
CSV-199007,19860911,12.37500,13.12500,11.62500,11.87500,149400,11.87500
CSV-199007,19860912,11.62500,12.25000,11.00000,12.00000,141400,12.00000
CSV-199007,19860915,12.12500,12.75000,12.12500,12.75000,100700,12.75000
CSV-199007,19860916,12.50000,12.75000,12.25000,12.62500,38600,12.62500
CSV-199007,19860917,12.75000,13.00000,12.62500,12.75000,51000,12.75000
CSV-199007,19860918,12.75000,12.87500,12.50000,12.75000,35200,12.75000
CSV-199007,19860919,12.75000,12.75000,12.37500,12.37500,21600,12.37500
CSV-199007,19860922,12.37500,12.62500,12.37500,12.62500,21500,12.62500
CSV-199007,19860923,12.50000,12.87500,12.50000,12.87500,24600,12.87500
CSV-199007,19860924,12.62500,12.87500,12.62500,12.87500,51700,12.87500
CSV-199007,19860925,12.50000,13.00000,12.12500,12.25000,48900,12.25000
CSV-199007,19860926,12.00000,12.25000,11.87500,12.00000,21300,12.00000
CSV-199007,19860929,11.75000,12.12500,11.37500,11.87500,41100,11.87500
CSV-199007,19860930,12.00000,12.75000,12.00000,12.75000,53300,12.75000
CSV-199007,19861001,13.00000,13.25000,12.62500,12.75000,27500,12.75000
CSV-199007,19861002,13.00000,13.00000,12.37500,12.37500,30700,12.37500
CSV-199007,19861003,12.50000,12.75000,12.37500,12.62500,26400,12.62500
CSV-199007,19861006,12.75000,12.75000,12.25000,12.25000,7700,12.25000
CSV-199007,19861007,12.25000,12.50000,12.25000,12.50000,50000,12.50000
CSV-199007,19861008,12.50000,12.75000,12.37500,12.62500,46500,12.62500
CSV-199007,19861009,12.50000,12.75000,12.25000,12.37500,24000,12.37500
CSV-199007,19861010,12.12500,12.37500,11.87500,12.00000,20200,12.00000
CSV-199007,19861013,12.00000,12.25000,12.00000,12.25000,12600,12.25000
CSV-199007,19861014,12.37500,12.37500,12.00000,12.00000,22700,12.00000
CSV-199007,19861015,12.00000,12.12500,11.87500,12.00000,14700,12.00000
CSV-199007,19861016,12.25000,12.37500,12.00000,12.25000,38700,12.25000
CSV-199007,19861017,12.25000,12.37500,12.25000,12.37500,22300,12.37500
CSV-199007,19861020,12.25000,12.37500,12.12500,12.25000,42300,12.25000
CSV-199007,19861021,12.25000,12.50000,12.25000,12.50000,41100,12.50000
CSV-199007,19861022,12.50000,13.37500,12.50000,13.37500,79400,13.37500
CSV-199007,19861023,13.50000,13.50000,13.25000,13.25000,87700,13.25000
CSV-199007,19861024,13.00000,13.25000,12.75000,13.12500,42000,13.12500
CSV-199007,19861027,12.87500,13.12500,12.87500,13.12500,44800,13.12500
CSV-199007,19861028,12.75000,13.00000,12.37500,12.87500,125200,12.87500
CSV-199007,19861029,12.75000,13.00000,12.62500,12.87500,32100,12.87500
CSV-199007,19861030,13.00000,13.25000,12.87500,13.12500,80100,13.12500
CSV-199007,19861031,13.50000,13.75000,13.12500,13.62500,115900,13.62500
CSV-199007,19861103,13.50000,13.62500,13.25000,13.37500,17600,13.37500
CSV-199007,19861104,13.12500,13.25000,13.00000,13.12500,47800,13.12500
CSV-199007,19861105,13.12500,13.12500,12.87500,12.87500,27300,12.87500
CSV-199007,19861106,12.75000,13.00000,12.62500,12.87500,30100,12.87500
CSV-199007,19861107,12.62500,12.75000,12.50000,12.62500,11600,12.62500
CSV-199007,19861110,12.25000,12.50000,12.12500,12.37500,44700,12.37500
CSV-199007,19861111,12.50000,12.62500,12.37500,12.50000,30000,12.50000
CSV-199007,19861112,12.62500,12.75000,12.50000,12.62500,20700,12.62500
CSV-199007,19861113,12.62500,12.75000,12.50000,12.62500,33400,12.62500
CSV-199007,19861114,12.37500,12.87500,12.37500,12.87500,39700,12.87500
CSV-199007,19861117,12.87500,12.87500,12.00000,12.00000,115100,12.00000
CSV-199007,19861118,11.25000,12.12500,10.37500,10.87500,232700,10.87500
CSV-199007,19861119,10.12500,11.50000,10.12500,11.50000,146300,11.50000
CSV-199007,19861120,11.75000,12.00000,11.50000,11.75000,117300,11.75000
CSV-199007,19861121,11.62500,11.87500,11.37500,11.50000,68700,11.50000
CSV-199007,19861124,11.37500,11.62500,11.12500,11.37500,47400,11.37500
CSV-199007,19861125,11.62500,11.62500,11.37500,11.37500,82400,11.37500
CSV-199007,19861126,11.50000,11.50000,11.00000,11.00000,64000,11.00000
CSV-199007,19861128,11.00000,11.12500,11.00000,11.12500,22000,11.12500
CSV-199007,19861201,10.75000,11.25000,10.75000,11.25000,27900,11.25000
CSV-199007,19861202,11.00000,11.37500,11.00000,11.37500,40900,11.37500
CSV-199007,19861203,11.62500,12.25000,11.00000,12.00000,134500,12.00000
CSV-199007,19861204,12.50000,12.87500,12.12500,12.25000,106200,12.25000
CSV-199007,19861205,12.12500,12.50000,11.75000,12.25000,139700,12.25000
CSV-199007,19861208,12.25000,12.62500,11.87500,12.12500,39000,12.12500
CSV-199007,19861209,11.75000,12.12500,11.50000,11.62500,33400,11.62500
CSV-199007,19861210,11.50000,11.62500,11.25000,11.37500,32000,11.37500
CSV-199007,19861211,11.25000,11.50000,11.12500,11.37500,27000,11.37500
CSV-199007,19861212,11.25000,11.50000,11.00000,11.25000,32500,11.25000
CSV-199007,19861215,11.00000,11.25000,10.62500,10.87500,60600,10.87500
CSV-199007,19861216,10.75000,11.12500,10.75000,11.12500,62800,11.12500
CSV-199007,19861217,10.75000,10.87500,10.75000,10.87500,57500,10.87500
CSV-199007,19861218,10.75000,10.87500,10.62500,10.75000,72100,10.75000
CSV-199007,19861219,10.62500,10.87500,10.62500,10.87500,60200,10.87500
CSV-199007,19861222,10.75000,10.87500,10.50000,10.62500,37700,10.62500
CSV-199007,19861223,10.50000,10.62500,10.25000,10.37500,56000,10.37500
CSV-199007,19861224,10.25000,10.50000,10.25000,10.50000,49600,10.50000
CSV-199007,19861226,10.50000,10.62500,10.25000,10.37500,33600,10.37500
CSV-199007,19861229,10.37500,10.50000,10.25000,10.37500,43400,10.37500
CSV-199007,19861230,10.37500,10.50000,10.25000,10.37500,110800,10.37500
CSV-199007,19861231,9.87500,10.50000,9.87500,10.50000,196200,10.50000
CSV-199007,19870102,10.75000,11.25000,10.75000,11.25000,30800,11.25000
CSV-199007,19870105,11.50000,12.00000,11.12500,11.87500,71800,11.87500
CSV-199007,19870106,11.75000,12.00000,11.37500,11.50000,37300,11.50000
CSV-199007,19870107,11.75000,12.00000,11.37500,11.75000,78000,11.75000
CSV-199007,19870108,12.00000,12.25000,11.87500,12.00000,180800,12.00000
CSV-199007,19870109,12.25000,12.25000,11.87500,11.87500,69400,11.87500
CSV-199007,19870112,12.12500,12.12500,11.75000,11.75000,100000,11.75000
CSV-199007,19870113,11.75000,11.75000,11.25000,11.25000,51300,11.25000
CSV-199007,19870114,11.25000,11.50000,11.12500,11.25000,50300,11.25000
CSV-199007,19870115,11.25000,11.37500,11.25000,11.37500,57800,11.37500
CSV-199007,19870116,11.25000,11.50000,11.12500,11.25000,38400,11.25000
CSV-199007,19870119,11.00000,11.50000,11.00000,11.50000,69600,11.50000
CSV-199007,19870120,11.62500,11.62500,11.37500,11.37500,96400,11.37500
CSV-199007,19870121,11.75000,12.12500,11.25000,12.00000,774600,12.00000
CSV-199007,19870122,11.87500,12.00000,11.75000,11.87500,102100,11.87500
CSV-199007,19870123,12.00000,12.37500,11.75000,12.00000,135900,12.00000
CSV-199007,19870126,11.75000,12.00000,11.62500,11.75000,22600,11.75000
CSV-199007,19870127,11.87500,11.87500,11.75000,11.75000,46800,11.75000
CSV-199007,19870128,11.75000,11.87500,11.75000,11.87500,56800,11.87500
CSV-199007,19870129,11.75000,11.87500,11.75000,11.87500,37400,11.87500
CSV-199007,19870130,11.75000,12.00000,11.62500,11.87500,215100,11.87500
CSV-199007,19870202,11.75000,12.00000,11.75000,12.00000,85600,12.00000
CSV-199007,19870203,11.75000,12.12500,11.50000,11.87500,96600,11.87500
CSV-199007,19870204,11.75000,11.87500,11.50000,11.75000,51500,11.75000
CSV-199007,19870205,11.50000,11.87500,11.25000,11.50000,56000,11.50000
CSV-199007,19870206,11.50000,11.62500,11.37500,11.50000,117600,11.50000
CSV-199007,19870209,11.75000,11.75000,11.50000,11.50000,49100,11.50000
CSV-199007,19870210,11.50000,11.62500,11.25000,11.37500,50500,11.37500
CSV-199007,19870211,11.50000,11.50000,11.25000,11.25000,38000,11.25000
CSV-199007,19870212,11.25000,11.50000,11.12500,11.25000,46100,11.25000
CSV-199007,19870213,11.25000,11.37500,11.12500,11.25000,22500,11.25000
CSV-199007,19870217,11.50000,11.62500,11.25000,11.50000,47200,11.50000
CSV-199007,19870218,11.25000,12.00000,11.25000,12.00000,210100,12.00000
CSV-199007,19870219,12.62500,12.62500,12.12500,12.12500,322500,12.12500
CSV-199007,19870220,12.50000,13.00000,12.50000,13.00000,278700,13.00000
CSV-199007,19870223,13.12500,13.37500,12.87500,13.00000,210100,13.00000
CSV-199007,19870224,12.75000,13.12500,12.75000,13.12500,183000,13.12500
CSV-199007,19870225,13.62500,14.25000,13.00000,13.75000,400300,13.75000
CSV-199007,19870226,13.75000,14.00000,13.50000,13.87500,165700,13.87500
CSV-199007,19870227,13.75000,14.00000,13.75000,14.00000,154200,14.00000
CSV-199007,19870302,14.12500,14.37500,13.87500,14.25000,142600,14.25000
CSV-199007,19870303,14.25000,14.75000,14.25000,14.75000,281600,14.75000
CSV-199007,19870304,14.50000,14.75000,14.25000,14.50000,170700,14.50000
CSV-199007,19870305,14.37500,14.62500,14.37500,14.62500,170800,14.62500
CSV-199007,19870306,14.62500,14.75000,14.50000,14.62500,185300,14.62500
CSV-199007,19870309,14.50000,14.75000,14.25000,14.50000,196300,14.50000
CSV-199007,19870310,14.50000,14.62500,14.25000,14.50000,166700,14.50000
CSV-199007,19870311,14.37500,14.62500,14.12500,14.25000,105200,14.25000
CSV-199007,19870312,14.25000,14.37500,14.12500,14.25000,86900,14.25000
CSV-199007,19870313,14.25000,14.50000,14.25000,14.50000,105800,14.50000
CSV-199007,19870316,14.00000,14.50000,13.62500,14.12500,162300,14.12500
CSV-199007,19870317,14.00000,14.12500,13.75000,14.00000,71200,14.00000
CSV-199007,19870318,13.87500,14.12500,13.62500,14.00000,95600,14.00000
CSV-199007,19870319,13.87500,14.00000,13.75000,13.87500,98800,13.87500
CSV-199007,19870320,13.87500,13.87500,13.62500,13.62500,104100,13.62500
CSV-199007,19870323,13.75000,13.87500,13.62500,13.75000,82100,13.75000
CSV-199007,19870324,13.75000,13.87500,13.50000,13.62500,84600,13.62500
CSV-199007,19870325,13.37500,13.62500,13.12500,13.50000,87200,13.50000
CSV-199007,19870326,13.37500,13.50000,13.25000,13.37500,42800,13.37500
CSV-199007,19870327,13.37500,13.37500,12.87500,12.87500,68000,12.87500
CSV-199007,19870330,12.25000,12.75000,11.87500,12.00000,119100,12.00000
CSV-199007,19870331,11.62500,12.25000,11.62500,12.25000,199300,12.25000
CSV-199007,19870401,12.00000,12.37500,11.62500,12.25000,137300,12.25000
CSV-199007,19870402,12.50000,12.75000,12.25000,12.50000,64600,12.50000
CSV-199007,19870403,12.50000,12.87500,12.50000,12.87500,86400,12.87500
CSV-199007,19870406,13.12500,13.12500,12.62500,12.62500,179600,12.62500
CSV-199007,19870407,12.62500,13.12500,12.62500,13.12500,104100,13.12500
CSV-199007,19870408,13.00000,13.75000,13.00000,13.75000,72900,13.75000
CSV-199007,19870409,14.00000,14.00000,13.50000,13.50000,140400,13.50000
CSV-199007,19870410,13.37500,13.37500,12.87500,12.87500,46700,12.87500
CSV-199007,19870413,13.00000,13.00000,12.37500,12.37500,60600,12.37500
CSV-199007,19870414,12.25000,12.25000,11.75000,11.75000,154600,11.75000
CSV-199007,19870415,12.25000,12.37500,12.00000,12.12500,112400,12.12500
CSV-199007,19870416,12.25000,12.37500,12.00000,12.25000,53000,12.25000
CSV-199007,19870420,12.12500,12.37500,11.87500,12.00000,29600,12.00000
CSV-199007,19870421,11.75000,12.12500,11.75000,12.12500,61200,12.12500
CSV-199007,19870422,12.25000,12.25000,11.87500,11.87500,32800,11.87500
CSV-199007,19870423,12.00000,12.25000,11.87500,12.00000,56600,12.00000
CSV-199007,19870424,11.87500,12.12500,11.62500,11.75000,42300,11.75000
CSV-199007,19870427,11.75000,11.75000,11.37500,11.37500,64800,11.37500
CSV-199007,19870428,11.62500,11.87500,11.37500,11.75000,102800,11.75000
CSV-199007,19870429,11.62500,11.87500,11.62500,11.87500,49700,11.87500
CSV-199007,19870430,11.62500,11.87500,11.37500,11.75000,88200,11.75000
CSV-199007,19870501,11.87500,11.87500,11.50000,11.50000,77500,11.50000
CSV-199007,19870504,11.50000,11.62500,11.37500,11.50000,83600,11.50000
CSV-199007,19870505,11.37500,11.50000,11.37500,11.50000,56200,11.50000
CSV-199007,19870506,11.62500,11.62500,11.37500,11.37500,69800,11.37500
CSV-199007,19870507,11.37500,11.50000,11.25000,11.37500,27500,11.37500
CSV-199007,19870508,11.25000,11.37500,11.00000,11.12500,78800,11.12500
CSV-199007,19870511,11.12500,11.12500,10.87500,10.87500,54700,10.87500
CSV-199007,19870512,10.62500,11.00000,10.62500,11.00000,90100,11.00000
CSV-199007,19870513,10.75000,11.12500,10.75000,11.12500,49900,11.12500
CSV-199007,19870514,11.37500,11.62500,11.12500,11.37500,63900,11.37500
CSV-199007,19870515,11.25000,11.50000,11.00000,11.12500,62400,11.12500
CSV-199007,19870518,10.87500,11.12500,10.62500,10.87500,57100,10.87500
CSV-199007,19870519,11.00000,11.00000,10.00000,10.00000,70600,10.00000
CSV-199007,19870520,9.37500,10.50000,9.37500,10.50000,130600,10.50000
CSV-199007,19870521,10.37500,10.75000,10.00000,10.50000,79900,10.50000
CSV-199007,19870522,10.25000,10.50000,10.00000,10.37500,53000,10.37500
CSV-199007,19870526,10.75000,10.87500,10.50000,10.75000,54700,10.75000
CSV-199007,19870527,10.87500,11.00000,10.75000,10.87500,33800,10.87500
CSV-199007,19870528,10.75000,11.00000,10.62500,10.87500,31900,10.87500
CSV-199007,19870529,11.25000,11.62500,11.00000,11.50000,52000,11.50000
CSV-199007,19870601,11.50000,11.50000,11.12500,11.12500,27500,11.12500
CSV-199007,19870602,11.25000,11.25000,10.75000,10.75000,24200,10.75000
CSV-199007,19870603,11.00000,11.00000,10.75000,10.75000,10700,10.75000
CSV-199007,19870604,11.00000,11.12500,10.75000,11.00000,44500,11.00000
CSV-199007,19870605,11.25000,11.37500,11.00000,11.12500,28000,11.12500
CSV-199007,19870608,11.25000,11.37500,11.00000,11.12500,36500,11.12500
CSV-199007,19870609,11.25000,11.50000,11.00000,11.12500,61700,11.12500
CSV-199007,19870610,11.25000,11.25000,10.87500,10.87500,38300,10.87500
CSV-199007,19870611,11.00000,11.12500,10.87500,11.00000,29100,11.00000
CSV-199007,19870612,11.25000,11.62500,11.00000,11.50000,109700,11.50000
CSV-199007,19870615,11.75000,12.12500,11.50000,11.75000,53400,11.75000
CSV-199007,19870616,11.87500,11.87500,11.75000,11.75000,42500,11.75000
CSV-199007,19870617,11.50000,11.75000,11.25000,11.37500,52700,11.37500
CSV-199007,19870618,11.25000,11.62500,11.25000,11.62500,50200,11.62500
CSV-199007,19870619,11.50000,11.62500,11.25000,11.37500,31200,11.37500
CSV-199007,19870622,11.12500,11.50000,11.12500,11.50000,38000,11.50000
CSV-199007,19870623,11.50000,11.62500,11.25000,11.37500,38400,11.37500
CSV-199007,19870624,11.50000,11.75000,11.25000,11.37500,51300,11.37500
CSV-199007,19870625,11.50000,11.62500,11.25000,11.50000,36900,11.50000
CSV-199007,19870626,11.62500,11.62500,11.12500,11.12500,31700,11.12500
CSV-199007,19870629,11.12500,11.25000,11.00000,11.12500,130800,11.12500
CSV-199007,19870630,11.12500,11.25000,11.00000,11.12500,350800,11.12500
CSV-199007,19870701,11.25000,11.25000,11.00000,11.00000,57300,11.00000
CSV-199007,19870702,11.12500,11.12500,10.87500,10.87500,34500,10.87500
CSV-199007,19870706,11.00000,11.00000,10.87500,10.87500,59500,10.87500
CSV-199007,19870707,10.87500,11.00000,10.75000,10.87500,27500,10.87500
CSV-199007,19870708,10.87500,11.00000,10.87500,11.00000,61000,11.00000
CSV-199007,19870709,11.00000,11.12500,10.87500,11.00000,44500,11.00000
CSV-199007,19870710,10.87500,10.87500,10.75000,10.75000,34400,10.75000
CSV-199007,19870713,10.87500,10.87500,10.62500,10.62500,23700,10.62500
CSV-199007,19870714,10.50000,10.75000,10.50000,10.75000,32300,10.75000
CSV-199007,19870715,10.75000,10.75000,10.62500,10.62500,71300,10.62500
CSV-199007,19870716,10.50000,10.62500,10.25000,10.37500,71900,10.37500
CSV-199007,19870717,10.25000,10.50000,10.12500,10.37500,59200,10.37500
CSV-199007,19870720,10.25000,10.75000,10.25000,10.75000,126200,10.75000
CSV-199007,19870721,10.50000,10.75000,10.37500,10.50000,22800,10.50000
CSV-199007,19870722,10.50000,10.50000,10.25000,10.25000,58400,10.25000
CSV-199007,19870723,10.50000,10.75000,10.25000,10.50000,279200,10.50000
CSV-199007,19870724,10.50000,11.00000,10.50000,11.00000,59200,11.00000
CSV-199007,19870727,10.87500,11.00000,10.75000,10.87500,26800,10.87500
CSV-199007,19870728,11.00000,11.00000,10.75000,10.75000,44500,10.75000
CSV-199007,19870729,10.87500,10.87500,10.62500,10.62500,23200,10.62500
CSV-199007,19870730,10.75000,10.75000,10.62500,10.62500,32600,10.62500
CSV-199007,19870731,10.75000,10.87500,10.50000,10.62500,27000,10.62500
CSV-199007,19870803,10.50000,10.75000,10.50000,10.75000,76200,10.75000
CSV-199007,19870804,10.50000,10.75000,10.37500,10.50000,44200,10.50000
CSV-199007,19870805,10.50000,10.75000,10.37500,10.62500,42900,10.62500
CSV-199007,19870806,10.50000,10.75000,10.25000,10.50000,61000,10.50000
CSV-199007,19870807,10.75000,11.00000,10.37500,10.75000,141800,10.75000
CSV-199007,19870810,10.62500,11.37500,10.62500,11.37500,89500,11.37500
CSV-199007,19870811,11.75000,12.00000,11.37500,11.62500,107400,11.62500
CSV-199007,19870812,11.75000,12.00000,11.62500,11.75000,58300,11.75000
CSV-199007,19870813,12.00000,12.50000,11.62500,12.37500,251200,12.37500
CSV-199007,19870814,12.37500,12.62500,12.12500,12.50000,127000,12.50000
CSV-199007,19870817,12.50000,12.75000,12.37500,12.50000,78800,12.50000
CSV-199007,19870818,12.12500,12.50000,11.75000,12.12500,90300,12.12500
CSV-199007,19870819,12.00000,12.25000,12.00000,12.25000,48700,12.25000
CSV-199007,19870820,12.25000,12.50000,12.12500,12.25000,112300,12.25000
CSV-199007,19870821,12.25000,12.37500,12.12500,12.25000,33300,12.25000
CSV-199007,19870824,12.00000,12.12500,11.87500,12.00000,28600,12.00000
CSV-199007,19870825,12.25000,12.37500,12.00000,12.25000,31300,12.25000
CSV-199007,19870826,12.37500,12.37500,12.25000,12.25000,42400,12.25000
CSV-199007,19870827,12.25000,12.50000,12.25000,12.50000,113400,12.50000
CSV-199007,19870828,12.62500,12.62500,12.12500,12.12500,59000,12.12500
CSV-199007,19870831,12.37500,12.62500,12.12500,12.25000,80300,12.25000
CSV-199007,19870901,12.37500,12.37500,12.12500,12.12500,46800,12.12500
CSV-199007,19870902,12.25000,12.25000,11.75000,11.75000,80400,11.75000
CSV-199007,19870903,11.62500,11.87500,11.62500,11.87500,78900,11.87500
CSV-199007,19870904,11.75000,11.75000,11.50000,11.50000,113000,11.50000
CSV-199007,19870908,11.12500,11.37500,10.87500,11.00000,79700,11.00000
CSV-199007,19870909,11.00000,11.25000,10.87500,11.00000,30500,11.00000
CSV-199007,19870910,11.25000,11.25000,11.00000,11.00000,51000,11.00000
CSV-199007,19870911,10.87500,11.00000,10.75000,10.87500,88600,10.87500
CSV-199007,19870914,10.75000,11.00000,10.75000,11.00000,48400,11.00000
CSV-199007,19870915,10.62500,11.00000,10.25000,10.87500,37300,10.87500
CSV-199007,19870916,11.00000,11.00000,10.75000,10.75000,56500,10.75000
CSV-199007,19870917,10.75000,10.87500,10.75000,10.87500,15700,10.87500
CSV-199007,19870918,11.00000,11.12500,10.75000,10.87500,31400,10.87500
CSV-199007,19870921,11.00000,11.00000,10.62500,10.62500,24300,10.62500
CSV-199007,19870922,10.62500,10.75000,10.50000,10.62500,38200,10.62500
CSV-199007,19870923,11.00000,11.00000,10.62500,10.62500,35400,10.62500
CSV-199007,19870924,10.75000,10.75000,10.50000,10.50000,19400,10.50000
CSV-199007,19870925,10.62500,10.62500,10.37500,10.37500,90400,10.37500
CSV-199007,19870928,10.62500,10.62500,10.50000,10.50000,35600,10.50000
CSV-199007,19870929,10.75000,10.75000,10.50000,10.50000,45600,10.50000
CSV-199007,19870930,10.50000,10.62500,10.37500,10.50000,39400,10.50000
CSV-199007,19871001,10.50000,10.62500,10.37500,10.50000,40200,10.50000
CSV-199007,19871002,10.50000,10.75000,10.50000,10.75000,23200,10.75000
CSV-199007,19871005,10.75000,10.87500,10.50000,10.75000,14800,10.75000
CSV-199007,19871006,10.50000,10.62500,10.37500,10.50000,56300,10.50000
CSV-199007,19871007,10.37500,10.50000,10.25000,10.37500,38600,10.37500
CSV-199007,19871008,10.50000,10.50000,10.12500,10.12500,54000,10.12500
CSV-199007,19871009,10.25000,10.25000,10.12500,10.12500,52400,10.12500
CSV-199007,19871012,10.25000,10.37500,10.12500,10.25000,51800,10.25000
CSV-199007,19871013,10.25000,10.25000,10.00000,10.00000,77000,10.00000
CSV-199007,19871014,9.50000,10.00000,9.12500,9.25000,144800,9.25000
CSV-199007,19871015,9.25000,9.25000,8.87500,8.87500,160200,8.87500
CSV-199007,19871016,8.37500,8.75000,8.00000,8.37500,231700,8.37500
CSV-199007,19871019,8.00000,8.00000,7.50000,7.50000,232000,7.50000
CSV-199007,19871020,6.50000,7.37500,5.50000,6.00000,340700,6.00000
CSV-199007,19871021,7.25000,8.37500,6.00000,7.62500,612900,7.62500
CSV-199007,19871022,7.50000,7.75000,7.12500,7.62500,250600,7.62500
CSV-199007,19871023,8.12500,8.75000,7.50000,8.50000,135900,8.50000
CSV-199007,19871026,7.75000,8.12500,7.50000,7.62500,99000,7.62500
CSV-199007,19871027,7.87500,8.12500,7.62500,7.87500,174900,7.87500
CSV-199007,19871028,7.37500,7.62500,7.12500,7.50000,214200,7.50000
CSV-199007,19871029,7.25000,7.50000,7.25000,7.50000,150600,7.50000
CSV-199007,19871030,7.37500,8.62500,7.37500,8.62500,206400,8.62500
CSV-199007,19871102,8.75000,8.75000,8.50000,8.50000,224800,8.50000
CSV-199007,19871103,8.25000,8.25000,7.62500,7.62500,96900,7.62500
CSV-199007,19871104,7.37500,7.62500,7.37500,7.62500,13600,7.62500
CSV-199007,19871105,7.62500,8.25000,7.62500,8.25000,75000,8.25000
CSV-199007,19871106,8.00000,8.00000,7.75000,7.75000,41400,7.75000
CSV-199007,19871109,7.50000,7.75000,7.25000,7.50000,45000,7.50000
CSV-199007,19871110,7.25000,7.37500,7.00000,7.25000,45700,7.25000
CSV-199007,19871111,7.50000,7.50000,7.25000,7.25000,28100,7.25000
CSV-199007,19871112,7.62500,7.62500,7.37500,7.37500,34000,7.37500
CSV-199007,19871113,7.37500,7.50000,7.25000,7.37500,57200,7.37500
CSV-199007,19871116,7.25000,7.75000,7.25000,7.75000,59700,7.75000
CSV-199007,19871117,7.37500,7.62500,7.12500,7.25000,42200,7.25000
CSV-199007,19871118,7.50000,7.50000,7.12500,7.12500,40100,7.12500
CSV-199007,19871119,7.37500,7.37500,7.12500,7.12500,67600,7.12500
CSV-199007,19871120,7.12500,7.25000,7.12500,7.25000,61300,7.25000
CSV-199007,19871123,7.25000,7.37500,7.12500,7.25000,22100,7.25000
CSV-199007,19871124,7.50000,7.75000,7.12500,7.50000,31700,7.50000
CSV-199007,19871125,7.75000,7.75000,7.12500,7.12500,41000,7.12500
CSV-199007,19871127,7.12500,7.25000,7.00000,7.12500,15000,7.12500
CSV-199007,19871130,6.75000,7.00000,6.50000,6.87500,111000,6.87500
CSV-199007,19871201,6.75000,6.87500,6.50000,6.62500,21500,6.62500
CSV-199007,19871202,6.37500,6.50000,6.25000,6.37500,117900,6.37500
CSV-199007,19871203,6.50000,6.50000,6.12500,6.12500,138500,6.12500
CSV-199007,19871204,6.00000,6.37500,6.00000,6.37500,71800,6.37500
CSV-199007,19871207,6.25000,6.62500,6.25000,6.62500,81800,6.62500
CSV-199007,19871208,6.62500,6.75000,6.50000,6.62500,102600,6.62500
CSV-199007,19871209,6.75000,6.75000,6.50000,6.50000,91700,6.50000
CSV-199007,19871210,6.25000,6.50000,6.12500,6.25000,39000,6.25000
CSV-199007,19871211,6.50000,6.62500,6.25000,6.50000,62100,6.50000
CSV-199007,19871214,6.37500,6.50000,6.37500,6.50000,65300,6.50000
CSV-199007,19871215,6.50000,6.75000,6.37500,6.50000,35400,6.50000
CSV-199007,19871216,6.50000,6.75000,6.50000,6.75000,49900,6.75000
CSV-199007,19871217,6.75000,6.75000,6.62500,6.62500,50700,6.62500
CSV-199007,19871218,6.50000,6.62500,6.37500,6.50000,80600,6.50000
CSV-199007,19871221,6.50000,6.62500,6.50000,6.62500,64100,6.62500
CSV-199007,19871222,6.62500,6.62500,6.37500,6.37500,55700,6.37500
CSV-199007,19871223,6.50000,6.62500,6.37500,6.50000,59700,6.50000
CSV-199007,19871224,6.50000,6.62500,6.50000,6.62500,33800,6.62500
CSV-199007,19871228,6.25000,6.50000,6.12500,6.25000,93200,6.25000
CSV-199007,19871229,6.25000,6.25000,6.12500,6.12500,89800,6.12500
CSV-199007,19871230,6.25000,6.25000,6.12500,6.12500,103800,6.12500
CSV-199007,19871231,6.25000,6.62500,6.00000,6.25000,314200,6.25000
CSV-199007,19880104,6.75000,7.12500,6.37500,6.87500,140800,6.87500
CSV-199007,19880105,7.00000,7.12500,6.87500,7.00000,65600,7.00000
CSV-199007,19880106,6.87500,7.12500,6.87500,7.12500,62000,7.12500
CSV-199007,19880107,7.12500,7.12500,7.00000,7.00000,30600,7.00000
CSV-199007,19880108,7.12500,7.12500,6.75000,6.75000,75300,6.75000
CSV-199007,19880111,6.87500,7.00000,6.75000,6.87500,31300,6.87500
CSV-199007,19880112,6.87500,7.00000,6.75000,6.87500,15700,6.87500
CSV-199007,19880113,6.87500,6.87500,6.75000,6.75000,15500,6.75000
CSV-199007,19880114,6.62500,6.75000,6.62500,6.75000,21500,6.75000
CSV-199007,19880115,7.00000,7.25000,6.75000,7.00000,53000,7.00000
CSV-199007,19880118,7.12500,7.25000,7.00000,7.12500,37900,7.12500
CSV-199007,19880119,7.00000,7.25000,7.00000,7.25000,63000,7.25000
CSV-199007,19880120,7.00000,7.12500,6.75000,7.00000,48100,7.00000
CSV-199007,19880121,7.12500,7.12500,7.00000,7.00000,13800,7.00000
CSV-199007,19880122,7.00000,7.25000,7.00000,7.25000,65100,7.25000
CSV-199007,19880125,7.12500,7.25000,7.12500,7.25000,117900,7.25000
CSV-199007,19880126,7.25000,7.25000,6.87500,6.87500,21900,6.87500
CSV-199007,19880127,6.75000,7.00000,6.75000,7.00000,10600,7.00000
CSV-199007,19880128,7.12500,7.12500,6.87500,6.87500,23500,6.87500
CSV-199007,19880129,7.00000,7.62500,7.00000,7.62500,109500,7.62500
CSV-199007,19880201,7.50000,7.75000,7.50000,7.75000,80400,7.75000
CSV-199007,19880202,7.50000,7.87500,7.50000,7.87500,58200,7.87500
CSV-199007,19880203,8.00000,8.00000,7.62500,7.62500,66600,7.62500
CSV-199007,19880204,7.75000,7.75000,7.62500,7.62500,9800,7.62500
CSV-199007,19880205,7.50000,7.75000,7.25000,7.37500,29100,7.37500
CSV-199007,19880208,7.62500,7.75000,7.50000,7.62500,39200,7.62500
CSV-199007,19880209,7.62500,7.75000,7.50000,7.62500,12900,7.62500
CSV-199007,19880210,7.62500,8.37500,7.62500,8.37500,197500,8.37500
CSV-199007,19880211,8.25000,8.37500,8.00000,8.25000,72700,8.25000
CSV-199007,19880212,8.00000,8.50000,8.00000,8.50000,137400,8.50000
CSV-199007,19880216,8.75000,9.37500,8.75000,9.37500,223400,9.37500
CSV-199007,19880217,9.25000,9.50000,8.87500,9.25000,109900,9.25000
CSV-199007,19880218,9.25000,9.37500,9.12500,9.25000,74900,9.25000
CSV-199007,19880219,8.87500,9.12500,8.87500,9.12500,31000,9.12500
CSV-199007,19880222,9.00000,9.25000,8.75000,9.12500,31400,9.12500
CSV-199007,19880223,8.87500,9.12500,8.87500,9.12500,28300,9.12500
CSV-199007,19880224,9.12500,9.12500,9.00000,9.00000,22300,9.00000
CSV-199007,19880225,8.75000,9.12500,8.25000,8.50000,53600,8.50000
CSV-199007,19880226,8.62500,8.75000,8.50000,8.62500,37200,8.62500
CSV-199007,19880229,8.37500,8.62500,8.37500,8.62500,50900,8.62500
CSV-199007,19880301,8.50000,8.62500,8.50000,8.62500,17900,8.62500
CSV-199007,19880302,8.37500,8.62500,8.37500,8.62500,16100,8.62500
CSV-199007,19880303,8.62500,8.62500,8.37500,8.37500,40400,8.37500
CSV-199007,19880304,8.37500,8.50000,8.25000,8.37500,35700,8.37500
CSV-199007,19880307,8.50000,8.50000,8.12500,8.12500,31700,8.12500
CSV-199007,19880308,8.00000,8.25000,7.75000,7.87500,117400,7.87500
CSV-199007,19880309,7.87500,8.25000,7.87500,8.25000,38600,8.25000
CSV-199007,19880310,8.50000,8.50000,7.87500,7.87500,53000,7.87500
CSV-199007,19880311,8.00000,8.25000,7.75000,8.12500,49800,8.12500
CSV-199007,19880314,7.87500,8.12500,7.87500,8.12500,37700,8.12500
CSV-199007,19880315,7.87500,8.00000,7.75000,7.87500,48700,7.87500
CSV-199007,19880316,7.75000,7.87500,7.75000,7.87500,19600,7.87500
CSV-199007,19880317,8.00000,8.12500,7.75000,8.00000,28100,8.00000
CSV-199007,19880318,8.00000,8.00000,7.62500,7.62500,23200,7.62500
CSV-199007,19880321,7.75000,7.75000,7.50000,7.50000,33000,7.50000
CSV-199007,19880322,7.50000,7.62500,7.50000,7.62500,16600,7.62500
CSV-199007,19880323,7.50000,7.62500,7.37500,7.50000,27400,7.50000
CSV-199007,19880324,7.50000,7.50000,7.37500,7.37500,20600,7.37500
CSV-199007,19880325,7.50000,7.50000,7.37500,7.37500,15000,7.37500
CSV-199007,19880328,7.50000,7.50000,7.37500,7.37500,5500,7.37500
CSV-199007,19880329,7.37500,7.62500,7.37500,7.62500,33300,7.62500
CSV-199007,19880330,7.62500,7.62500,7.50000,7.50000,37000,7.50000
CSV-199007,19880331,7.50000,7.62500,7.37500,7.50000,35200,7.50000
CSV-199007,19880404,7.50000,7.62500,7.37500,7.50000,18700,7.50000
CSV-199007,19880405,7.62500,7.62500,7.37500,7.37500,12700,7.37500
CSV-199007,19880406,7.50000,7.62500,7.37500,7.50000,26100,7.50000
CSV-199007,19880407,7.62500,7.62500,7.50000,7.50000,14100,7.50000
CSV-199007,19880408,7.75000,8.00000,7.50000,7.75000,23700,7.75000
CSV-199007,19880411,7.75000,7.87500,7.75000,7.87500,21500,7.87500
CSV-199007,19880412,8.00000,8.00000,7.87500,7.87500,21200,7.87500
CSV-199007,19880413,7.75000,7.87500,7.50000,7.62500,28900,7.62500
CSV-199007,19880414,7.37500,7.62500,7.12500,7.37500,177500,7.37500
CSV-199007,19880415,7.37500,7.37500,7.25000,7.25000,41200,7.25000
CSV-199007,19880418,7.25000,7.25000,7.12500,7.12500,18900,7.12500
CSV-199007,19880419,7.12500,7.25000,7.00000,7.12500,25000,7.12500
CSV-199007,19880420,6.87500,7.00000,6.87500,7.00000,37200,7.00000
CSV-199007,19880421,7.12500,7.12500,6.87500,6.87500,25300,6.87500
CSV-199007,19880422,6.87500,7.00000,6.75000,6.87500,25100,6.87500
CSV-199007,19880425,7.00000,7.25000,6.87500,7.12500,48200,7.12500
CSV-199007,19880426,7.25000,7.25000,7.12500,7.12500,14700,7.12500
CSV-199007,19880427,7.12500,7.37500,7.12500,7.37500,158900,7.37500
CSV-199007,19880428,7.37500,7.37500,7.12500,7.12500,24000,7.12500
CSV-199007,19880429,7.00000,7.25000,7.00000,7.25000,63300,7.25000
CSV-199007,19880502,7.12500,7.25000,7.00000,7.12500,14400,7.12500
CSV-199007,19880503,7.00000,7.25000,7.00000,7.25000,23600,7.25000
CSV-199007,19880504,7.12500,7.37500,7.12500,7.37500,22300,7.37500
CSV-199007,19880505,7.25000,7.37500,7.12500,7.25000,50600,7.25000
CSV-199007,19880506,7.25000,7.37500,7.00000,7.25000,46100,7.25000
CSV-199007,19880509,7.37500,7.37500,7.00000,7.00000,16100,7.00000
CSV-199007,19880510,6.87500,7.12500,6.87500,7.12500,27400,7.12500
CSV-199007,19880511,6.87500,7.00000,6.75000,6.87500,59700,6.87500
CSV-199007,19880512,6.75000,7.00000,6.75000,7.00000,41200,7.00000
CSV-199007,19880513,6.87500,7.00000,6.87500,7.00000,25300,7.00000
CSV-199007,19880516,6.87500,7.00000,6.87500,7.00000,18300,7.00000
CSV-199007,19880517,7.00000,7.00000,6.75000,6.75000,81700,6.75000
CSV-199007,19880518,7.00000,7.00000,6.75000,6.75000,39100,6.75000
CSV-199007,19880519,6.75000,6.87500,6.62500,6.75000,61000,6.75000
CSV-199007,19880520,6.62500,6.87500,6.62500,6.87500,15800,6.87500
CSV-199007,19880523,6.87500,6.87500,6.75000,6.75000,14800,6.75000
CSV-199007,19880524,6.87500,6.87500,6.75000,6.75000,19800,6.75000
CSV-199007,19880525,6.87500,7.00000,6.75000,6.87500,18400,6.87500
CSV-199007,19880526,6.87500,7.00000,6.75000,6.87500,16800,6.87500
CSV-199007,19880527,7.00000,7.25000,7.00000,7.25000,18300,7.25000
CSV-199007,19880531,7.12500,7.25000,7.12500,7.25000,15000,7.25000
CSV-199007,19880601,7.12500,7.37500,7.12500,7.37500,38600,7.37500
CSV-199007,19880602,7.25000,7.37500,7.00000,7.25000,359600,7.25000
CSV-199007,19880603,7.00000,7.37500,7.00000,7.37500,190900,7.37500
CSV-199007,19880606,7.25000,7.62500,7.25000,7.62500,67700,7.62500
CSV-199007,19880607,7.75000,7.75000,7.62500,7.62500,49500,7.62500
CSV-199007,19880608,7.50000,7.62500,7.50000,7.62500,9300,7.62500
CSV-199007,19880609,7.62500,7.62500,7.37500,7.37500,11500,7.37500
CSV-199007,19880610,7.37500,7.37500,7.37500,7.37500,25000,7.37500
CSV-199007,19880613,7.50000,7.62500,7.25000,7.50000,66800,7.50000
CSV-199007,19880614,7.62500,8.00000,7.62500,8.00000,69100,8.00000
CSV-199007,19880615,7.75000,8.00000,7.75000,8.00000,47700,8.00000
CSV-199007,19880616,7.87500,7.87500,7.75000,7.75000,25800,7.75000
CSV-199007,19880617,7.62500,7.75000,7.62500,7.75000,43100,7.75000
CSV-199007,19880620,7.75000,7.75000,7.50000,7.50000,37900,7.50000
CSV-199007,19880621,7.50000,7.75000,7.50000,7.75000,34800,7.75000
CSV-199007,19880622,7.75000,7.75000,7.62500,7.62500,17000,7.62500
CSV-199007,19880623,7.50000,7.87500,7.50000,7.87500,86000,7.87500
CSV-199007,19880624,7.75000,7.87500,7.75000,7.87500,15200,7.87500
CSV-199007,19880627,7.75000,7.87500,7.62500,7.75000,55000,7.75000
CSV-199007,19880628,7.62500,7.75000,7.62500,7.75000,20100,7.75000
CSV-199007,19880629,7.87500,7.87500,7.62500,7.62500,14900,7.62500
CSV-199007,19880630,7.62500,8.00000,7.62500,8.00000,65100,8.00000
CSV-199007,19880701,7.87500,8.00000,7.75000,7.87500,27600,7.87500
CSV-199007,19880705,7.75000,7.87500,7.75000,7.87500,13600,7.87500
CSV-199007,19880706,7.87500,7.87500,7.75000,7.75000,19800,7.75000
CSV-199007,19880707,7.62500,7.75000,7.62500,7.75000,6200,7.75000
CSV-199007,19880708,7.62500,7.75000,7.50000,7.62500,44300,7.62500
CSV-199007,19880711,7.62500,7.87500,7.62500,7.87500,60300,7.87500
CSV-199007,19880712,7.87500,8.25000,7.87500,8.25000,72200,8.25000
CSV-199007,19880713,8.25000,8.37500,8.12500,8.25000,1000300,8.25000
CSV-199007,19880714,8.37500,8.37500,8.00000,8.00000,22100,8.00000
CSV-199007,19880715,8.12500,8.12500,8.00000,8.00000,43300,8.00000
CSV-199007,19880718,8.00000,8.25000,7.87500,8.00000,44700,8.00000
CSV-199007,19880719,8.12500,8.50000,8.12500,8.50000,81500,8.50000
CSV-199007,19880720,8.50000,9.00000,8.50000,9.00000,151300,9.00000
CSV-199007,19880721,9.00000,9.25000,8.87500,9.00000,68300,9.00000
CSV-199007,19880722,8.75000,9.00000,8.50000,8.62500,58400,8.62500
CSV-199007,19880725,8.62500,8.75000,8.50000,8.62500,31800,8.62500
CSV-199007,19880726,8.50000,8.62500,8.50000,8.62500,18000,8.62500
CSV-199007,19880727,8.75000,8.87500,8.50000,8.62500,43000,8.62500
CSV-199007,19880728,8.50000,8.75000,8.50000,8.75000,25700,8.75000
CSV-199007,19880729,9.00000,9.25000,8.75000,9.00000,109800,9.00000
CSV-199007,19880801,9.25000,9.37500,9.00000,9.25000,100400,9.25000
CSV-199007,19880802,9.37500,9.50000,9.25000,9.37500,80800,9.37500
CSV-199007,19880803,9.37500,9.50000,9.37500,9.50000,35800,9.50000
CSV-199007,19880804,9.62500,9.62500,9.37500,9.37500,81900,9.37500
CSV-199007,19880805,9.37500,9.37500,9.12500,9.12500,13900,9.12500
CSV-199007,19880808,9.00000,9.00000,8.87500,8.87500,18100,8.87500
CSV-199007,19880809,8.87500,8.87500,8.75000,8.75000,18300,8.75000
CSV-199007,19880810,8.87500,8.87500,8.62500,8.62500,12500,8.62500
CSV-199007,19880811,8.62500,8.87500,8.62500,8.87500,27000,8.87500
CSV-199007,19880812,8.87500,9.00000,8.87500,9.00000,4400,9.00000
CSV-199007,19880815,8.87500,9.00000,8.75000,8.87500,26500,8.87500
CSV-199007,19880816,8.75000,8.87500,8.62500,8.75000,23500,8.75000
CSV-199007,19880817,8.75000,8.75000,8.50000,8.50000,58700,8.50000
CSV-199007,19880818,8.62500,8.62500,8.37500,8.37500,24400,8.37500
CSV-199007,19880819,8.25000,8.37500,8.12500,8.25000,20500,8.25000
CSV-199007,19880822,8.12500,8.12500,8.00000,8.00000,50100,8.00000
CSV-199007,19880823,7.87500,7.87500,7.75000,7.75000,13700,7.75000
CSV-199007,19880824,7.87500,8.50000,7.87500,8.50000,37100,8.50000
CSV-199007,19880825,8.37500,8.37500,8.12500,8.12500,35000,8.12500
CSV-199007,19880826,8.12500,8.25000,8.12500,8.25000,4400,8.25000
CSV-199007,19880829,8.25000,8.25000,8.12500,8.12500,9200,8.12500
CSV-199007,19880830,8.00000,8.25000,8.00000,8.25000,6800,8.25000
CSV-199007,19880831,8.25000,8.25000,8.12500,8.12500,8300,8.12500
CSV-199007,19880901,8.00000,8.12500,8.00000,8.12500,27600,8.12500
CSV-199007,19880902,8.12500,8.25000,8.00000,8.12500,3200,8.12500
CSV-199007,19880906,8.50000,8.62500,8.25000,8.50000,17600,8.50000
CSV-199007,19880907,8.50000,8.62500,8.50000,8.62500,26200,8.62500
CSV-199007,19880908,8.50000,8.50000,8.37500,8.37500,23100,8.37500
CSV-199007,19880909,8.12500,8.37500,8.12500,8.37500,17400,8.37500
CSV-199007,19880912,8.50000,8.62500,8.25000,8.37500,22800,8.37500
CSV-199007,19880913,8.25000,8.50000,8.25000,8.50000,11000,8.50000
CSV-199007,19880914,8.75000,8.75000,8.50000,8.50000,12600,8.50000
CSV-199007,19880915,8.62500,8.62500,8.37500,8.37500,30500,8.37500
CSV-199007,19880916,8.50000,8.50000,8.37500,8.37500,6100,8.37500
CSV-199007,19880919,8.12500,8.37500,8.12500,8.37500,33900,8.37500
CSV-199007,19880920,8.37500,8.37500,8.25000,8.25000,19300,8.25000
CSV-199007,19880921,8.25000,8.50000,8.12500,8.37500,15900,8.37500
CSV-199007,19880922,8.25000,8.87500,8.25000,8.87500,40500,8.87500
CSV-199007,19880923,8.62500,8.75000,8.62500,8.75000,25100,8.75000
CSV-199007,19880926,8.62500,8.62500,8.50000,8.50000,11700,8.50000
CSV-199007,19880927,8.62500,8.75000,8.50000,8.62500,33000,8.62500
CSV-199007,19880928,8.62500,8.75000,8.50000,8.62500,9100,8.62500
CSV-199007,19880929,8.75000,8.87500,8.62500,8.75000,15700,8.75000
CSV-199007,19880930,8.62500,8.87500,8.62500,8.87500,28800,8.87500
CSV-199007,19881003,8.50000,8.62500,8.37500,8.50000,44300,8.50000
CSV-199007,19881004,8.50000,8.62500,8.37500,8.50000,14600,8.50000
CSV-199007,19881005,8.37500,8.37500,8.25000,8.25000,17000,8.25000
CSV-199007,19881006,8.37500,8.37500,8.25000,8.25000,8600,8.25000
CSV-199007,19881007,8.37500,8.37500,8.25000,8.25000,20300,8.25000
CSV-199007,19881010,8.50000,8.50000,8.25000,8.25000,1700,8.25000
CSV-199007,19881011,8.25000,8.25000,8.25000,8.25000,5200,8.25000
CSV-199007,19881012,8.00000,8.12500,8.00000,8.12500,17700,8.12500
CSV-199007,19881013,8.12500,8.25000,8.00000,8.12500,11300,8.12500
CSV-199007,19881014,8.00000,8.25000,8.00000,8.25000,120800,8.25000
CSV-199007,19881017,8.37500,8.37500,8.12500,8.12500,7400,8.12500
CSV-199007,19881018,8.25000,8.25000,8.00000,8.00000,14000,8.00000
CSV-199007,19881019,7.87500,8.12500,7.87500,8.12500,9800,8.12500
CSV-199007,19881020,8.12500,8.12500,8.00000,8.00000,4800,8.00000
CSV-199007,19881021,8.12500,8.25000,8.00000,8.12500,32200,8.12500
CSV-199007,19881024,8.25000,8.25000,8.00000,8.00000,20800,8.00000
CSV-199007,19881025,7.75000,8.00000,7.62500,7.75000,90500,7.75000
CSV-199007,19881026,7.62500,7.75000,7.62500,7.75000,238200,7.75000
CSV-199007,19881027,7.75000,7.87500,7.62500,7.75000,24100,7.75000
CSV-199007,19881028,7.87500,7.87500,7.75000,7.75000,13400,7.75000
CSV-199007,19881031,7.62500,7.75000,7.62500,7.75000,14800,7.75000
CSV-199007,19881101,7.87500,7.87500,7.75000,7.75000,24400,7.75000
CSV-199007,19881102,7.75000,7.87500,7.62500,7.75000,29100,7.75000
CSV-199007,19881103,7.62500,8.12500,7.62500,8.12500,20100,8.12500
CSV-199007,19881104,8.00000,8.00000,7.87500,7.87500,13300,7.87500
CSV-199007,19881107,7.87500,7.87500,7.50000,7.50000,47000,7.50000
CSV-199007,19881108,7.62500,7.62500,7.50000,7.50000,15000,7.50000
CSV-199007,19881109,7.62500,7.62500,7.50000,7.50000,11900,7.50000
CSV-199007,19881110,7.37500,7.50000,7.37500,7.50000,13300,7.50000
CSV-199007,19881111,7.50000,7.50000,7.25000,7.25000,13400,7.25000
CSV-199007,19881114,7.25000,7.37500,7.25000,7.37500,19200,7.37500
CSV-199007,19881115,7.37500,7.50000,7.25000,7.37500,20100,7.37500
CSV-199007,19881116,7.37500,7.37500,7.00000,7.00000,47600,7.00000
CSV-199007,19881117,7.00000,7.00000,6.62500,6.62500,61800,6.62500
CSV-199007,19881118,6.25000,6.87500,6.25000,6.87500,146200,6.87500
CSV-199007,19881121,6.75000,6.87500,6.62500,6.75000,44800,6.75000
CSV-199007,19881122,6.75000,6.87500,6.62500,6.75000,19300,6.75000
CSV-199007,19881123,6.62500,6.87500,6.62500,6.87500,12400,6.87500
CSV-199007,19881125,6.75000,6.87500,6.75000,6.87500,6100,6.87500
CSV-199007,19881128,6.87500,6.87500,6.75000,6.75000,9200,6.75000
CSV-199007,19881129,6.75000,6.75000,6.62500,6.62500,33600,6.62500
CSV-199007,19881130,6.62500,6.87500,6.62500,6.87500,32600,6.87500
CSV-199007,19881201,6.87500,6.87500,6.62500,6.62500,145900,6.62500
CSV-199007,19881202,6.75000,6.75000,6.62500,6.62500,14600,6.62500
CSV-199007,19881205,6.75000,6.75000,6.62500,6.62500,31200,6.62500
CSV-199007,19881206,6.62500,6.87500,6.62500,6.87500,24100,6.87500
CSV-199007,19881207,6.75000,6.75000,6.62500,6.62500,11200,6.62500
CSV-199007,19881208,6.75000,6.75000,6.62500,6.62500,15700,6.62500
CSV-199007,19881209,6.75000,6.75000,6.62500,6.62500,29600,6.62500
CSV-199007,19881212,6.62500,6.87500,6.62500,6.87500,54200,6.87500
CSV-199007,19881213,7.00000,7.00000,6.87500,6.87500,18300,6.87500
CSV-199007,19881214,6.75000,6.87500,6.75000,6.87500,38700,6.87500
CSV-199007,19881215,7.00000,7.12500,6.75000,7.00000,70500,7.00000
CSV-199007,19881216,7.12500,7.12500,6.75000,6.75000,23800,6.75000
CSV-199007,19881219,6.75000,6.87500,6.75000,6.87500,25500,6.87500
CSV-199007,19881220,6.75000,6.87500,6.62500,6.75000,21100,6.75000
CSV-199007,19881221,6.87500,6.87500,6.75000,6.75000,18700,6.75000
CSV-199007,19881222,6.87500,6.87500,6.62500,6.62500,26200,6.62500
CSV-199007,19881223,6.75000,6.87500,6.62500,6.75000,35000,6.75000
CSV-199007,19881227,6.75000,6.87500,6.62500,6.75000,72200,6.75000
CSV-199007,19881228,6.75000,7.00000,6.62500,6.87500,86800,6.87500
CSV-199007,19881229,7.12500,7.12500,6.75000,6.75000,133900,6.75000
CSV-199007,19881230,6.75000,7.12500,6.75000,7.12500,172300,7.12500
CSV-199007,19890103,7.12500,7.12500,7.00000,7.00000,73100,7.00000
CSV-199007,19890104,7.12500,7.25000,7.00000,7.12500,26600,7.12500
CSV-199007,19890105,7.12500,7.12500,7.12500,7.12500,29600,7.12500
CSV-199007,19890106,7.12500,7.25000,7.12500,7.25000,67800,7.25000
CSV-199007,19890109,7.12500,7.25000,7.12500,7.25000,18800,7.25000
CSV-199007,19890110,7.12500,7.25000,7.12500,7.25000,17200,7.25000
CSV-199007,19890111,7.25000,7.25000,7.12500,7.12500,40100,7.12500
CSV-199007,19890112,7.25000,7.25000,7.12500,7.12500,42200,7.12500
CSV-199007,19890113,7.12500,7.25000,7.12500,7.25000,16400,7.25000
CSV-199007,19890116,7.37500,7.37500,7.12500,7.12500,9000,7.12500
CSV-199007,19890117,7.12500,7.25000,7.12500,7.25000,20800,7.25000
CSV-199007,19890118,7.25000,7.25000,7.00000,7.00000,22400,7.00000
CSV-199007,19890119,7.12500,7.12500,7.00000,7.00000,15700,7.00000
CSV-199007,19890120,7.25000,7.25000,7.12500,7.12500,21900,7.12500
CSV-199007,19890123,7.25000,7.25000,7.12500,7.12500,8400,7.12500
CSV-199007,19890124,7.12500,7.50000,7.12500,7.50000,532700,7.50000
CSV-199007,19890125,7.62500,7.62500,7.50000,7.50000,56600,7.50000
CSV-199007,19890126,7.50000,7.75000,7.50000,7.75000,49900,7.75000
CSV-199007,19890127,7.87500,7.87500,7.37500,7.37500,68400,7.37500
CSV-199007,19890130,7.50000,7.50000,7.25000,7.25000,46900,7.25000
CSV-199007,19890131,7.37500,7.37500,7.12500,7.12500,14900,7.12500
CSV-199007,19890201,7.25000,7.25000,7.12500,7.12500,44600,7.12500
CSV-199007,19890202,7.25000,7.25000,7.12500,7.12500,36600,7.12500
CSV-199007,19890203,7.25000,7.25000,7.12500,7.12500,37700,7.12500
CSV-199007,19890206,7.25000,7.25000,7.12500,7.12500,38300,7.12500
CSV-199007,19890207,7.12500,7.25000,7.12500,7.25000,41500,7.25000
CSV-199007,19890208,7.37500,7.37500,7.12500,7.12500,29700,7.12500
CSV-199007,19890209,7.25000,7.37500,7.12500,7.25000,24500,7.25000
CSV-199007,19890210,7.37500,7.37500,7.12500,7.12500,14900,7.12500
CSV-199007,19890213,7.12500,7.12500,7.00000,7.00000,14600,7.00000
CSV-199007,19890214,7.00000,7.12500,7.00000,7.12500,19100,7.12500
CSV-199007,19890215,7.25000,7.37500,7.00000,7.25000,13700,7.25000
CSV-199007,19890216,7.37500,7.37500,7.25000,7.25000,49500,7.25000
CSV-199007,19890217,7.12500,7.25000,7.12500,7.25000,34800,7.25000
CSV-199007,19890221,7.37500,7.37500,7.12500,7.12500,26200,7.12500
CSV-199007,19890222,7.25000,7.25000,7.12500,7.12500,6700,7.12500
CSV-199007,19890223,7.12500,7.25000,7.12500,7.25000,83700,7.25000
CSV-199007,19890224,7.25000,7.25000,7.12500,7.12500,12200,7.12500
CSV-199007,19890227,7.12500,7.12500,7.12500,7.12500,10900,7.12500
CSV-199007,19890228,7.50000,7.62500,7.25000,7.50000,129900,7.50000
CSV-199007,19890301,7.62500,7.62500,7.37500,7.37500,24300,7.37500
CSV-199007,19890302,7.50000,7.50000,7.37500,7.37500,6900,7.37500
CSV-199007,19890303,7.37500,7.37500,7.25000,7.25000,10900,7.25000
CSV-199007,19890306,7.37500,7.37500,7.25000,7.25000,45000,7.25000
CSV-199007,19890307,7.37500,7.37500,7.25000,7.25000,33200,7.25000
CSV-199007,19890308,7.37500,7.37500,7.25000,7.25000,34000,7.25000
CSV-199007,19890309,7.25000,7.37500,7.25000,7.37500,6500,7.37500
CSV-199007,19890310,7.25000,7.50000,7.25000,7.50000,70300,7.50000
CSV-199007,19890313,7.50000,7.62500,7.50000,7.62500,39100,7.62500
CSV-199007,19890314,7.62500,7.87500,7.62500,7.87500,63100,7.87500
CSV-199007,19890315,7.87500,8.12500,7.87500,8.12500,114500,8.12500
CSV-199007,19890316,8.12500,8.25000,8.12500,8.25000,77200,8.25000
CSV-199007,19890317,7.75000,8.00000,7.62500,7.75000,73400,7.75000
CSV-199007,19890320,7.75000,8.00000,7.62500,7.87500,54100,7.87500
CSV-199007,19890321,7.87500,8.00000,7.87500,8.00000,54200,8.00000
CSV-199007,19890322,8.12500,8.12500,8.00000,8.00000,30900,8.00000
CSV-199007,19890323,8.00000,8.12500,8.00000,8.12500,26800,8.12500
CSV-199007,19890327,8.12500,8.12500,7.87500,7.87500,25300,7.87500
CSV-199007,19890328,8.00000,8.00000,7.87500,7.87500,21600,7.87500
CSV-199007,19890329,8.00000,8.00000,7.75000,7.75000,21000,7.75000
CSV-199007,19890330,7.75000,7.75000,7.62500,7.62500,6700,7.62500
CSV-199007,19890331,7.50000,7.87500,7.50000,7.87500,29500,7.87500
CSV-199007,19890403,7.37500,7.62500,7.37500,7.62500,125100,7.62500
CSV-199007,19890404,7.50000,7.50000,7.37500,7.37500,37200,7.37500
CSV-199007,19890405,7.37500,7.50000,7.25000,7.37500,29700,7.37500
CSV-199007,19890406,7.37500,7.50000,7.25000,7.37500,85100,7.37500
CSV-199007,19890407,7.50000,7.50000,7.25000,7.25000,25600,7.25000
CSV-199007,19890410,7.25000,7.50000,7.25000,7.50000,60800,7.50000
CSV-199007,19890411,7.75000,8.00000,7.50000,7.87500,87000,7.87500
CSV-199007,19890412,7.87500,8.00000,7.75000,7.87500,47600,7.87500
CSV-199007,19890413,7.87500,7.87500,7.75000,7.75000,18600,7.75000
CSV-199007,19890414,7.87500,8.37500,7.87500,8.37500,231300,8.37500
CSV-199007,19890417,8.12500,8.25000,8.00000,8.12500,22600,8.12500
CSV-199007,19890418,8.12500,8.12500,8.00000,8.00000,175200,8.00000
CSV-199007,19890419,8.00000,8.12500,8.00000,8.12500,28600,8.12500
CSV-199007,19890420,8.00000,8.12500,8.00000,8.12500,34300,8.12500
CSV-199007,19890421,8.12500,8.12500,7.87500,7.87500,24800,7.87500
CSV-199007,19890424,8.12500,8.12500,8.00000,8.00000,40400,8.00000
CSV-199007,19890425,8.12500,8.25000,8.00000,8.12500,48600,8.12500
CSV-199007,19890426,8.12500,8.12500,7.87500,7.87500,29500,7.87500
CSV-199007,19890427,7.87500,8.12500,7.87500,8.12500,39400,8.12500
CSV-199007,19890428,8.25000,8.62500,8.00000,8.37500,195900,8.37500
CSV-199007,19890501,8.37500,8.37500,8.12500,8.12500,15800,8.12500
CSV-199007,19890502,8.75000,8.75000,8.37500,8.37500,55000,8.37500
CSV-199007,19890503,8.50000,8.50000,8.25000,8.25000,22200,8.25000
CSV-199007,19890504,8.25000,8.25000,8.12500,8.12500,7200,8.12500
CSV-199007,19890505,8.37500,8.37500,8.12500,8.12500,40400,8.12500
CSV-199007,19890508,7.87500,8.12500,7.87500,8.12500,21300,8.12500
CSV-199007,19890509,8.25000,8.37500,8.12500,8.25000,16900,8.25000
CSV-199007,19890510,8.25000,8.37500,8.12500,8.25000,12700,8.25000
CSV-199007,19890511,8.37500,8.50000,8.25000,8.37500,76200,8.37500
CSV-199007,19890512,8.75000,9.00000,8.62500,8.87500,221100,8.87500
CSV-199007,19890515,8.87500,9.00000,8.75000,8.87500,40300,8.87500
CSV-199007,19890516,8.87500,9.25000,8.87500,9.25000,141100,9.25000
CSV-199007,19890517,9.50000,9.62500,9.25000,9.50000,181300,9.50000
CSV-199007,19890518,10.50000,11.37500,9.50000,10.62500,602200,10.62500
CSV-199007,19890519,10.87500,10.87500,10.00000,10.00000,209400,10.00000
CSV-199007,19890522,10.25000,10.37500,10.00000,10.25000,164200,10.25000
CSV-199007,19890523,10.62500,11.12500,10.12500,10.87500,212900,10.87500
CSV-199007,19890524,11.25000,11.75000,10.87500,11.62500,810600,11.62500
CSV-199007,19890525,11.37500,11.62500,11.12500,11.25000,538400,11.25000
CSV-199007,19890526,11.12500,11.37500,10.87500,11.00000,275800,11.00000
CSV-199007,19890530,11.00000,11.12500,10.87500,11.00000,32000,11.00000
CSV-199007,19890531,11.25000,11.62500,11.00000,11.25000,279100,11.25000
CSV-199007,19890601,11.00000,11.00000,10.25000,10.25000,213700,10.25000
CSV-199007,19890602,10.50000,10.87500,10.25000,10.62500,182500,10.62500
CSV-199007,19890605,10.75000,10.87500,10.50000,10.75000,124100,10.75000
CSV-199007,19890606,10.75000,10.87500,10.62500,10.75000,42000,10.75000
CSV-199007,19890607,11.00000,11.37500,10.75000,11.12500,106600,11.12500
CSV-199007,19890608,11.25000,11.50000,11.12500,11.37500,72100,11.37500
CSV-199007,19890609,11.25000,11.37500,11.12500,11.25000,40600,11.25000
CSV-199007,19890612,10.87500,11.00000,10.75000,10.87500,47800,10.87500
CSV-199007,19890613,10.75000,11.12500,10.75000,11.12500,64400,11.12500
CSV-199007,19890614,11.00000,11.25000,11.00000,11.25000,61500,11.25000
CSV-199007,19890615,11.25000,11.25000,11.12500,11.12500,144700,11.12500
CSV-199007,19890616,11.12500,11.25000,11.12500,11.25000,13600,11.25000
CSV-199007,19890619,11.25000,11.37500,11.00000,11.12500,119800,11.12500
CSV-199007,19890620,11.62500,11.62500,11.00000,11.00000,158800,11.00000
CSV-199007,19890621,11.12500,11.12500,10.50000,10.50000,93400,10.50000
CSV-199007,19890622,10.25000,10.75000,9.87500,10.00000,129900,10.00000
CSV-199007,19890623,10.25000,10.37500,10.12500,10.25000,83600,10.25000
CSV-199007,19890626,10.25000,10.37500,10.00000,10.12500,54200,10.12500
CSV-199007,19890627,10.12500,10.25000,10.00000,10.12500,79500,10.12500
CSV-199007,19890628,10.00000,10.25000,10.00000,10.25000,73800,10.25000
CSV-199007,19890629,10.00000,10.25000,9.75000,10.00000,53700,10.00000
CSV-199007,19890630,9.50000,10.00000,9.50000,10.00000,61600,10.00000
CSV-199007,19890703,9.50000,9.87500,9.50000,9.87500,26500,9.87500
CSV-199007,19890705,9.62500,9.87500,9.62500,9.87500,16000,9.87500
CSV-199007,19890706,9.75000,10.12500,9.75000,10.12500,70600,10.12500
CSV-199007,19890707,10.12500,10.62500,10.12500,10.62500,122200,10.62500
CSV-199007,19890710,10.37500,10.50000,10.37500,10.50000,18800,10.50000
CSV-199007,19890711,10.25000,10.50000,10.12500,10.25000,23000,10.25000
CSV-199007,19890712,10.25000,10.37500,10.00000,10.25000,31700,10.25000
CSV-199007,19890713,10.25000,10.37500,10.00000,10.12500,43800,10.12500
CSV-199007,19890714,10.12500,10.25000,10.00000,10.12500,28700,10.12500
CSV-199007,19890717,10.00000,10.12500,9.87500,10.00000,66600,10.00000
CSV-199007,19890718,9.75000,10.00000,9.62500,9.75000,47100,9.75000
CSV-199007,19890719,9.75000,10.00000,9.62500,9.87500,133200,9.87500
CSV-199007,19890720,9.75000,10.00000,9.75000,10.00000,26300,10.00000
CSV-199007,19890721,9.87500,10.00000,9.75000,9.87500,30900,9.87500
CSV-199007,19890724,10.00000,10.00000,9.87500,9.87500,46300,9.87500
CSV-199007,19890725,10.00000,10.00000,9.87500,9.87500,31900,9.87500
CSV-199007,19890726,9.75000,10.12500,9.75000,10.12500,159800,10.12500
CSV-199007,19890727,10.25000,10.25000,9.87500,9.87500,76500,9.87500
CSV-199007,19890728,10.00000,10.00000,9.75000,9.75000,10100,9.75000
CSV-199007,19890731,9.62500,9.87500,9.62500,9.87500,63000,9.87500
CSV-199007,19890801,9.75000,9.75000,9.50000,9.50000,29200,9.50000
CSV-199007,19890802,9.75000,9.75000,9.50000,9.50000,11100,9.50000
CSV-199007,19890803,9.50000,9.75000,9.37500,9.62500,47800,9.62500
CSV-199007,19890804,9.62500,10.00000,9.62500,10.00000,104600,10.00000
CSV-199007,19890807,10.00000,10.12500,9.87500,10.00000,36900,10.00000
CSV-199007,19890808,10.00000,10.00000,9.62500,9.62500,33200,9.62500
CSV-199007,19890809,10.00000,10.00000,9.62500,9.62500,80300,9.62500
CSV-199007,19890810,10.12500,10.50000,9.75000,10.00000,353800,10.00000
CSV-199007,19890811,10.12500,10.12500,9.87500,9.87500,26600,9.87500
CSV-199007,19890814,10.00000,10.00000,9.50000,9.50000,42900,9.50000
CSV-199007,19890815,9.50000,9.50000,9.37500,9.37500,44000,9.37500
CSV-199007,19890816,9.62500,9.87500,9.37500,9.75000,55000,9.75000
CSV-199007,19890817,9.62500,9.87500,9.62500,9.87500,28600,9.87500
CSV-199007,19890818,9.25000,9.75000,9.25000,9.75000,134600,9.75000
CSV-199007,19890821,9.87500,9.87500,9.62500,9.62500,33000,9.62500
CSV-199007,19890822,9.62500,9.75000,9.62500,9.75000,94000,9.75000
CSV-199007,19890823,9.75000,9.87500,9.62500,9.75000,53700,9.75000
CSV-199007,19890824,9.87500,9.87500,9.75000,9.75000,12700,9.75000
CSV-199007,19890825,10.12500,10.12500,9.87500,9.87500,89700,9.87500
CSV-199007,19890828,9.87500,10.00000,9.75000,9.87500,59500,9.87500
CSV-199007,19890829,9.75000,10.00000,9.75000,10.00000,58900,10.00000
CSV-199007,19890830,10.00000,10.00000,9.87500,9.87500,21500,9.87500
CSV-199007,19890831,9.87500,10.00000,9.75000,9.87500,59800,9.87500
CSV-199007,19890901,9.87500,9.87500,9.75000,9.75000,40600,9.75000
CSV-199007,19890905,10.00000,10.00000,9.75000,9.75000,33900,9.75000
CSV-199007,19890906,9.50000,9.75000,9.37500,9.50000,95400,9.50000
CSV-199007,19890907,9.62500,9.75000,9.62500,9.75000,108200,9.75000
CSV-199007,19890908,9.62500,9.75000,9.62500,9.75000,74800,9.75000
CSV-199007,19890911,9.50000,9.75000,9.50000,9.75000,37800,9.75000
CSV-199007,19890912,9.37500,9.62500,9.12500,9.25000,83700,9.25000
CSV-199007,19890913,9.25000,9.50000,9.12500,9.37500,137000,9.37500
CSV-199007,19890914,9.00000,9.25000,8.62500,8.75000,65000,8.75000
CSV-199007,19890915,8.37500,8.62500,8.12500,8.50000,61800,8.50000
CSV-199007,19890918,8.37500,8.37500,8.12500,8.12500,14000,8.12500
CSV-199007,19890919,8.00000,8.12500,7.87500,8.00000,122200,8.00000
CSV-199007,19890920,8.25000,8.25000,8.00000,8.00000,62800,8.00000
CSV-199007,19890921,8.25000,8.25000,8.12500,8.12500,30100,8.12500
CSV-199007,19890922,8.25000,8.25000,8.00000,8.00000,22800,8.00000
CSV-199007,19890925,8.00000,8.00000,7.75000,7.75000,16500,7.75000
CSV-199007,19890926,7.75000,7.87500,7.50000,7.62500,61400,7.62500
CSV-199007,19890927,7.50000,7.62500,7.25000,7.50000,39500,7.50000
CSV-199007,19890928,7.37500,7.75000,7.37500,7.75000,74600,7.75000
CSV-199007,19890929,8.12500,8.50000,7.75000,8.37500,87300,8.37500
CSV-199007,19891002,8.37500,8.37500,8.12500,8.12500,24100,8.12500
CSV-199007,19891003,8.12500,8.12500,7.87500,7.87500,25300,7.87500
CSV-199007,19891004,8.00000,8.00000,7.75000,7.75000,27000,7.75000
CSV-199007,19891005,7.87500,8.00000,7.87500,8.00000,9900,8.00000
CSV-199007,19891006,7.87500,8.00000,7.87500,8.00000,13600,8.00000
CSV-199007,19891009,7.87500,8.00000,7.87500,8.00000,12000,8.00000
CSV-199007,19891010,8.00000,8.00000,7.75000,7.75000,15000,7.75000
CSV-199007,19891011,7.87500,7.87500,7.75000,7.75000,26800,7.75000
CSV-199007,19891012,7.62500,7.62500,7.37500,7.37500,66900,7.37500
CSV-199007,19891013,7.62500,7.62500,7.12500,7.12500,47300,7.12500
CSV-199007,19891016,6.25000,6.50000,6.00000,6.37500,311200,6.37500
CSV-199007,19891017,6.25000,6.37500,6.12500,6.25000,45900,6.25000
CSV-199007,19891018,6.12500,6.25000,6.00000,6.12500,98900,6.12500
CSV-199007,19891019,6.25000,6.37500,6.00000,6.25000,118100,6.25000
CSV-199007,19891020,6.12500,6.25000,6.00000,6.12500,29800,6.12500
CSV-199007,19891023,5.75000,6.00000,5.50000,5.62500,138600,5.62500
CSV-199007,19891024,5.50000,5.75000,5.37500,5.50000,199700,5.50000
CSV-199007,19891025,5.25000,5.50000,4.87500,5.12500,111300,5.12500
CSV-199007,19891026,4.75000,5.00000,4.37500,4.62500,455000,4.62500
CSV-199007,19891027,4.75000,4.75000,4.25000,4.25000,386900,4.25000
CSV-199007,19891030,4.12500,4.37500,4.12500,4.37500,305000,4.37500
CSV-199007,19891031,4.37500,4.87500,4.37500,4.87500,159300,4.87500
CSV-199007,19891101,5.12500,5.37500,4.87500,5.25000,192200,5.25000
CSV-199007,19891102,5.75000,5.75000,5.12500,5.12500,135600,5.12500
CSV-199007,19891103,5.00000,5.12500,5.00000,5.12500,61800,5.12500
CSV-199007,19891106,4.75000,4.87500,4.62500,4.75000,65400,4.75000
CSV-199007,19891107,4.75000,4.87500,4.50000,4.62500,61200,4.62500
CSV-199007,19891108,4.62500,4.75000,4.50000,4.62500,51300,4.62500
CSV-199007,19891109,4.62500,4.62500,4.50000,4.50000,61400,4.50000
CSV-199007,19891110,4.50000,4.62500,4.25000,4.50000,75300,4.50000
CSV-199007,19891113,4.00000,4.37500,3.75000,3.87500,203800,3.87500
CSV-199007,19891114,4.12500,4.37500,3.87500,4.12500,171700,4.12500
CSV-199007,19891115,4.25000,4.25000,3.75000,3.75000,128300,3.75000
CSV-199007,19891116,3.75000,4.00000,3.75000,4.00000,104100,4.00000
CSV-199007,19891117,4.25000,4.25000,3.75000,3.75000,87000,3.75000
CSV-199007,19891120,3.75000,4.00000,3.75000,4.00000,66000,4.00000
CSV-199007,19891121,3.87500,4.00000,3.87500,4.00000,17200,4.00000
CSV-199007,19891122,3.87500,4.12500,3.87500,4.12500,55000,4.12500
CSV-199007,19891124,4.00000,4.12500,4.00000,4.12500,63500,4.12500
CSV-199007,19891127,4.12500,4.25000,4.00000,4.12500,40300,4.12500
CSV-199007,19891128,4.00000,4.00000,3.87500,3.87500,67400,3.87500
CSV-199007,19891129,3.75000,4.00000,3.75000,4.00000,44400,4.00000
CSV-199007,19891130,3.87500,4.00000,3.87500,4.00000,37200,4.00000
CSV-199007,19891201,3.87500,4.00000,3.87500,4.00000,48300,4.00000
CSV-199007,19891204,4.00000,4.00000,3.50000,3.50000,107400,3.50000
CSV-199007,19891205,3.25000,3.50000,2.87500,3.37500,160500,3.37500
CSV-199007,19891206,3.12500,3.25000,3.00000,3.12500,128700,3.12500
CSV-199007,19891207,3.00000,3.12500,2.87500,3.00000,151900,3.00000
CSV-199007,19891208,2.87500,3.12500,2.87500,3.12500,162300,3.12500
CSV-199007,19891211,2.75000,3.00000,2.62500,2.75000,265200,2.75000
CSV-199007,19891212,2.75000,2.87500,2.62500,2.75000,310000,2.75000
CSV-199007,19891213,2.50000,2.75000,2.37500,2.62500,228200,2.62500
CSV-199007,19891214,2.37500,2.50000,2.25000,2.37500,220300,2.37500
CSV-199007,19891215,1.87500,2.25000,1.50000,1.87500,527600,1.87500
CSV-199007,19891218,1.87500,2.25000,1.87500,2.25000,274600,2.25000
CSV-199007,19891219,2.25000,2.25000,2.12500,2.12500,111900,2.12500
CSV-199007,19891220,2.12500,2.25000,2.12500,2.25000,379700,2.25000
CSV-199007,19891221,2.12500,2.25000,2.00000,2.12500,143900,2.12500
CSV-199007,19891222,2.12500,2.25000,2.00000,2.12500,772400,2.12500
CSV-199007,19891226,2.37500,2.50000,2.25000,2.37500,91000,2.37500
CSV-199007,19891227,2.25000,3.00000,2.25000,3.00000,834300,3.00000
CSV-199007,19891228,3.12500,3.12500,2.62500,2.62500,189800,2.62500
CSV-199007,19891229,2.50000,2.75000,2.50000,2.75000,237200,2.75000
CSV-199007,19900102,2.62500,3.00000,2.62500,3.00000,74300,3.00000
CSV-199007,19900103,3.00000,3.12500,2.87500,3.00000,107700,3.00000
CSV-199007,19900104,3.00000,3.00000,2.87500,2.87500,79000,2.87500
CSV-199007,19900105,2.87500,3.00000,2.75000,2.87500,33000,2.87500
CSV-199007,19900108,3.00000,3.00000,2.75000,2.75000,20500,2.75000
CSV-199007,19900109,2.75000,2.87500,2.75000,2.87500,98500,2.87500
CSV-199007,19900110,2.62500,2.75000,2.62500,2.75000,120300,2.75000
CSV-199007,19900111,2.75000,2.75000,2.62500,2.62500,67500,2.62500
CSV-199007,19900112,2.50000,2.62500,2.50000,2.62500,35300,2.62500
CSV-199007,19900115,2.50000,2.62500,2.50000,2.62500,3700,2.62500
CSV-199007,19900116,2.62500,2.62500,2.50000,2.50000,18500,2.50000
CSV-199007,19900117,2.62500,2.62500,2.37500,2.37500,111900,2.37500
CSV-199007,19900118,2.50000,2.50000,2.37500,2.37500,8700,2.37500
CSV-199007,19900119,2.37500,2.50000,2.37500,2.50000,22900,2.50000
CSV-199007,19900122,2.37500,2.37500,2.25000,2.25000,22500,2.25000
CSV-199007,19900123,2.25000,2.37500,2.12500,2.25000,62600,2.25000
CSV-199007,19900124,2.00000,2.12500,2.00000,2.12500,39800,2.12500
CSV-199007,19900125,2.25000,2.25000,2.12500,2.12500,25700,2.12500
CSV-199007,19900126,2.00000,2.12500,2.00000,2.12500,70100,2.12500
CSV-199007,19900129,2.00000,2.00000,1.75000,1.75000,174800,1.75000
CSV-199007,19900130,1.50000,1.75000,1.50000,1.75000,257200,1.75000
CSV-199007,19900131,1.75000,1.87500,1.62500,1.75000,103300,1.75000
CSV-199007,19900201,1.62500,1.75000,1.50000,1.62500,74100,1.62500
CSV-199007,19900202,1.56250,1.75000,1.37500,1.50000,219300,1.50000
CSV-199007,19900205,1.50000,1.62500,1.50000,1.62500,49700,1.62500
CSV-199007,19900206,1.50000,1.62500,1.50000,1.62500,36500,1.62500
CSV-199007,19900207,1.68750,1.87500,1.50000,1.75000,85000,1.75000
CSV-199007,19900208,1.75000,1.87500,1.62500,1.75000,88400,1.75000
CSV-199007,19900209,1.75000,1.75000,1.62500,1.62500,42900,1.62500
CSV-199007,19900212,1.50000,1.62500,1.37500,1.50000,113400,1.50000
CSV-199007,19900213,1.37500,1.50000,1.25000,1.37500,119000,1.37500
CSV-199007,19900214,1.25000,1.37500,1.12500,1.25000,194700,1.25000
CSV-199007,19900215,1.25000,1.37500,1.12500,1.25000,133100,1.25000
CSV-199007,19900216,1.25000,1.37500,1.25000,1.37500,61100,1.37500
CSV-199007,19900220,1.25000,1.25000,1.00000,1.00000,179500,1.00000
CSV-199007,19900221,1.00000,1.12500,0.87500,1.00000,125900,1.00000
CSV-199007,19900222,1.12500,1.12500,1.00000,1.00000,136300,1.00000
CSV-199007,19900223,1.12500,1.12500,1.00000,1.00000,62400,1.00000
CSV-199007,19900226,1.00000,1.00000,0.75000,0.75000,258000,0.75000
CSV-199007,19900227,0.62500,0.75000,0.62500,0.75000,237200,0.75000
CSV-199007,19900228,0.75000,0.75000,0.68750,0.68750,62200,0.68750
CSV-199007,19900301,0.75000,0.75000,0.68750,0.68750,87200,0.68750
CSV-199007,19900302,0.68750,0.75000,0.68750,0.75000,99100,0.75000
CSV-199007,19900305,0.81250,1.12500,0.81250,1.12500,136800,1.12500
CSV-199007,19900306,1.00000,1.12500,1.00000,1.12500,58200,1.12500
CSV-199007,19900307,1.12500,1.12500,1.12500,1.12500,36500,1.12500
CSV-199007,19900308,1.00000,1.12500,1.00000,1.12500,82800,1.12500
CSV-199007,19900309,1.00000,1.12500,0.87500,0.93750,137700,0.93750
CSV-199007,19900312,0.87500,0.93750,0.87500,0.93750,48200,0.93750
CSV-199007,19900313,0.93750,1.00000,0.93750,1.00000,169600,1.00000
CSV-199007,19900314,0.87500,1.12500,0.87500,1.12500,278200,1.12500
CSV-199007,19900315,1.00000,1.50000,1.00000,1.50000,285100,1.50000
CSV-199007,19900316,1.37500,1.62500,1.37500,1.62500,404100,1.62500
CSV-199007,19900319,1.50000,1.62500,1.50000,1.62500,139700,1.62500
CSV-199007,19900320,1.62500,1.62500,1.37500,1.37500,87700,1.37500
CSV-199007,19900321,1.25000,1.37500,1.12500,1.25000,66500,1.25000
CSV-199007,19900322,0.93750,1.25000,0.93750,1.25000,231700,1.25000
CSV-199007,19900323,1.25000,1.37500,1.25000,1.37500,59400,1.37500
CSV-199007,19900326,1.25000,1.37500,1.25000,1.37500,31500,1.37500
CSV-199007,19900327,1.37500,1.37500,1.25000,1.25000,21400,1.25000
CSV-199007,19900328,1.00000,1.25000,1.00000,1.25000,145600,1.25000
CSV-199007,19900329,1.12500,1.25000,1.12500,1.25000,10100,1.25000
CSV-199007,19900330,1.25000,1.25000,1.12500,1.12500,48800,1.12500
CSV-199007,19900402,0.56250,1.00000,0.12500,0.40626,909800,0.40626
CSV-199007,19900403,0.43750,0.43750,0.31250,0.31250,442800,0.31250
CSV-199007,19900404,0.31250,0.37500,0.25000,0.34376,288100,0.34376
CSV-199007,19900405,0.50000,0.62500,0.34376,0.50000,153600,0.50000
CSV-199007,19900406,0.71876,0.93750,0.50000,0.81250,147500,0.81250
CSV-199007,19900409,0.75000,0.93750,0.56250,0.62500,120500,0.62500
CSV-199007,19900410,0.59376,0.68750,0.50000,0.62500,69300,0.62500
CSV-199007,19900411,0.62500,0.75000,0.53126,0.56250,132600,0.56250
CSV-199007,19900412,0.56250,0.62500,0.56250,0.62500,58400,0.62500
CSV-199007,19900416,0.56250,0.62500,0.56250,0.62500,24900,0.62500
CSV-199007,19900417,0.53126,0.62500,0.53126,0.62500,22100,0.62500
CSV-199007,19900418,0.50000,0.62500,0.50000,0.62500,111800,0.62500
CSV-199007,19900419,0.56250,0.68750,0.56250,0.68750,44400,0.68750
CSV-199007,19900420,0.62500,0.68750,0.59376,0.62500,88700,0.62500
CSV-199007,19900423,0.62500,0.68750,0.56250,0.62500,50500,0.62500
CSV-199007,19900424,0.68750,0.68750,0.62500,0.62500,30200,0.62500
CSV-199007,19900425,0.62500,0.62500,0.56250,0.56250,30900,0.56250
CSV-199007,19900426,0.56250,0.62500,0.50000,0.56250,82000,0.56250
CSV-199007,19900427,0.43750,0.50000,0.43750,0.50000,133000,0.50000
CSV-199007,19900430,0.43750,0.50000,0.40626,0.43750,92100,0.43750
CSV-199007,19900501,0.43750,0.50000,0.40626,0.43750,63100,0.43750
CSV-199007,19900502,0.46876,0.56250,0.37500,0.50000,96000,0.50000
CSV-199007,19900503,0.50000,0.56250,0.43750,0.46876,20300,0.46876
CSV-199007,19900504,0.50000,0.53126,0.43750,0.50000,30600,0.50000
CSV-199007,19900507,0.50000,0.53126,0.46876,0.50000,57400,0.50000
CSV-199007,19900508,0.50000,0.53126,0.43750,0.50000,39800,0.50000
CSV-199007,19900509,0.50000,0.50000,0.50000,0.50000,54300,0.50000
CSV-199007,19900510,0.43750,0.50000,0.43750,0.50000,33100,0.50000
CSV-199007,19900511,0.53126,0.53126,0.43750,0.43750,48300,0.43750
CSV-199007,19900514,0.50000,0.50000,0.37500,0.37500,134800,0.37500
CSV-199007,19900515,0.31250,0.46876,0.31250,0.46876,43100,0.46876
CSV-199007,19900516,0.40626,0.43750,0.40626,0.43750,17900,0.43750
CSV-199007,19900517,0.46876,0.53126,0.40626,0.46876,67600,0.46876
CSV-199007,19900518,0.50000,0.50000,0.43750,0.43750,110500,0.43750
CSV-199007,19900521,0.37500,0.43750,0.31250,0.40626,58300,0.40626
CSV-199007,19900522,0.37500,0.43750,0.31250,0.37500,48600,0.37500
CSV-199007,19900523,0.37500,0.37500,0.25000,0.25000,229300,0.25000
CSV-199007,19900524,0.37500,0.37500,0.25000,0.25000,203100,0.25000
CSV-199007,19900525,0.31250,0.31250,0.25000,0.25000,126500,0.25000
CSV-199007,19900529,0.37500,0.50000,0.25000,0.46876,104200,0.46876
CSV-199007,19900530,0.43750,0.46876,0.37500,0.43750,11400,0.43750
CSV-199007,19900531,0.43750,0.46876,0.40626,0.43750,43100,0.43750
CSV-199007,19900601,0.43750,0.43750,0.37500,0.37500,39400,0.37500
CSV-199007,19900604,0.40626,0.50000,0.40626,0.50000,45100,0.50000
CSV-199007,19900605,0.46876,0.50000,0.46876,0.50000,54900,0.50000
CSV-199007,19900606,0.53126,0.68750,0.37500,0.46876,39000,0.46876
CSV-199007,19900607,0.31250,0.50000,0.31250,0.50000,43800,0.50000
CSV-199007,19900608,0.50000,0.50000,0.43750,0.43750,28600,0.43750
CSV-199007,19900611,0.37500,0.46876,0.37500,0.46876,39900,0.46876
CSV-199007,19900612,0.50000,0.50000,0.37500,0.37500,45400,0.37500
CSV-199007,19900613,0.43750,0.46876,0.37500,0.43750,12600,0.43750
CSV-199007,19900614,0.43750,0.43750,0.37500,0.37500,44900,0.37500
CSV-199007,19900615,0.93750,0.93750,0.46876,0.46876,24500,0.46876
CSV-199007,19900618,0.37500,0.46876,0.37500,0.46876,51200,0.46876
CSV-199007,19900619,0.40626,0.43750,0.40626,0.43750,12300,0.43750
CSV-199007,19900620,0.43750,0.43750,0.25000,0.25000,140800,0.25000
CSV-199007,19900621,0.31250,0.34376,0.25000,0.31250,37700,0.31250
CSV-199007,19900622,0.37500,0.37500,0.31250,0.31250,50100,0.31250
CSV-199007,19900625,0.34376,0.34376,0.31250,0.31250,9300,0.31250
CSV-199007,19900626,0.34376,0.37500,0.34376,0.37500,31000,0.37500
CSV-199007,19900627,0.40626,0.43750,0.37500,0.40626,27300,0.40626
CSV-199007,19900628,0.43750,0.43750,0.40626,0.40626,13700,0.40626
CSV-199007,19900629,0.43750,0.43750,0.40626,0.40626,74100,0.40626
CSV-199007,19900702,0.40626,0.43750,0.40626,0.43750,21100,0.43750
CSV-199007,19900703,0.37500,0.43750,0.37500,0.43750,27600,0.43750
